x y
-0.49170076847076416 0.019321827217936516
-0.35031211376190186 -0.36977633833885193
0.5748359560966492 -0.02884283848106861
-0.007989509962499142 -0.5264338254928589
0.34224966168403625 -0.31912893056869507
-0.033712178468704224 -0.5249447822570801
-0.02834685891866684 0.5105285048484802
-0.35938316583633423 -0.35998764634132385
0.39021191000938416 -0.3643766939640045
0.46401673555374146 -0.03393948823213577
0.3622255027294159 0.3725602924823761
0.0032307906076312065 0.48010408878326416
0.4932273328304291 -0.028641020879149437
0.33784952759742737 -0.3349419832229614
-0.542863130569458 0.05097655951976776
-0.01753663644194603 0.5082507133483887
-0.0006759446114301682 -0.5117312073707581
0.009748243726789951 -0.5021735429763794
-0.550428032875061 -0.010991128161549568
-0.34841760993003845 0.35179364681243896
-0.46640118956565857 -0.03403749689459801
0.47186946868896484 -0.058018364012241364
-0.47797080874443054 0.03800906613469124
0.5189709663391113 0.03620493412017822
-0.35413703322410583 0.3768022954463959
-0.515527606010437 0.0038220551796257496
-0.3662428557872772 -0.36738166213035583
-0.015791866928339005 -0.4909958839416504
0.3362230658531189 0.35452306270599365
-0.32620126008987427 -0.33605334162712097
0.3024337589740753 -0.3382733166217804
-0.48286202549934387 0.024409789592027664
-0.48189133405685425 -0.027953431010246277
0.02301790565252304 -0.5364288687705994
0.31114324927330017 0.36122995615005493
-0.47712138295173645 -0.05681288614869118
0.45886680483818054 0.017217565327882767
-0.37207290530204773 0.29746949672698975
0.009061560966074467 0.48286235332489014
0.020680731162428856 0.495365172624588
-0.5562310218811035 -0.05645469203591347
0.5252543687820435 0.026429293677210808
-0.025506356731057167 0.5288770198822021
0.5076820254325867 -0.05876406654715538
0.30979645252227783 0.38914141058921814
0.3150371313095093 0.3715830147266388
-0.0008980449638329446 -0.4664621353149414
-0.4544264078140259 -0.006594977341592312
0.027925727888941765 0.4649319052696228
-0.5217973589897156 0.007154394872486591
-0.3450794816017151 0.3816777467727661
0.496660053730011 0.031930193305015564
0.02630094811320305 -0.5352737307548523
0.050183169543743134 -0.44802775979042053
0.5526642799377441 -0.005074209999293089
-0.3618714213371277 -0.33927085995674133
0.5093758702278137 0.02463531121611595
0.30588802695274353 -0.33946332335472107
-0.34729471802711487 -0.3701767027378082
-0.37341806292533875 -0.35750246047973633
0.5132876634597778 -0.04400936886668205
0.34498634934425354 0.32477518916130066
-0.0051612877286970615 0.4882977306842804
-0.32627132534980774 -0.37684229016304016
0.036582447588443756 -0.5091195106506348
-0.46783584356307983 -0.013800824992358685
-0.041167885065078735 -0.46844175457954407
-0.31669941544532776 -0.34756121039390564
0.36269959807395935 0.36815524101257324
0.42586109042167664 -0.34236422181129456
-0.05411756783723831 0.514646589756012
0.5315555334091187 -0.023460913449525833
0.3163779079914093 0.36064502596855164
0.35973337292671204 -0.3639521598815918
-0.5315683484077454 -0.0315498523414135
0.3871169090270996 -0.3866260051727295
0.3063774108886719 0.3712763488292694
-0.3929045498371124 -0.3720957040786743
-0.3373400866985321 -0.3650627136230469
0.3247116506099701 0.42369043827056885
0.03413498401641846 -0.5008387565612793
-0.361857533454895 0.3192722201347351
-0.014149636030197144 0.48637303709983826
-0.35453614592552185 -0.3267933130264282
0.3094845116138458 -0.36226969957351685
-0.019835257902741432 -0.5168499946594238
-0.03900478780269623 0.49334394931793213
-0.32988497614860535 -0.38885965943336487
-0.033742506057024 -0.523674488067627
-0.3609614968299866 -0.3583410382270813
-0.33663210272789 0.36419200897216797
-0.05375779792666435 -0.5198517441749573
-0.4238930940628052 -0.3521483540534973
0.364800363779068 -0.3605639338493347
-0.03350069373846054 -0.43258440494537354
0.025274254381656647 -0.5480167269706726
0.5306328535079956 0.026382721960544586
0.5301785469055176 -0.0001644423755351454
0.37427225708961487 0.32164466381073
-0.3635633885860443 -0.3384113311767578
0.4790288507938385 -0.03836517035961151
-0.3273138105869293 -0.3411056101322174
-0.49500080943107605 -0.001175287994556129
0.020162103697657585 0.4998231530189514
-0.005147114861756563 0.48002469539642334
-0.5005512833595276 0.11634651571512222
-0.34580370783805847 0.34261348843574524
0.3633820712566376 -0.3970404863357544
0.36774367094039917 0.4044138491153717
-0.32405662536621094 0.3392382264137268
0.3545265793800354 0.3812776803970337
-0.41146060824394226 -0.006709130480885506
0.38466399908065796 -0.33187583088874817
-0.3392494320869446 0.33765482902526855
-0.3972521126270294 0.3570011258125305
-0.016397126019001007 -0.45259925723075867
0.004995513241738081 -0.5034619569778442
0.34020817279815674 0.37397700548171997
-0.5769429802894592 -0.019823351874947548
-0.037385690957307816 0.492367684841156
0.37975290417671204 -0.3213241696357727
-0.004926321096718311 0.513811469078064
0.032345715910196304 -0.482782244682312
0.021209513768553734 0.4471997618675232
0.015450256876647472 -0.43724775314331055
0.472011923789978 0.010624703951179981
0.36365845799446106 0.37299588322639465
0.2938041687011719 0.3072549104690552
0.33107808232307434 -0.3448699414730072
0.32103919982910156 -0.35945847630500793
-0.41701045632362366 -0.29659631848335266
-0.06272225081920624 -0.5164808034896851
-0.5050114989280701 -0.020954588428139687
-0.3083935081958771 0.3611937165260315
0.3564015328884125 -0.4383228123188019
-0.45281070470809937 0.002835208782926202
0.3606835603713989 0.37833356857299805
0.4935934245586395 0.06979775428771973
0.37627747654914856 -0.37170007824897766
-0.060024090111255646 0.49834534525871277
0.007091923151165247 0.5614722371101379
0.492479532957077 -0.02621692791581154
-0.40474897623062134 -0.37029972672462463
-0.3673824965953827 -0.32463207840919495
0.3631286323070526 0.3213263750076294
-0.008734755218029022 -0.5384519100189209
0.03707384318113327 0.47714489698410034
0.5025268793106079 0.03809092193841934
0.026771921664476395 0.5394884347915649
0.3471977710723877 0.339409738779068
-0.2871382236480713 0.26943498849868774
-0.36953413486480713 -0.3281794488430023
-0.05699024721980095 -0.4712149500846863
-0.39172598719596863 0.3397418260574341
-0.350877970457077 0.317792147397995
-0.03241549804806709 0.5197997689247131
0.45215898752212524 -0.0036130030639469624
0.4442410469055176 0.004443684592843056
-0.06512367725372314 -0.4759293794631958
-0.3550812602043152 -0.37866973876953125
-0.012787009589374065 -0.5175473093986511
0.29047074913978577 0.38752490282058716
-0.37605559825897217 0.35836076736450195
-0.3761890232563019 0.3600710332393646
-0.5113646984100342 -0.036546286195516586
0.503487229347229 -0.003967470955103636
0.374751478433609 -0.371817946434021
0.03506041690707207 0.5494072437286377
0.028594668954610825 -0.5769433975219727
0.5394182205200195 -0.01001807488501072
-0.0055297124199569225 -0.49710360169410706
0.30969780683517456 -0.39256995916366577
-0.08030971884727478 -0.5188086032867432
-0.03005162440240383 -0.5518654584884644
-0.015581714920699596 -0.45147937536239624
0.5149856805801392 -0.01699882373213768
0.3975275754928589 0.3877377510070801
-0.518066942691803 0.008724147453904152
0.37271010875701904 -0.3815370202064514
0.34713613986968994 -0.3589824438095093
-0.4496363401412964 0.005242603365331888
0.37892186641693115 -0.31555166840553284
-0.007156103849411011 -0.5120849609375
0.5055351257324219 -0.006577508989721537
0.3253665268421173 -0.36466485261917114
-0.03016313910484314 -0.5006909966468811
-0.33571916818618774 0.35361427068710327
0.3869559168815613 0.36645203828811646
-0.34566032886505127 0.36614593863487244
-0.38691040873527527 -0.3607149124145508
-0.5453737378120422 0.001214858377352357
0.34060919284820557 0.3748966455459595
-0.39325207471847534 0.3865962028503418
-0.3115644156932831 0.3078913688659668
0.35437580943107605 0.33718597888946533
-0.3776675760746002 0.337409108877182
0.5455577969551086 0.03349177539348602
0.31678488850593567 -0.35417184233665466
-0.0467604361474514 0.4871874451637268
-0.01794544979929924 0.5087787508964539
-0.008170190267264843 0.5499768853187561
-0.028051191940903664 -0.5117079019546509
0.31597089767456055 -0.3274902403354645
0.41918957233428955 0.38483959436416626
-0.012286826968193054 0.45814675092697144
0.004257241729646921 0.45257872343063354
-0.3533223867416382 0.36638444662094116
-0.49002572894096375 -0.06591715663671494
-0.5162135362625122 -0.01051086001098156
0.38774552941322327 -0.36556631326675415
0.36184075474739075 0.32086825370788574
-0.3891250789165497 0.34523171186447144
0.3715325891971588 0.3602389693260193
0.32669147849082947 0.3405660390853882
-0.3541950285434723 -0.35721519589424133
0.5388840436935425 0.026506826281547546
0.006746820639818907 0.5234537124633789
-0.3347782790660858 -0.330771803855896
0.3668084144592285 -0.3222186863422394
0.44737708568573 -0.03262148052453995
0.3023400902748108 0.32971787452697754
0.03640930354595184 0.5061440467834473
0.4408528804779053 0.03257707506418228
-0.0035956106148660183 -0.5187186598777771
0.3418128192424774 0.34539341926574707
0.4593687951564789 0.017113523557782173
-0.053362276405096054 0.5461488962173462
-0.5330573916435242 0.0344364158809185
-0.31531602144241333 -0.3917352557182312
0.2859497368335724 0.3140746057033539
-0.39604151248931885 -0.3640096187591553
0.47696617245674133 -0.04183495044708252
0.018029145896434784 0.4987708628177643
0.010926146060228348 -0.525290310382843
0.5002180337905884 0.034262530505657196
0.3152417838573456 0.35779908299446106
0.3894827961921692 -0.3503493368625641
-0.47705772519111633 -0.03304710611701012
-0.31799644231796265 0.31612110137939453
-0.31929340958595276 0.31205153465270996
-0.3898521363735199 -0.34311455488204956
0.37383732199668884 0.2684493064880371
0.5025485754013062 0.03480474650859833
0.3291063904762268 0.3760104775428772
-0.2987361252307892 0.37702032923698425
0.004727819934487343 -0.5203149318695068
-0.34849658608436584 -0.37105756998062134
0.018097281455993652 0.471871554851532
-0.3158491253852844 0.3425842225551605
-0.30515944957733154 -0.37933456897735596
0.27033382654190063 0.3631742596626282
-0.516290545463562 -0.06416729837656021
-0.35082823038101196 -0.3182346224784851
0.483925461769104 -0.001217040466144681
-0.3192659318447113 0.3516768515110016
-0.33019834756851196 0.3182820975780487
-0.025525055825710297 0.5083682537078857
-0.013707127422094345 -0.4753406345844269
-0.38827264308929443 -0.3441239297389984
-0.3395966589450836 -0.27554216980934143
0.35058796405792236 0.30070602893829346
0.508315920829773 -0.027594901621341705
-0.00163706811144948 0.5051189064979553
-0.3374907374382019 0.36701881885528564
0.5070443153381348 -0.036351464688777924
0.0139098409563303 0.5362420678138733
0.49275755882263184 0.015244010835886002
0.33480459451675415 -0.36994025111198425
0.42936691641807556 -0.33598053455352783
0.021024275571107864 -0.5284081101417542
-0.3537909686565399 0.2868555188179016
0.3610451817512512 -0.3688982129096985
-0.46028074622154236 -0.05318926274776459
-0.5433716773986816 -0.006808037869632244
-0.5178993940353394 7.219148392323405e-05
0.5462154150009155 -0.025411896407604218
0.37241604924201965 0.36456912755966187
-0.5676916241645813 0.017593592405319214
0.04378969594836235 -0.4693039655685425
0.32451483607292175 -0.33752521872520447
0.049941837787628174 0.5273632407188416
-0.39710283279418945 -0.39914268255233765
-0.36595508456230164 0.3561558425426483
-0.34066423773765564 -0.36754894256591797
0.008027888834476471 -0.49116671085357666
-0.3630684018135071 0.33544597029685974
0.3592151403427124 -0.3272079527378082
-0.4459749758243561 0.01085523422807455
0.3920102119445801 0.30416804552078247
-0.563417911529541 0.004663998726755381
-0.008636909537017345 -0.47356218099594116
-0.5444554090499878 0.052057284861803055
-0.3266037702560425 -0.3829963207244873
0.4880959391593933 -0.016426214948296547
0.4878520667552948 -0.040638212114572525
-0.35313647985458374 0.29790163040161133
0.06092577427625656 -0.54009610414505
0.5050110220909119 -0.005973670165985823
-0.36257901787757874 -0.3060908317565918
-0.5066723823547363 -0.05340580269694328
-0.3912796974182129 -0.3561803698539734
0.2989235520362854 -0.34557652473449707
0.4913765490055084 -0.015530641190707684
0.471784383058548 0.03800339996814728
0.3005731701850891 -0.3932676911354065
-0.5502519607543945 0.0395830012857914
0.3962066173553467 -0.32857444882392883
-0.32325831055641174 -0.3937239348888397
-0.353738009929657 0.382820725440979
-0.33913394808769226 -0.37243378162384033
0.3394349217414856 -0.38078954815864563
-0.011744620278477669 -0.4771927297115326
0.36928778886795044 -0.33054327964782715
-0.5017449855804443 0.022553132846951485
-0.3811412453651428 0.34406405687332153
-0.007884318009018898 0.5406050682067871
-0.013186669908463955 0.5072826743125916
0.33422115445137024 0.34863755106925964
0.35562148690223694 -0.3854511082172394
0.34533101320266724 0.35538041591644287
-0.3836982548236847 0.32946985960006714
-0.31452590227127075 -0.3752957880496979
0.0027784325648099184 0.4792323708534241
0.5558798909187317 0.05103112757205963
-0.48967674374580383 0.01747402548789978
-0.3274938464164734 0.3612053394317627
0.42841559648513794 0.040740005671978
0.30587202310562134 0.3175908327102661
-0.40156614780426025 0.2671889066696167
-0.030721453949809074 -0.5131030678749084
0.39843207597732544 0.3555911183357239
-0.3012681007385254 0.3124861717224121
-0.046740155667066574 -0.4996890723705292
0.364298552274704 -0.32441845536231995
-0.4596025347709656 -0.0067241741344332695
0.013134942390024662 0.5876099467277527
-0.00764364143833518 0.49317219853401184
0.34119701385498047 -0.34129437804222107
-0.36791449785232544 0.3638223707675934
0.016039079055190086 0.5532670617103577
0.33252307772636414 -0.39517083764076233
0.41857796907424927 0.42710158228874207
0.3749851584434509 0.33495286107063293
-0.3484655022621155 -0.3200228214263916
-0.049353886395692825 -0.4715571105480194
0.0384020172059536 -0.4834960699081421
-0.326703816652298 0.312224417924881
-0.4934769570827484 0.025386104360222816
0.33810660243034363 0.3535885512828827
-0.36117029190063477 0.3573688268661499
-0.3282998502254486 -0.3997652530670166
-0.34135901927948 -0.2866029143333435
-0.3792228698730469 -0.3746718168258667
-0.06342151761054993 -0.5620879530906677
-0.5116739273071289 0.04297325387597084
0.39582690596580505 -0.2963297367095947
0.33424270153045654 0.3760715126991272
-0.3619021773338318 -0.34060007333755493
0.31917163729667664 -0.38364148139953613
0.029098941013216972 -0.508408784866333
-0.5199610590934753 0.004843560047447681
0.5077468752861023 -0.04103260859847069
-0.38203728199005127 -0.3685188591480255
-0.3517862558364868 -0.3720731735229492
0.019263841211795807 0.4551050066947937
0.4824063181877136 -0.010721543803811073
0.30827826261520386 0.3345646560192108
-0.3700471818447113 0.35703733563423157
0.37503114342689514 0.3611131012439728
0.3631129860877991 -0.3394797444343567
0.023047257214784622 -0.5024175643920898
-0.3065231442451477 0.3632875084877014
0.3489878475666046 0.3562570810317993
0.37533050775527954 0.3840051591396332
0.37518510222435 -0.3105810284614563
0.34735599160194397 0.30682095885276794
0.0029524618294090033 0.441642701625824
-0.3632031977176666 0.3241356611251831
0.025532366707921028 0.5082511305809021
0.034191761165857315 -0.5162699818611145
-0.5151124596595764 -0.06306497007608414
0.3679642081260681 0.3279653787612915
0.032358650118112564 -0.5272647738456726
0.37644508481025696 -0.38910403847694397
-0.3445625901222229 0.38366571068763733
-0.36922940611839294 -0.36588162183761597
-0.4955967962741852 0.020279595628380775
0.4607180058956146 -0.03937637060880661
-0.3401947021484375 -0.37552112340927124
0.37286847829818726 0.3759743571281433
0.36838865280151367 0.41073301434516907
0.008171826601028442 0.49297451972961426
-0.4875989854335785 -0.041480302810668945
0.3590632379055023 0.3670026957988739
0.35513925552368164 -0.32665035128593445
0.003393171587958932 -0.5109158754348755
-0.4971134662628174 0.06768384575843811
-0.3239084780216217 0.3449162244796753
-0.45975062251091003 -0.028693942353129387
0.3535386919975281 -0.37231189012527466
-0.3259336054325104 0.3203428089618683
0.36532062292099 0.3428592383861542
0.3653676509857178 0.35389819741249084
0.04384670406579971 -0.4916342496871948
-0.4801520109176636 0.03963859751820564
-0.02988988347351551 0.4600353240966797
-0.3453613817691803 -0.347450852394104
0.015387811698019505 -0.49696335196495056
0.34886136651039124 -0.34982743859291077
-0.34937363862991333 0.36285871267318726
-0.4513830542564392 0.02227046713232994
0.5260083079338074 0.009760667569935322
0.49561697244644165 0.030009616166353226
-0.3583630621433258 -0.4238743782043457
0.3550247251987457 0.316818505525589
-0.40920257568359375 -0.35757535696029663
-0.076172836124897 0.48890700936317444
0.47327589988708496 -0.014142017811536789
0.023646919056773186 0.5397843718528748
-0.39021116495132446 0.3577277958393097
-0.30781036615371704 0.3329424560070038
-0.3186599016189575 -0.36385980248451233
-0.3906794786453247 -0.3565545678138733
0.05086654797196388 0.503141462802887
0.3346538543701172 0.2948644757270813
0.3714156448841095 0.36409884691238403
-0.33934035897254944 0.33930760622024536
-0.03943674638867378 0.5151920914649963
-0.33858123421669006 -0.35513144731521606
0.3493090867996216 -0.34290915727615356
-0.34763726592063904 0.31242114305496216
-0.4853222370147705 0.01683133840560913
0.48811274766921997 -0.028186408802866936
-0.3561311662197113 -0.3447559177875519
0.37309348583221436 0.35779866576194763
-0.35702893137931824 -0.2909427583217621
0.3324505686759949 0.32000982761383057
0.5486016869544983 0.09119419008493423
0.3462069630622864 -0.39452436566352844
0.4942934215068817 -0.02185990661382675
0.008840888738632202 -0.5120576024055481
0.5169689059257507 -0.05032084509730339
0.26737266778945923 0.33620214462280273
0.379557728767395 0.34258949756622314
-0.4831475019454956 -0.007823379710316658
-0.5010676383972168 0.014832314103841782
0.3631260395050049 -0.40188175439834595
0.023005079478025436 -0.5410153269767761
-0.3458057641983032 0.3717383146286011
-0.006993674673140049 -0.5145445466041565
-0.5092378854751587 -0.045482199639081955
0.0043124426156282425 0.5004419088363647
0.4870697855949402 -0.026093248277902603
0.3436964452266693 0.3406703472137451
-0.38997459411621094 0.38392436504364014
0.019679488614201546 -0.5314099788665771
0.3707766532897949 -0.35705825686454773
0.4043363928794861 0.3353462517261505
-0.33165210485458374 -0.33011433482170105
0.4994804859161377 0.021016458049416542
-0.053651731461286545 0.5348764061927795
-0.4960615038871765 -0.017287740483880043
0.3655858635902405 -0.31302040815353394
-0.3394273817539215 -0.3206038475036621
0.02519061416387558 -0.4865424335002899
-0.5195338726043701 0.002467159414663911
-0.04260096698999405 0.5016783475875854
0.4775799512863159 -0.023960912600159645
-0.5417466759681702 0.045797135680913925
-0.004951357841491699 -0.5226715207099915
-0.011118762195110321 -0.5207909941673279
0.36030617356300354 -0.3391471207141876
0.5002086162567139 -0.007198482286185026
0.5259333848953247 0.02949080616235733
-0.024028003215789795 0.46560660004615784
0.48622816801071167 -0.005799509584903717
0.3623353838920593 -0.3886480927467346
-0.01363315898925066 -0.4690428674221039
0.0008719211327843368 -0.5205649137496948
-0.38412362337112427 0.3701024353504181
0.05038728564977646 -0.48087209463119507
0.39168208837509155 0.3503219187259674
0.4408266544342041 0.32568010687828064
-0.45368674397468567 0.041186388581991196
0.37778058648109436 -0.3345606327056885
0.31383755803108215 0.36528682708740234
-0.3334222733974457 0.3431239128112793
-0.373322457075119 0.35308828949928284
-0.30741071701049805 0.3652506172657013
-0.3636452257633209 0.37495338916778564
0.048520058393478394 -0.5210399031639099
-0.008914567530155182 0.5334458351135254
-0.5035896897315979 -0.028125038370490074
0.3424704670906067 -0.3688727021217346
-0.5140305161476135 -0.03966154903173447
0.3492830991744995 -0.3433835506439209
0.3533647954463959 -0.33462536334991455
0.37261053919792175 -0.31777480244636536
0.04294330254197121 0.47910699248313904
0.37802574038505554 0.34298303723335266
0.5053914785385132 -0.023338109254837036
0.5196099877357483 0.009549358859658241
0.05668007209897041 -0.5186110138893127
-0.43487095832824707 0.05047450587153435
-0.33867955207824707 -0.3845893144607544
-0.016982898116111755 -0.5289183855056763
-0.35852551460266113 -0.38453808426856995
-0.3609822392463684 -0.340192973613739
-0.5273489952087402 -0.007213726174086332
0.03049468994140625 0.4923255443572998
0.02694530412554741 -0.4532739818096161
-0.558621883392334 0.029117446392774582
0.30179429054260254 0.3315081298351288
0.5068084001541138 -0.06492248177528381
0.38486260175704956 -0.3642130196094513
-0.3807898163795471 0.408250093460083
-0.49974584579467773 -0.005021338816732168
-0.5071642398834229 -0.030968140810728073
-0.3455345034599304 0.3150638937950134
0.3634808361530304 -0.39978209137916565
-0.4706793427467346 0.038582105189561844
0.010708170011639595 -0.49857282638549805
-0.5161214470863342 -0.01409654226154089
0.5014179944992065 0.030910827219486237
-0.3621678948402405 -0.37087148427963257
0.3864958882331848 0.4036302864551544
-0.3458951413631439 -0.35042858123779297
0.3248049020767212 -0.3564968407154083
-0.360895574092865 0.31494125723838806
0.052343785762786865 -0.4810200333595276
-0.4152451753616333 -0.3263291120529175
0.5024769306182861 0.046365220099687576
-0.34176212549209595 -0.3522019684314728
-0.36696693301200867 0.3306998908519745
-0.46994975209236145 0.020208414644002914
-0.4092788100242615 -0.42990362644195557
0.0032598767429590225 -0.5075138807296753
0.5285512804985046 0.014668015763163567
-0.5401230454444885 0.013573153875768185
-0.016626669093966484 0.4857020378112793
0.32573190331459045 0.36805757880210876
0.4628155529499054 0.026132337749004364
-0.016294630244374275 0.5012168884277344
0.02665580064058304 -0.4970325827598572
0.02543346956372261 0.4522741734981537
0.4984947741031647 -0.0018961775349453092
0.4968699812889099 -0.0049911984242498875
-0.34335947036743164 -0.3318970203399658
0.2916005551815033 0.36911332607269287
0.3214320242404938 -0.3433607220649719
0.366883248090744 -0.3532812297344208
-0.3525822162628174 -0.37423762679100037
0.3564555048942566 0.32271808385849
0.374189168214798 -0.36330491304397583
0.34561246633529663 -0.38858360052108765
0.5016462802886963 0.021342985332012177
0.34474265575408936 0.339120090007782
0.009900798089802265 -0.5003066062927246
-0.3282255232334137 -0.3778848946094513
0.34957683086395264 -0.3589298129081726
0.38972556591033936 -0.35049501061439514
0.030882127583026886 0.4724692702293396
-0.5118617415428162 0.049218133091926575
0.502332866191864 -0.018289407715201378
0.44907400012016296 -0.06955020874738693
-0.537268877029419 0.04986933618783951
-0.411119282245636 -0.30216550827026367
-0.02533603087067604 -0.5015667676925659
0.4628497362136841 0.003617075737565756
0.332334965467453 0.4151340126991272
0.37257638573646545 0.32260701060295105
0.32676711678504944 -0.35678935050964355
-0.3720554709434509 0.38024085760116577
-0.3854316771030426 -0.37183424830436707
-0.45627903938293457 0.015270349569618702
0.35153281688690186 0.38433417677879333
0.37821003794670105 0.3592553436756134
-0.3754676878452301 -0.3807593584060669
0.37671491503715515 -0.3301202058792114
0.5101350545883179 0.0037017546128481627
-0.333282470703125 0.32330259680747986
0.3864152431488037 -0.3914652466773987
-0.4977250397205353 -0.027728140354156494
-0.4356914758682251 0.34924110770225525
-0.4939131438732147 -0.018104983493685722
0.37785017490386963 -0.2949122190475464
-0.03799967095255852 0.4466618001461029
-0.3198687732219696 0.3433549404144287
0.35700467228889465 -0.385551393032074
-0.5399309992790222 0.02744114212691784
-0.29000064730644226 -0.34299853444099426
0.3420572876930237 -0.3261113166809082
-0.30240774154663086 0.34601303935050964
0.3508899211883545 -0.3909275531768799
0.398879736661911 0.3101990520954132
-0.5417898297309875 0.0014492245391011238
-0.02306181564927101 0.5169711709022522
-0.5033711194992065 -0.0071999989449977875
0.48222115635871887 0.02132163755595684
-5.9217014495516196e-05 -0.4953998625278473
-0.03796229511499405 -0.4704017639160156
0.5038231611251831 0.024147791787981987
-0.3686346709728241 0.40594398975372314
-0.37509721517562866 0.36257535219192505
0.3658294379711151 0.37554603815078735
0.379699170589447 0.3458084762096405
0.3771267533302307 0.3392939865589142
0.4795263409614563 -0.015998821705579758
-0.28015461564064026 -0.3552381098270416
-0.39207324385643005 -0.35391923785209656
0.4963626563549042 -0.005002323072403669
0.3050442636013031 0.3584881126880646
0.35721898078918457 -0.3788352310657501
-0.31508246064186096 0.3249599039554596
0.5026358366012573 0.01845579408109188
0.5397436022758484 0.037937987595796585
-0.007767006754875183 -0.4769643545150757
-0.004676736891269684 0.47273144125938416
0.026549257338047028 0.513940155506134
-0.3393564522266388 0.3558482825756073
-0.5367751121520996 0.03227178752422333
0.354865163564682 -0.3564367890357971
-0.47829651832580566 0.0021415315568447113
0.02181413024663925 -0.5070528984069824
-0.5258692502975464 -0.010397546924650669
0.02864358201622963 0.460789293050766
0.3388175666332245 0.32708460092544556
-0.3827349543571472 -0.33027389645576477
-0.027852477505803108 0.4401383399963379
-0.5016801357269287 0.028995107859373093
-0.3892993927001953 -0.3847826421260834
-0.03416319563984871 0.479541540145874
0.017676416784524918 -0.4504517614841461
0.357138454914093 -0.33466601371765137
-0.29695290327072144 -0.33366891741752625
0.02346258983016014 -0.5345613360404968
0.38299545645713806 -0.3260440528392792
-0.4904492497444153 0.025375831872224808
-0.3745335340499878 0.37385886907577515
-0.015841064974665642 0.5037044286727905
-0.31181058287620544 0.3575615882873535
0.3481128215789795 -0.40438997745513916
-0.5355775356292725 -0.001964325550943613
0.36581453680992126 0.30222776532173157
0.5198777914047241 0.08240605145692825
-0.01997043751180172 0.49340733885765076
-0.45793813467025757 -0.07626602053642273
-0.3085840046405792 -0.35529908537864685
-0.46807825565338135 -0.019138799980282784
0.36852604150772095 0.3279043436050415
-0.5884703993797302 -0.05838363245129585
0.5282629728317261 -0.02558330073952675
-0.3302523195743561 0.3596931993961334
0.3240039348602295 0.3490400016307831
-0.4043234884738922 -0.3258647322654724
-0.40271061658859253 -0.39127981662750244
-0.5385488867759705 -0.009190560318529606
-0.011446045711636543 0.49866044521331787
0.34621140360832214 0.3436020016670227
-0.44392478466033936 -0.02166043408215046
-0.4992460012435913 -0.004589919466525316
-0.29449957609176636 -0.34050458669662476
-0.3317422568798065 -0.39078792929649353
-0.05007150396704674 0.4956396222114563
-0.3670058250427246 0.33563482761383057
0.3121185302734375 -0.3553924262523651
0.02725350856781006 0.48445773124694824
-0.016285594552755356 -0.4829486310482025
-0.35489165782928467 -0.31938061118125916
-0.5236663818359375 0.02482663281261921
0.3535679578781128 0.42229992151260376
0.5219335556030273 -0.0070888809859752655
0.015875615179538727 -0.5190542936325073
-0.03063683956861496 -0.5158341526985168
0.022435380145907402 0.5404191613197327
-0.3375857174396515 -0.3536525368690491
-0.3894039988517761 -0.36928027868270874
-0.35692518949508667 0.34083080291748047
-0.0017911670729517937 0.5258157849311829
0.033335890620946884 0.4857606291770935
0.027942435815930367 0.49042558670043945
0.3376961946487427 0.335236519575119
0.35414159297943115 -0.28483331203460693
-0.46503186225891113 -0.011091296561062336
0.033368464559316635 -0.4788340926170349
0.33068856596946716 0.36226433515548706
0.005791522096842527 -0.4773194491863251
-0.03102145716547966 -0.4589667022228241
0.026353400200605392 -0.42558950185775757
-0.2869987189769745 -0.36780914664268494
-0.46143609285354614 0.010454477742314339
-0.33424386382102966 -0.35929280519485474
0.007859201170504093 0.4713619351387024
0.3731204867362976 -0.38687193393707275
0.007889109663665295 0.5307174324989319
-0.04099274426698685 0.54786217212677
-0.35591769218444824 0.29844337701797485
0.39550286531448364 -0.3370547592639923
-0.006512828171253204 0.496944397687912
0.476368248462677 0.06305500864982605
0.3410989046096802 0.3751564621925354
0.006501078139990568 -0.492540180683136
0.35636717081069946 0.33544403314590454
-0.014194219373166561 -0.49640071392059326
-0.045131247490644455 0.4970458447933197
-0.36053377389907837 -0.3962351083755493
0.028048714622855186 -0.4665457010269165
0.35710862278938293 0.3492819368839264
0.319502055644989 0.4153352677822113
0.35698869824409485 0.31381696462631226
-0.5171190500259399 0.02067488059401512
0.022475238889455795 -0.5081227421760559
0.32674136757850647 0.3642294704914093
-0.508994460105896 -0.027964461594820023
-0.3583710193634033 0.4070521891117096
-0.033592864871025085 -0.4961363673210144
-0.33697888255119324 -0.3896006643772125
0.04245751351118088 -0.4535856544971466
0.31372958421707153 -0.34532514214515686
0.009272429160773754 0.507027804851532
-0.3616147041320801 -0.3197467625141144
0.36652886867523193 -0.33182525634765625
-0.005050251260399818 0.49238744378089905
0.3928150534629822 -0.39119306206703186
-0.04273197799921036 0.4709569811820984
-0.018544510006904602 -0.5118603110313416
0.5125582814216614 -0.04180928319692612
-0.48389366269111633 0.008800769224762917
0.5542492270469666 0.01814207434654236
0.3386104702949524 -0.3668525218963623
-0.5067775845527649 -0.012065907940268517
0.3551078140735626 -0.31861239671707153
0.004543561954051256 -0.5135512351989746
-5.117465116200037e-05 0.4860745370388031
0.5619622468948364 -0.03301776573061943
0.3833574652671814 0.4275711476802826
-0.005563363432884216 -0.45946627855300903
-0.042249713093042374 0.5135779976844788
0.4278528690338135 -0.007219432853162289
0.5226250290870667 0.01869009993970394
0.029228659346699715 0.5044940114021301
-0.36436793208122253 -0.35091710090637207
0.25634291768074036 0.34098878502845764
0.02389010228216648 -0.4705866873264313
0.03059057518839836 0.5038952231407166
0.5411590933799744 -0.018501561135053635
-0.35612952709198 0.36018621921539307
0.03290553018450737 -0.5282825231552124
-0.005465383641421795 0.48116910457611084
0.37717175483703613 0.30352041125297546
-0.33452194929122925 -0.33539125323295593
0.3614642322063446 -0.370618999004364
0.36985117197036743 0.3465495705604553
0.5540006756782532 -0.00024186410882975906
0.3815143406391144 -0.35154062509536743
-0.05475003644824028 0.5141934752464294
0.3414453864097595 0.4086804687976837
0.35328927636146545 -0.37386465072631836
0.35168227553367615 0.35037657618522644
-0.00570168299600482 -0.48524224758148193
0.3343004584312439 -0.39447396993637085
0.377189040184021 0.362379252910614
-0.5233924984931946 0.011686228215694427
-0.3463965654373169 -0.29410675168037415
0.42149972915649414 -0.3496004641056061
-0.04704742878675461 0.46712303161621094
-0.49579110741615295 -0.03449421748518944
-0.35243070125579834 0.3477042019367218
-0.05211898311972618 0.5657854080200195
0.34206587076187134 -0.2953075170516968
-0.3150528073310852 -0.39707592129707336
-0.41022560000419617 0.3340597450733185
-0.3827185034751892 -0.32497090101242065
0.5364145040512085 0.03540407866239548
-0.024404695257544518 -0.4570862948894501
0.5063832998275757 -0.0597243495285511
0.04344222694635391 0.5217905640602112
-0.07269875705242157 -0.49185603857040405
0.3726913332939148 0.3300682008266449
-0.5012708306312561 0.02504011243581772
-0.4701208472251892 0.00024682312505319715
0.003721237415447831 -0.5530986189842224
0.5107547640800476 -0.005099349655210972
0.35610851645469666 -0.32559242844581604
0.3193609118461609 -0.26497000455856323
0.4897155165672302 0.0388803705573082
0.35761064291000366 0.40298935770988464
-0.3336281180381775 -0.3985022008419037
0.3383614718914032 0.3442305028438568
0.02446528524160385 0.5106167197227478
-0.39436304569244385 0.3701757490634918
-0.023400960490107536 0.5167264938354492
-0.5064405202865601 -0.046232033520936966
0.35695624351501465 0.30808335542678833
0.31778430938720703 0.4149681627750397
-0.38648107647895813 -0.3979622721672058
-0.34010934829711914 0.3205270767211914
-0.043945856392383575 0.5234852433204651
0.36115214228630066 -0.40199708938598633
0.363713800907135 0.3282620906829834
0.026093825697898865 0.5003674030303955
0.37061944603919983 0.3126955032348633
-0.009037812240421772 0.5341576337814331
0.34809377789497375 0.3601280748844147
0.5186205506324768 -0.009872429072856903
0.46033909916877747 0.04225876182317734
0.29761046171188354 0.35077226161956787
0.02932620793581009 0.5027233958244324
0.4886341691017151 0.011514387093484402
0.013559943996369839 0.48548704385757446
-0.28471681475639343 0.33071741461753845
0.0221092626452446 0.4794120788574219
-0.4913749396800995 0.07420539110898972
-0.47834694385528564 0.0454263761639595
0.558743953704834 0.037610024213790894
0.3035857379436493 -0.40061047673225403
0.4643867611885071 0.011911769397556782
0.3687058389186859 0.37545350193977356
0.01152726635336876 -0.42847442626953125
-0.3499748706817627 -0.38349494338035583
-0.014958180487155914 0.45203831791877747
0.3033643960952759 0.3585217297077179
-0.014310691505670547 0.5263315439224243
0.4739205837249756 -0.05362314358353615
-0.38290148973464966 0.3014030158519745
0.36319947242736816 -0.3716648519039154
0.3559892177581787 -0.3416011333465576
0.5058545470237732 0.025228286162018776
-0.2856906056404114 0.3144945800304413
0.37676844000816345 0.36673620343208313
0.3315539062023163 -0.31230080127716064
0.4365212023258209 -0.017620962113142014
-0.37340047955513 -0.38213834166526794
-0.5145651698112488 0.010228521190583706
-0.34398946166038513 0.36702942848205566
0.4789172112941742 0.08536295592784882
0.40077245235443115 -0.38086575269699097
0.5103753805160522 0.013507315889000893
0.39029550552368164 0.3350723683834076
-0.46404799818992615 0.035499054938554764
-0.5270323157310486 -0.027124620974063873
0.4967139959335327 0.07222669571638107
-0.025584964081645012 0.4666081368923187
-0.3437606990337372 0.3008633255958557
-0.029736626893281937 0.4651183485984802
0.5219837427139282 0.0013957847841084003
0.031027777120471 0.5171834230422974
0.38023316860198975 0.37005335092544556
-0.47603005170822144 -0.013884886167943478
0.4476455748081207 -0.021502701565623283
-0.5264785885810852 -0.020906884223222733
0.010909651406109333 -0.503842830657959
-0.5535967946052551 0.012295547872781754
-0.3790486454963684 -0.35178110003471375
-0.3434288203716278 -0.42561161518096924
0.36808106303215027 0.3470393121242523
0.325567364692688 0.36326009035110474
0.05740892142057419 0.524564266204834
-0.5081217288970947 -0.032559748739004135
0.5181764364242554 0.0022631846368312836
-0.33853498101234436 -0.3153424561023712
0.37846916913986206 0.344218909740448
0.5131245255470276 0.01905573159456253
0.4979957044124603 0.011999743990600109
0.028234921395778656 0.5373871326446533
-0.007074709981679916 0.5065822005271912
0.5211515426635742 -0.02436686120927334
0.49035876989364624 0.030090004205703735
-0.027471091598272324 -0.5127691626548767
0.48342955112457275 0.003642608178779483
-0.39377719163894653 -0.33885273337364197
-0.014359086751937866 -0.5100042819976807
0.46575742959976196 -0.008962253108620644
-0.4314674735069275 0.04207480698823929
-0.34453630447387695 -0.34247294068336487
0.3627476990222931 -0.3675401508808136
0.35265451669692993 0.3621121644973755
0.4924769699573517 0.039505165070295334
0.3224351704120636 0.3449912667274475
0.3657955825328827 0.3086298406124115
-0.3224515914916992 0.36764076352119446
0.01824025809764862 0.5484123229980469
0.006076745223253965 0.4731519818305969
0.3147062361240387 0.3804824948310852
0.4702392518520355 -0.01464476715773344
0.32506924867630005 -0.3434254229068756
0.3675042390823364 0.34122687578201294
-0.5176689028739929 -0.05597750470042229
0.38332226872444153 -0.3640456199645996
-0.04844154417514801 0.48845338821411133
0.31179574131965637 0.39250585436820984
-0.022061659023165703 -0.5344634056091309
-0.3294448256492615 0.3727378249168396
-0.04693840071558952 0.47785425186157227
-0.38349393010139465 0.35356971621513367
-0.016935644671320915 -0.5320824384689331
-0.014587820507586002 0.45400920510292053
-0.48326575756073 -0.013316215015947819
0.3627215325832367 0.3533012568950653
0.34328562021255493 -0.34314483404159546
-0.3293490707874298 0.3940815329551697
-0.3539744019508362 0.3112563490867615
0.39534714818000793 -0.36892247200012207
-0.35953211784362793 0.3913002014160156
-0.411893367767334 0.35434815287590027
-0.41856569051742554 -0.30605971813201904
0.054969124495983124 -0.51191645860672
0.017908373847603798 -0.49049386382102966
0.37735140323638916 0.3620821535587311
-0.013176028616726398 0.5297045707702637
0.3753276467323303 0.2937298119068146
0.336504727602005 -0.36568349599838257
-0.5166925191879272 0.007790363393723965
-0.3258344829082489 0.3271123468875885
0.030071252956986427 0.4747977554798126
-0.04154878109693527 -0.514167070388794
-0.010492789559066296 -0.5134933590888977
0.027417659759521484 -0.48278307914733887
0.5131550431251526 -0.021955063566565514
-0.5271416306495667 -0.05353177711367607
-0.04279639199376106 0.44897255301475525
0.018981879577040672 -0.5059195160865784
-0.35341304540634155 -0.40094688534736633
-0.5005953907966614 -0.03157771751284599
0.012948144227266312 -0.5141980648040771
-0.315218061208725 -0.35752472281455994
0.365817129611969 0.3114660978317261
0.06873051077127457 0.5048884153366089
-0.3527979254722595 -0.36880624294281006
0.3606349229812622 -0.3327558934688568
-0.3862364590167999 0.32904350757598877
0.025812065228819847 -0.5396814942359924
0.5197497010231018 -0.0026684007607400417
-0.4417369067668915 0.008321252651512623
-0.3924744725227356 0.3277023732662201
-0.3694228231906891 -0.35618799924850464
0.33927661180496216 -0.3991610109806061
-0.36109066009521484 -0.364970326423645
-0.037575915455818176 -0.5270040035247803
0.397355318069458 -0.3082127571105957
0.38779792189598083 0.4081166386604309
-0.37447646260261536 0.2939520478248596
-0.4909772276878357 0.004032334312796593
0.025992635637521744 -0.539486289024353
-0.028375381603837013 -0.5095688104629517
0.3658495545387268 -0.3547944724559784
-0.36120450496673584 -0.3202633261680603
0.03168356791138649 -0.5069661140441895
0.005590094719082117 -0.5358483791351318
0.3788954019546509 -0.3103101849555969
-0.4770716726779938 -0.06383249908685684
-0.31564927101135254 0.37547582387924194
0.02914457768201828 -0.4628759026527405
0.32744336128234863 -0.3619842231273651
-0.4934768080711365 0.05052157863974571
-0.34777289628982544 0.3657829761505127
-0.514887809753418 0.004355839919298887
-0.0069168987683951855 0.5049619078636169
0.35955381393432617 -0.30925366282463074
-0.3432995080947876 -0.3640168011188507
-0.01374434120953083 -0.507599949836731
0.33817365765571594 -0.29439279437065125
0.36539366841316223 -0.3836979269981384
-0.3510374426841736 -0.2785821855068207
0.30559656023979187 0.3400021195411682
0.3979741334915161 -0.29642149806022644
0.328781396150589 -0.37253642082214355
0.04393596574664116 -0.5475184917449951
0.40370994806289673 -0.36926329135894775
0.4685496389865875 0.007269859313964844
-0.38595274090766907 -0.3504641056060791
-0.36820971965789795 0.35904768109321594
-0.3844038248062134 0.30314069986343384
0.3364372253417969 -0.3690624237060547
0.0009392129722982645 0.5281081795692444
-0.4328225553035736 0.3101361095905304
-0.031328193843364716 -0.526149332523346
0.3850805163383484 -0.3657124936580658
-0.02060374990105629 0.5301607847213745
-0.41379514336586 0.3909606635570526
0.5062637329101562 -0.017831549048423767
0.057058073580265045 -0.4860023558139801
-0.37768858671188354 -0.4052774906158447
0.010626837611198425 0.5175061821937561
0.5232510566711426 0.019278913736343384
0.0017597818514332175 -0.48401525616645813
-0.37633657455444336 -0.37217774987220764
0.3342103958129883 0.3256317675113678
-0.5180543065071106 -0.015364267863333225
0.49015066027641296 0.007785282097756863
0.29468798637390137 0.3305177390575409
-0.5168805718421936 -0.006248031742870808
-0.040147315710783005 -0.5679003596305847
0.3335930407047272 -0.3359922766685486
0.4019579589366913 0.36700814962387085
0.4711715579032898 0.0328887477517128
0.009571865200996399 -0.5253709554672241
-0.504234254360199 -0.01789528876543045
0.37419965863227844 0.4045456349849701
-0.5034921765327454 0.013625738210976124
