# S1c [phd] log10S2c [phd] Time Since SR1 Start [days]
4.00093e+01 3.98382e+00 1.24443e-01
1.25713e+01 3.75414e+00 2.80151e-01
7.28195e+00 3.67028e+00 1.11722e+00
1.13627e+01 3.71118e+00 1.32029e+00
6.23640e+01 4.19937e+00 1.46956e+00
5.80901e+00 3.77719e+00 1.67398e+00
5.32348e+01 4.14475e+00 1.67573e+00
3.74730e+00 3.72675e+00 1.88943e+00
5.99851e+01 3.97001e+00 2.15792e+00
2.74035e+01 3.96478e+00 2.23143e+00
7.46685e+01 4.26732e+00 2.51677e+00
7.82650e+01 4.19843e+00 2.55988e+00
1.03730e+01 3.69747e+00 3.12576e+00
2.58888e+01 3.93087e+00 3.13923e+00
7.97056e+01 4.25023e+00 3.17827e+00
2.57368e+01 3.87174e+00 3.29095e+00
2.68082e+01 3.95862e+00 3.49698e+00
9.06497e+00 3.75501e+00 3.74224e+00
9.37781e+00 3.70068e+00 3.91871e+00
5.73289e+01 4.28360e+00 4.20374e+00
5.21537e+01 4.01296e+00 4.21211e+00
7.26248e+01 4.06848e+00 4.60582e+00
3.03081e+01 3.92453e+00 5.01393e+00
5.64880e+01 4.14503e+00 5.07707e+00
1.43074e+01 3.66165e+00 5.57107e+00
4.56368e+01 3.97239e+00 5.63795e+00
1.43996e+01 3.95009e+00 5.73009e+00
2.44142e+01 3.78011e+00 5.78140e+00
1.11967e+01 3.79452e+00 6.15720e+00
3.36546e+01 3.99933e+00 6.51238e+00
1.39109e+01 3.71338e+00 7.24753e+00
8.17713e+00 3.74377e+00 7.76605e+00
3.68975e+01 4.06951e+00 8.45926e+00
4.76974e+01 4.05776e+00 8.63272e+00
2.73617e+01 4.16159e+00 8.68240e+00
3.80027e+01 3.76806e+00 8.73251e+00
5.94869e+01 4.13005e+00 9.22412e+00
2.95302e+01 3.99585e+00 9.43637e+00
1.30351e+01 3.83414e+00 9.81572e+00
5.37155e+01 4.12159e+00 9.88618e+00
5.86739e+01 4.12733e+00 9.97110e+00
5.67137e+01 4.12304e+00 1.03166e+01
2.20836e+01 4.04218e+00 1.03231e+01
9.87382e+00 3.64493e+00 1.04221e+01
6.59143e+00 3.65534e+00 1.04369e+01
5.74066e+01 4.05558e+00 1.04371e+01
9.21492e+00 3.67386e+00 1.07346e+01
1.15825e+01 3.72569e+00 1.08760e+01
4.46028e+00 3.71452e+00 1.09444e+01
8.76765e+00 3.70998e+00 1.13539e+01
1.09729e+01 3.71182e+00 1.15093e+01
8.03131e+00 3.69842e+00 1.18422e+01
7.88370e+00 3.66925e+00 1.19220e+01
1.08541e+01 3.78625e+00 1.19683e+01
2.42197e+01 4.01133e+00 1.19803e+01
4.74915e+01 4.02644e+00 1.20590e+01
1.31847e+01 3.78420e+00 1.21138e+01
7.16183e+01 4.26542e+00 1.23977e+01
3.43062e+00 3.75886e+00 1.24186e+01
7.80478e+01 4.18581e+00 1.25331e+01
7.55008e+01 4.14713e+00 1.25685e+01
1.35005e+01 3.76973e+00 1.32239e+01
1.32119e+01 3.78294e+00 1.39402e+01
6.93998e+01 4.13815e+00 1.39732e+01
2.58253e+01 3.86727e+00 1.41669e+01
5.08537e+01 4.00018e+00 1.48052e+01
4.36898e+01 4.25296e+00 1.55425e+01
1.29632e+01 3.72398e+00 1.55577e+01
3.04513e+01 4.05244e+00 1.59923e+01
3.41956e+01 3.90576e+00 1.60797e+01
9.60578e+00 3.78682e+00 1.62884e+01
2.47909e+01 3.93187e+00 1.65841e+01
1.23824e+01 3.81852e+00 1.68328e+01
3.19190e+01 3.86417e+00 1.69611e+01
3.46814e+01 4.01726e+00 1.69986e+01
1.97825e+01 3.65262e+00 1.71400e+01
5.17520e+01 4.07493e+00 1.71491e+01
4.88832e+01 4.06956e+00 1.71662e+01
4.35623e+01 4.10769e+00 1.73382e+01
1.43943e+01 3.81138e+00 1.74217e+01
5.25061e+01 3.98160e+00 1.74393e+01
7.65700e+01 4.32069e+00 1.76544e+01
1.12893e+01 3.77616e+00 1.78650e+01
5.20191e+00 3.58004e+00 1.83412e+01
1.65804e+01 3.93697e+00 1.84767e+01
8.56398e+00 3.74955e+00 1.85255e+01
4.16758e+01 4.15322e+00 1.86733e+01
5.87753e+01 4.18080e+00 1.87334e+01
6.07587e+01 4.13075e+00 1.87573e+01
1.64127e+01 3.73172e+00 2.03511e+01
4.93017e+01 4.05642e+00 2.08286e+01
7.02171e+01 4.24615e+00 2.10552e+01
5.84307e+01 4.11436e+00 2.11029e+01
7.16387e+01 4.28748e+00 2.20221e+01
7.39726e+01 4.00827e+00 2.21227e+01
2.90779e+01 3.85885e+00 2.22508e+01
1.54241e+01 3.74664e+00 2.22988e+01
3.78084e+01 4.03388e+00 2.27759e+01
4.75921e+01 4.09428e+00 2.30650e+01
5.81458e+00 3.75326e+00 2.33859e+01
1.42559e+01 3.68254e+00 2.36478e+01
3.73242e+01 4.06555e+00 2.38574e+01
1.69648e+01 3.96233e+00 2.39268e+01
2.47760e+01 3.84432e+00 2.42276e+01
5.82195e+00 3.82446e+00 2.48945e+01
7.12478e+01 4.21984e+00 2.50641e+01
1.05390e+01 3.71174e+00 3.34154e+01
5.87677e+01 4.11952e+00 3.34333e+01
2.88943e+01 3.94256e+00 3.36082e+01
2.89067e+01 3.81886e+00 3.37939e+01
3.10763e+01 3.97670e+00 3.45119e+01
1.53037e+01 3.83771e+00 3.49112e+01
4.17267e+01 3.79238e+00 3.50129e+01
2.08803e+01 4.01882e+00 3.52381e+01
7.63896e+00 3.72085e+00 3.53242e+01
1.85902e+01 3.79072e+00 3.55557e+01
3.13151e+01 4.17080e+00 3.59168e+01
2.96199e+01 3.83931e+00 3.63352e+01
7.58372e+01 4.19916e+00 3.63990e+01
1.01770e+01 3.80410e+00 3.77991e+01
7.66064e+01 4.15614e+00 3.82518e+01
8.86710e+00 3.73643e+00 3.90227e+01
4.48611e+01 4.29737e+00 3.93037e+01
2.94725e+01 3.96558e+00 3.94257e+01
5.26798e+00 3.68443e+00 3.94701e+01
3.08188e+01 3.98307e+00 3.97009e+01
7.44223e+01 4.26779e+00 4.02690e+01
2.26267e+01 3.78045e+00 4.02711e+01
2.95639e+01 4.03749e+00 4.03777e+01
6.82705e+01 4.14699e+00 4.05071e+01
7.20359e+01 4.13435e+00 4.05266e+01
4.85304e+00 3.73860e+00 4.05324e+01
1.14045e+01 3.77465e+00 4.16606e+01
5.73259e+01 3.97140e+00 4.22804e+01
6.61806e+01 4.07910e+00 4.25405e+01
7.79411e+01 4.08797e+00 4.34461e+01
7.68972e+01 4.22748e+00 4.37754e+01
1.05204e+01 3.72073e+00 4.37889e+01
5.97337e+01 4.05081e+00 4.39173e+01
1.04075e+01 3.71609e+00 4.48507e+01
7.87434e+01 4.21685e+00 4.51153e+01
4.94893e+00 3.66192e+00 4.54302e+01
1.01761e+01 3.73298e+00 4.54470e+01
1.60733e+01 3.79721e+00 4.55932e+01
7.54700e+01 4.15898e+00 4.56102e+01
7.68307e+01 4.20356e+00 4.56621e+01
2.81723e+01 4.01200e+00 4.68553e+01
7.74334e+01 4.24181e+00 4.73503e+01
4.62569e+00 3.63836e+00 4.77581e+01
2.48716e+01 3.86737e+00 4.80257e+01
2.33701e+01 3.91174e+00 4.84147e+01
7.30618e+01 4.08846e+00 4.88901e+01
5.01385e+00 3.74714e+00 4.89205e+01
3.19640e+01 4.00808e+00 4.92474e+01
5.10102e+01 4.10907e+00 4.96072e+01
6.26881e+01 4.23345e+00 5.04348e+01
5.40907e+01 4.14993e+00 5.11411e+01
2.38910e+01 3.99026e+00 5.11872e+01
2.35453e+01 3.88573e+00 5.18907e+01
3.24707e+00 3.44116e+00 5.21850e+01
6.64326e+01 4.16068e+00 5.28833e+01
1.69395e+01 3.75281e+00 5.28957e+01
4.41871e+00 3.67458e+00 5.31036e+01
4.95873e+01 4.10349e+00 5.36710e+01
5.14935e+01 4.27901e+00 5.48177e+01
2.26336e+01 3.72274e+00 5.50536e+01
7.41736e+01 4.18520e+00 5.51898e+01
4.30963e+01 3.96274e+00 5.56304e+01
7.54668e+01 4.22990e+00 5.56984e+01
9.57026e+00 3.75877e+00 5.61487e+01
7.83602e+01 4.17596e+00 5.62421e+01
7.34896e+01 4.18087e+00 5.66835e+01
5.54398e+01 4.04421e+00 5.69472e+01
7.15270e+01 4.22992e+00 5.70252e+01
6.50308e+01 4.24099e+00 5.74361e+01
2.63564e+01 4.00232e+00 5.76355e+01
6.19707e+01 4.27328e+00 5.86307e+01
4.05091e+00 3.66688e+00 5.88269e+01
6.67521e+01 4.28101e+00 5.93858e+01
3.02955e+01 3.97657e+00 5.94606e+01
1.95660e+01 3.83767e+00 6.00583e+01
5.02169e+00 3.69084e+00 6.04178e+01
1.12515e+01 3.75495e+00 6.06102e+01
2.14037e+01 4.03183e+00 6.07089e+01
6.08362e+01 4.16875e+00 6.17205e+01
1.58445e+01 3.77370e+00 6.25783e+01
6.77300e+01 4.07547e+00 6.27091e+01
1.85916e+01 3.66218e+00 6.28615e+01
7.47585e+01 4.23582e+00 6.29711e+01
4.93541e+01 3.89050e+00 6.32943e+01
7.87984e+01 4.39791e+00 6.33453e+01
7.11843e+01 4.36621e+00 6.38603e+01
5.31506e+01 4.14241e+00 6.52177e+01
1.15504e+01 3.70654e+00 6.52810e+01
3.89458e+00 3.71634e+00 6.54806e+01
4.96127e+01 4.16742e+00 6.55483e+01
3.15992e+01 3.91784e+00 6.62380e+01
7.95531e+01 4.26464e+00 6.63268e+01
2.17379e+01 3.90362e+00 6.64453e+01
5.50194e+00 3.78221e+00 6.65529e+01
4.73954e+01 4.08721e+00 6.67879e+01
4.57342e+01 4.08459e+00 6.78697e+01
1.33824e+01 3.63340e+00 6.84281e+01
6.43513e+01 4.24612e+00 6.94285e+01
6.76951e+01 4.37106e+00 6.96659e+01
3.72267e+01 4.09537e+00 6.96959e+01
4.59102e+00 3.80892e+00 7.00875e+01
6.83076e+01 4.10898e+00 7.01068e+01
1.06066e+01 3.67129e+00 7.02356e+01
7.87030e+01 4.15930e+00 7.02615e+01
2.95731e+01 3.84810e+00 7.05831e+01
6.21914e+01 4.24145e+00 7.07794e+01
5.29147e+01 4.07735e+00 7.21667e+01
7.24808e+01 4.18225e+00 7.26248e+01
8.37777e+00 3.82124e+00 7.32383e+01
5.85118e+01 4.17387e+00 7.34053e+01
4.82629e+01 4.14711e+00 7.37272e+01
5.01378e+01 3.93507e+00 7.37501e+01
2.00634e+01 3.90001e+00 7.37796e+01
1.18301e+01 3.70543e+00 7.39194e+01
7.05886e+01 4.36207e+00 7.45665e+01
5.07027e+01 3.99548e+00 7.49935e+01
2.22778e+01 3.96772e+00 7.50286e+01
9.01494e+00 3.71043e+00 7.50435e+01
7.14012e+00 3.77777e+00 7.55700e+01
2.74774e+01 3.88688e+00 7.56204e+01
6.06968e+00 3.75677e+00 7.57431e+01
5.61429e+01 4.02394e+00 7.69674e+01
1.66774e+01 3.91430e+00 7.71397e+01
3.93114e+01 3.97871e+00 7.73499e+01
3.50237e+01 3.87494e+00 7.74309e+01
5.64193e+01 4.17297e+00 7.77045e+01
5.78740e+01 4.13148e+00 7.78358e+01
6.49217e+01 4.23526e+00 7.82865e+01
3.47278e+00 3.62162e+00 7.83101e+01
7.36703e+01 4.19144e+00 7.85195e+01
4.27275e+01 4.03687e+00 7.90165e+01
5.55430e+01 4.01027e+00 7.91544e+01
1.17515e+01 3.87992e+00 7.94718e+01
6.29407e+00 3.68359e+00 7.97559e+01
1.00955e+01 3.82008e+00 8.01684e+01
4.85234e+01 3.82913e+00 8.02207e+01
4.64418e+01 4.06890e+00 8.09836e+01
1.19634e+01 3.81653e+00 8.10241e+01
3.51178e+01 4.06265e+00 8.14999e+01
8.63518e+00 3.65857e+00 8.15778e+01
1.44572e+01 3.68528e+00 8.16005e+01
5.07595e+01 4.00234e+00 8.18205e+01
5.83543e+01 4.24626e+00 8.18669e+01
1.48798e+01 3.93587e+00 8.21178e+01
7.35961e+01 4.24719e+00 8.22369e+01
7.51740e+01 4.27637e+00 8.23567e+01
1.80129e+01 3.90552e+00 8.25069e+01
2.45740e+01 3.99083e+00 8.27495e+01
2.30641e+01 3.82230e+00 8.31960e+01
4.67390e+01 4.01505e+00 8.41823e+01
1.66375e+01 3.94352e+00 8.51940e+01
3.42377e+01 4.01700e+00 8.56422e+01
2.37163e+01 3.89530e+00 8.59796e+01
2.85662e+01 4.05021e+00 8.64382e+01
4.74233e+01 4.10658e+00 8.64521e+01
7.34994e+01 4.11524e+00 8.66560e+01
2.17478e+01 3.85598e+00 8.67339e+01
3.42621e+01 3.91052e+00 8.68241e+01
3.74334e+01 3.98177e+00 8.69551e+01
7.94386e+01 4.09728e+00 8.71924e+01
1.49077e+01 3.84108e+00 8.80003e+01
2.98294e+01 4.02537e+00 8.86850e+01
1.49994e+01 3.70312e+00 8.90818e+01
5.44212e+01 4.01496e+00 8.94606e+01
7.43989e+01 4.11297e+00 9.37271e+01
6.93707e+01 4.10589e+00 9.40941e+01
3.71269e+01 4.16715e+00 9.51391e+01
1.58322e+01 3.88457e+00 9.51402e+01
5.93794e+01 3.85052e+00 9.52105e+01
1.21829e+01 3.75091e+00 9.52314e+01
5.48104e+01 4.34812e+00 9.57752e+01
3.47993e+01 3.89094e+00 9.60094e+01
1.69683e+01 4.02152e+00 9.63359e+01
2.54492e+01 3.94645e+00 9.66865e+01
4.07283e+01 4.00596e+00 9.70806e+01
6.91686e+01 4.12906e+00 9.81453e+01
3.38996e+00 3.78229e+00 9.84644e+01
3.11189e+01 3.84881e+00 9.84680e+01
3.34366e+01 3.85452e+00 9.89590e+01
3.59626e+01 3.87509e+00 9.89792e+01
3.15578e+01 4.13367e+00 9.91509e+01
2.65480e+01 3.83096e+00 9.91921e+01
6.55869e+00 3.73698e+00 9.95314e+01
2.47887e+01 3.88202e+00 1.00413e+02
1.88925e+01 3.93684e+00 1.00426e+02
7.11960e+01 4.21941e+00 1.01061e+02
1.94994e+01 3.86431e+00 1.01265e+02
3.16183e+00 3.59508e+00 1.01507e+02
1.68267e+01 3.79272e+00 1.02077e+02
5.08863e+01 4.01058e+00 1.02479e+02
1.35519e+01 3.74957e+00 1.02736e+02
1.04478e+01 3.67398e+00 1.02742e+02
2.26750e+01 3.87805e+00 1.03026e+02
7.22271e+01 4.09438e+00 1.03273e+02
5.22951e+01 4.02126e+00 1.03667e+02
7.74598e+01 4.23383e+00 1.03762e+02
6.50613e+01 3.91913e+00 1.05075e+02
1.25433e+01 3.76179e+00 1.05363e+02
3.94811e+01 4.03434e+00 1.05382e+02
6.99931e+01 4.25795e+00 1.05719e+02
3.29884e+01 4.06755e+00 1.06345e+02
6.31157e+01 4.06966e+00 1.06636e+02
6.88600e+01 4.39587e+00 1.07370e+02
4.86166e+01 4.14445e+00 1.07702e+02
1.59881e+01 3.65095e+00 1.07844e+02
4.36812e+01 4.00832e+00 1.07954e+02
6.19314e+01 4.19091e+00 1.07991e+02
7.59461e+01 4.22750e+00 1.08197e+02
2.25075e+01 3.85250e+00 1.08339e+02
5.76287e+01 4.05430e+00 1.08698e+02
5.98756e+01 4.22712e+00 1.09158e+02
4.76761e+01 3.96276e+00 1.09247e+02
6.13738e+01 4.16586e+00 1.09519e+02
6.85995e+00 3.64799e+00 1.09521e+02
6.41634e+01 4.13334e+00 1.09626e+02
3.11318e+01 3.79521e+00 1.10291e+02
6.27570e+01 4.27710e+00 1.10539e+02
3.60388e+00 3.58138e+00 1.10571e+02
2.47854e+01 3.90533e+00 1.11259e+02
4.96386e+00 3.63514e+00 1.11713e+02
6.03199e+01 4.20040e+00 1.11944e+02
2.75261e+01 3.93352e+00 1.12130e+02
3.95245e+01 4.08645e+00 1.12223e+02
4.46019e+01 4.07530e+00 1.12363e+02
6.12030e+01 4.12978e+00 1.14141e+02
4.21442e+01 4.04006e+00 1.14921e+02
7.59284e+00 3.72275e+00 1.15515e+02
5.52629e+01 4.09493e+00 1.15692e+02
2.12891e+01 3.95436e+00 1.15742e+02
