0   50
0.9 50
1.03500000000000	49.9995803205472
1.08935518550046	49.9997152874793
1.15300000000000	49.9995981833893
1.21200000000000	49.9995643938254
1.26882488322073	49.9995879482806
1.32758739685006	49.9995353652866
1.38974927406855	49.9993642769890
1.45000000000000	49.9992216239517
1.51201401822549	49.9989223758013
1.58009000000000	49.9986803170825
1.65400000000000	49.9981840787842
1.71968403205499	49.9978754537800
1.78539974949823	49.9975339511637
1.85431500000000	49.9970057622929
1.92100000000000	49.9965063200242
1.98300000000000	49.9960178268537
2.04750800000000	49.9954902182637
2.11460000000000	49.9949291614548
2.17886069155252	49.9944866307581
2.24860000000000	49.9938671070464
2.31830000000000	49.9934093637282
2.38652434238861	49.9926564669550
2.44900000000000	49.9922675759609
2.51024121540771	49.9919988419578
2.57565146751121	49.9919881885356
2.63777545251697	49.9916581166701
2.70437000000000	49.9908535185689
2.76878945759336	49.9906702023390
2.82777908105739	49.9904877298301
2.89945631560067	49.9907813174221
2.96730766028752	49.9903713782801
3.03378000000000	49.9907831740308
3.10242310449022	49.9906873589916
3.17200000000000	49.9910064105040
3.24109000000000	49.9914491785473
3.30530000000000	49.9910713803923
3.36735306781041	49.9916209453144
3.42900000000000	49.9922803096220
3.48644641331446	49.9925337791026
3.54917580661184	49.9934171514972
3.60907590167504	49.9940003408439
3.67465649821038	49.9952659649552
3.73741301584102	49.9959281686386
3.80800000000000	49.9962126119952
3.87079368738763	49.9973049107848
3.93931041724196	49.9981400006201
4.00700000000000	49.9985608979722
4.06900000000000	49.9995507983524
4.13160000000000	50.0005893462018
4.19440682647986	50.0015563946184
4.26184025693678	50.0018786448659
4.33170000183159	50.0030521771966
4.39653958676163	50.0039736846004
4.45750520934225	50.0045865506312
4.51840000000000	50.0052433412771
4.58667200000000	50.0056884067158
4.64500000000000	50.0062500308064
4.71007200000000	50.0071517242628
4.77707200000000	50.0079572200563
4.84015219025488	50.0082867911007
4.90660000000000	50.0086022235397
4.97000000000000	50.0092198295384
5.03160000000000	50.0096738212139
5.09130000000000	50.0099650966823
5.15713791791708	50.0101623939424
5.21769310465364	50.0103133506318
5.28460000000000	50.0100191787414
5.35624933384882	50.0103909540100
5.41526764546761	50.0103728422794
5.47900000000000	50.0101180341050
5.54430000000000	50.0097718080312
5.60868524448686	50.0096095436030
5.66957716754512	50.0093356111161
5.73700000000000	50.0090156365584
5.80100000000000	50.0083828330023
5.86558939535692	50.0077742379747
5.94062100000000	50.0071165133715
6.00205313800160	50.0064524255512
6.06530000000000	50.0058037462137
6.12873295600751	50.0052282191443
6.19853880603252	50.0044077999613
6.26161377964403	50.0036009406647
6.32148113666589	50.0028559473944
6.38878234797628	50.0020869174742
6.45900000000000	50.0011237669188
6.52428957494502	50.0000739538643
6.57721839369285	49.9996346438558
6.64002342987610	49.9987346949052
6.70429638442507	49.9978365074144
6.76243868220920	49.9971277757804
6.83219289114899	49.9964962382355
6.89619358420995	49.9957948268556
6.96490000000000	49.9950048389841
7.02783305601281	49.9944946408009
7.09700000000000	49.9939247790491
7.16400000000000	49.9934446802835
7.23331500000000	49.9931887937119
7.30079983000000	49.9927237275661
7.36742232214410	49.9926075470957
7.42796665370200	49.9925643758705
7.48960841733386	49.9925840737818
7.55727633077121	49.9924810361170
7.62939449170099	49.9927366679456
7.69356693170093	49.9928658180958
7.75640510722933	49.9931483254939
7.82620871051325	49.9933925855372
7.88951922448790	49.9938175593691
7.95400000000000	49.9941232110483
8.02100000000000	49.9944178816636
8.08350093006055	49.9948600053494
8.14821923355872	49.9954357004749
8.21660000000000	49.9959019830841
8.28100000000000	49.9962240835484
8.34543171925353	49.9967696740396
8.40360000000000	49.9971737196038
8.47155336781051	49.9979225845572
8.53902388048803	49.9982561633041
8.60740000000000	49.9988278486244
8.67264977286848	49.9993975971991
8.74327132878506	49.9997564790703
8.81113125686093	50.0003525694070
8.87880628307743	50.0007416852452
8.93945505110146	50.0010999482241
9.00546868473856	50.0014661301067
9.06922538555492	50.0018377718737
9.13578750271541	50.0021782271382
9.19600000000000	50.0024311497332
9.27500000000000	50.0026024633759
9.33800000000000	50.0026989629396
9.39925274967758	50.0027832168114
9.47259194262323	50.0030263271728
9.54524000000001	50.0028702129621
9.60923272487522	50.0029872705536
9.67400000000000	50.0030604236060
9.74160000000000	50.0028159518571
9.80700000000000	50.0026615044391
9.87553014469075	50.0025978877732
9.94220380795726	50.0022046393691
10.0070000000000	50.0020949113821
10.0706268658242	50.0019605942352
10.1436000000000	50.0014187424755
10.2046630512153	50.0011801624170
10.2713558154295	50.0010928088802
10.3325503894693	50.0008675668798
10.3995295778964	50.0004563109422
10.4677151929245	50.0001903677446
10.5285323062679	49.9999796373789
10.5937436647238	49.9998535152419
10.6555947383348	49.9996226938999
10.7189393993274	49.9993342569700
10.7864500000000	49.9991572777596
10.8591519761244	49.9990003621140
10.9235299073914	49.9988128503603
10.9920000000000	49.9988657666687
11.0474965761393	49.9986775355775
11.1130000000000	49.9987140804996
11.1744769950035	49.9986580432372
11.2422132357962	49.9984720469963
11.3092705496425	49.9986606486518
11.3750000000000	49.9987779688578
11.4477200000000	49.9987137911186
11.5110000000000	49.9987631511057
11.5790000000000	49.9988396794260
11.6488643866664	49.9990327940743
11.7155170500883	49.9991036363893
11.7737044000000	49.9987154042585
11.8425074914324	49.9995890940302
11.9107425000000	49.9994651311217
11.9770000000000	49.9994367422938
12.0445168907200	50.0003702826404
12.1157601173728	49.9998415203816
12.1810000000000	50.0006428557386
12.2500000000000	50.0006454946371
12.3148667172666	50.0004797116237
12.3777161733055	50.0008563557206
12.4403600000000	50.0013834914226
12.5105457029764	50.0013444692853
12.5816632528963	50.0018710353220
12.6500000000000	50.0018784703716
12.7087348471456	50.0022219737302
12.7753998534581	50.0020611709351
12.8467223374460	50.0028124374623
12.9133000000000	50.0024201320437
12.9830000000000	50.0031938113924
13.0450000000000	50.0032875729653
13.1137484790446	50.0027246875249
13.1783000000000	50.0030859119029
13.2450000000000	50.0035217089633
13.3092104850368	50.0030120484685
13.3754403974475	50.0025049379897
13.4310000000000	50.0025174695282
13.4884457941393	50.0026480608763
13.5570000000000	50.0020201054855
13.6182151930874	50.0019188776649
13.6845302099135	50.0020344975561
13.7502494738703	50.0012133664174
13.8107623710327	50.0008165088526
13.8754800000000	50.0002170966462
13.9414111796836	50.0003293391547
14.0080000000000	49.9997775943084
14.0690000000000	49.9992843414771
14.1276816604377	49.9990345469505
14.1903825000000	49.9983418823649
14.2519000000000	49.9978062865992
14.3201710789348	49.9976837924363
14.3900000000000	49.9970892742687
14.4575347803757	49.9966288893347
14.5200900000000	49.9965931672274
14.5831800000000	49.9965263977157
14.6476000000000	49.9960081116473
14.7160000000000	49.9953724010042
14.7816205195707	49.9957349950016
14.8480900000000	49.9955147298601
14.9180900000000	49.9951940283843
14.9840900000000	49.9956542907550
15.0465962237145	49.9956856704010
15.1103900000000	49.9954842276675
15.1770000000000	49.9955997187453
15.2381920857392	49.9958883596342
15.3055159597382	49.9965416390675
15.3622556950903	49.9967386777511
15.4322454830743	49.9966224002180
15.4961957274153	49.9969775727279
15.5574136368862	49.9973950633680
15.6260000000000	49.9982933121003
15.6840000000000	49.9987681727899
15.7473000000000	49.9991764455484
15.8110000000000	49.9992977128505
15.8746300000000	49.9996569781541
15.9420000000000	50.0007753782290
16.0054819264675	50.0013833825696
16.0753700000000	50.0012942602753
16.1454000000000	50.0023920622259
16.2096125196762	50.0023889398867
16.2704859180393	50.0026579661932
16.3360000000000	50.0029003579710
16.3950000000000	50.0032000672061
16.4660000000000	50.0041202622568
16.5384781903300	50.0039916036496
16.6061799913267	50.0046051725113
16.6750000000000	50.0040737452825
16.7420716896025	50.0048299239242
16.8101398600000	50.0046068739222
16.8673992191108	50.0049095805852
16.9400000000000	50.0046710183352
17.0016000000000	50.0047366173141
17.0620654822546	50.0046765676541
17.1302402647878	50.0041071185468
17.1950000000000	50.0037143751356
17.2592390817058	50.0037670008549
17.3187732661707	50.0032885254334
17.3793000000000	50.0031001080072
17.4481728411655	50.0027957556324
17.5088026498057	50.0024455176494
17.5787584614177	50.0020238386551
17.6397789848794	50.0017475292236
17.7093548505375	50.0012337109036
17.7776000000000	50.0007162072104
17.8420000000000	50.0006218174106
17.9080000000000	49.9999912595552
17.9753878458145	49.9992343656767
18.0355490443062	49.9988909316757
18.0982152382713	49.9986940083434
18.1656299947018	49.9985477512912
18.2333000000000	49.9976819501544
18.2992593351427	49.9975846469722
18.3666565321221	49.9974411838221
18.4348850330412	49.9966944892329
18.4976543384835	49.9966005248194
18.5589322648609	49.9963189676720
18.6222326327305	49.9964479896140
18.6863000000000	49.9963612109088
18.7489376891277	49.9960794093541
18.8165283488031	49.9956020372024
18.8872826541875	49.9960734749617
18.9536216000000	49.9955783219295
19.0130000000000	49.9956399088653
19.0790000000000	49.9958453682904
19.1404289297154	49.9959802529759
19.2055867166954	49.9963982607570
19.2755000000001	49.9961357276036
19.3455639373167	49.9967534661615
19.4161800000000	49.9966581230907
19.4873293413282	49.9973996469140
19.5537800000000	49.9973885360039
19.6185728493417	49.9978053948976
19.6808375313858	49.9983414222269
19.7455085732039	49.9988522863128
19.8164995149312	49.9990920257002
19.8876053945819	49.9998115980269
19.9528229889107	50.0000141906847
20.0245267954495	50.0006935763759
20.0910000000000	50.0010045552866
20.1563000000000	50.0012679057255
20.2254355979249	50.0020681390970
20.2942451356037	50.0021590078297
20.3621090748015	50.0026581393799
20.4335412953488	50.0027719041149
20.4990000000000	50.0030261090129
20.5595472954064	50.0032358063322
20.6256055511537	50.0037305274141
20.6954437769431	50.0035640461598
20.7640000000000	50.0039101660636
20.8266013785785	50.0040433424446
20.8988965448433	50.0037983271851
20.9701106558878	50.0038614568278
21.0321215521482	50.0035741161194
21.0954596230302	50.0033438751756
21.1591588345244	50.0030786104329
21.2234409455447	50.0029070672520
21.2960000000000	50.0024801745757
21.3630000000000	50.0022082048617
21.4230000000000	50.0019181662549
21.4898082395400	50.0017020086991
21.5570140165726	50.0012089123426
21.6240705799930	50.0009315847764
21.6905735779953	50.0006105371669
21.7570196316370	50.0001041803882
21.8130000000000	49.9999026660765
21.8861800000000	49.9995311824120
21.9488812580500	49.9992953185947
22.0133150000000	49.9988628511305
22.0730000000000	49.9986223266007
22.1389167887360	49.9982073141537
22.2003598173723	49.9979990086627
22.2666077416349	49.9978943925940
22.3289293590984	49.9977342678246
22.3955970374748	49.9974359324258
22.4636638084741	49.9971644912410
22.5253472073559	49.9971065955727
22.5873900000000	49.9971487201807
22.6600270000000	49.9968876699179
22.7260000000000	49.9971315470662
22.7960900000000	49.9969775895122
22.8622475565625	49.9969905180680
22.9290000000000	49.9973687072454
22.9970485476433	49.9971807648628
23.0639095606726	49.9975702222979
23.1273240000000	49.9978770395582
23.1988400000000	49.9977263644213
23.2588753885721	49.9979268228676
23.3250000000000	49.9986032659700
23.3927240580139	49.9988227347215
23.4543844254514	49.9990128042000
23.5180000000000	49.9991966421572
23.5853000000000	49.9998394818600
23.6482579244269	50.0002266178332
23.7120000000000	50.0004901243227
23.7767588932204	50.0005205140115
23.8383600000000	50.0007939946280
23.8973308144832	50.0011016982348
23.9627618584145	50.0014159489464
24.0307860304034	50.0019498091622
24.0873747921829	50.0022318380088
24.1608851533737	50.0022274224949
24.2280700647804	50.0027900803591
24.2906635127072	50.0029763073810
24.3556690597462	50.0028590163437
24.4209377895670	50.0027618950930
24.4866374686832	50.0031881153967
24.5506033397613	50.0033206977709
24.6211597268953	50.0030386688972
24.6893000000000	50.0034042240330
24.7583000000000	50.0029784813132
24.8243433423605	50.0031253174639
24.8860000000000	50.0031552223623
24.9441468722585	50.0029212495765
25.0036909226076	50.0026760949475
25.0666000000000	50.0027017728375
25.1287921381644	50.0025618115520
25.1916000000000	50.0022951329989
25.2521476624782	50.0020249736967
25.3170000000000	50.0010092458661
25.3819603059227	50.0004558966111
25.4457024552774	50.0001328179131
25.5167855309123	49.9999214070218
25.5790000000000	49.9994954145655
25.6489168264838	49.9993358730809
25.7137417121335	49.9990799128909
25.7877347000000	49.9985507492772
25.8509263754848	49.9984351856776
25.9163907357231	49.9980426221254
25.9847758277012	49.9975416480966
26.0536000000000	49.9976176424415
26.1160900000000	49.9973119526237
26.1760000000000	49.9971558341063
26.2393630550415	49.9967965450395
26.3054473823834	49.9967284331701
26.3622636138690	49.9965182810020
26.4244822524338	49.9965178164678
26.4955983432424	49.9966694664438
26.5648709691714	49.9963510278998
26.6360140589862	49.9965350022694
26.7100000000000	49.9966707106218
26.7755908495872	49.9967339016525
26.8426499236234	49.9965385181504
26.9113792329926	49.9970433600059
26.9820000000000	49.9968746640866
27.0430000000000	49.9970677016176
27.1060000000000	49.9974310169739
27.1720000000000	49.9980280061079
27.2371536950741	49.9984091763765
27.3046785600000	49.9986303605619
27.3653496973583	49.9989077617964
27.4341547435373	49.9993474209678
27.4992587887905	49.9995094120173
27.5610000000000	49.9998666878726
27.6255049285997	50.0002724061509
27.6868400000000	50.0006384037436
27.7566000000000	50.0010069423268
27.8224437266724	50.0012626250415
27.8836875298886	50.0015985013729
27.9505898156035	50.0020245241622
28.0100000000000	50.0023360303853
28.0773240000000	50.0026435380021
28.1495751722828	50.0029184719383
28.2191098982666	50.0030162638579
28.2820825503120	50.0033134646639
28.3552053088944	50.0034926448152
28.4187737226262	50.0035406879187
28.4792670801751	50.0034895479314
28.5491905509521	50.0034859193067
28.6168400000000	50.0034936576787
28.6783150000000	50.0034258898139
28.7442997988154	50.0032753131747
28.8054542833522	50.0031800607104
28.8671403803562	50.0030110277790
28.9354654508969	50.0028322709550
29.0040000000000	50.0025495426725
29.0717765188378	50.0023242518709
29.1406000000000	50.0021026706288
29.2081382462941	50.0016950748927
29.2790000000000	50.0014557694859
29.3472054392893	50.0010999279151
29.4121582904863	50.0008620697006
29.4786929193674	50.0005063057210
29.5405667477627	50.0001623335825
29.6090000000000	49.9997758281571
29.6776494922510	49.9995418027070
29.7471800000000	49.9990287897515
29.8155527319711	49.9989113383881
29.8820000000000	49.9984716802339
29.9455633947419	49.9981715673282
30.0032306807622	49.9979906529631
30.0689014737381	49.9977898301165
30.1353150000000	49.9977517856007
30.2040000000000	49.9973958826066
30.2683000000000	49.9973265665298
30.3284600479967	49.9972556046166
30.3934436869118	49.9972273912174
30.4596499623864	49.9971152716248
30.5255696755528	49.9970068473004
30.5960000000000	49.9972582087138
30.6597958925304	49.9972756952757
30.7230000000000	49.9972728550561
30.7865040798152	49.9972965656637
30.8564404753940	49.9977820267557
30.9219018793629	49.9976867335303
30.9862708207511	49.9978126172645
31.0550000000000	49.9984690302518
31.1258384587915	49.9983236119122
31.1910000000000	49.9988979322769
31.2580000000000	49.9991741926323
31.3202513157872	49.9992113936891
31.3883000000000	49.9993949983723
31.4596500726614	49.9997453576976
31.5274632040656	49.9998882351708
31.5925957198364	50.0003881316689
31.6685105117242	50.0004938144483
31.7364615477976	50.0009351931361
31.7979172683364	50.0011475668038
31.8586258685257	50.0013254428867
31.9193000000000	50.0014718876724
31.9847570789783	50.0014929544142
32.0512756093131	50.0018120804167
32.1233000000000	50.0017182887013
32.1902908203298	50.0019529268738
32.2576438000000	50.0022115058152
32.3208136850799	50.0021683349022
32.3880000000000	50.0021489935732
32.4462509689646	50.0021472530719
32.5186000000000	50.0024053242679
32.5780672164257	50.0024159781544
32.6452148325400	50.0017795674618
32.7080000000000	50.0017967757080
32.7707002861374	50.0019412442708
32.8363000000000	50.0021548908564
32.9066786258067	50.0013396259914
32.9770000000000	50.0017382057015
33.0411930267833	50.0011890110447
33.1188437070830	50.0011834787825
33.1870000000000	50.0004877018182
33.2488551495248	50.0004052945985
33.3102700000000	50.0002791114843
33.3693860280824	49.9999745949970
33.4353000000000	50.0000221794039
33.5030000000000	49.9992455122710
33.5696414515011	49.9992116950653
33.6403000000000	49.9989972337410
33.7051934933035	49.9985727446215
33.7688944631026	49.9985835395157
33.8332363009489	49.9987009010378
33.9040900000000	49.9980731664892
33.9780000000000	49.9983512891383
34.0430000000000	49.9979454326051
34.1113297484230	49.9982969087782
34.1712544578455	49.9982801872519
34.2410000000000	49.9980234385157
34.3080000000000	49.9977407498109
34.3760000000000	49.9984186433265
34.4391516157754	49.9978990913299
34.5080000000000	49.9977735127726
34.5648528625511	49.9976273360256
34.6225901211784	49.9977959280617
34.6921581157974	49.9985802495551
34.7557516056313	49.9987128628308
34.8250000000000	49.9980573431971
34.8936000000000	49.9989813871580
34.9636000000000	49.9983118989532
35.0276052533111	49.9987120613417
35.0939238537513	49.9994855482919
35.1591931038622	49.9993748955069
35.2270702967891	49.9992977225265
35.2921650210733	50.0001432910936
35.3580000000000	50.0002744021810
35.4284386756841	50.0001381546728
35.4992477019871	50.0004359605815
35.5635200024059	50.0004481557833
35.6254745674769	50.0006540282476
35.6896614492976	50.0011890036523
35.7521248321754	50.0016805721873
35.8154707366858	50.0020018626540
35.8787949908681	50.0014123341100
35.9421271118762	50.0014124851745
36.0067654224512	50.0015919668065
36.0790000000000	50.0019885576820
36.1416000000000	50.0019478402608
36.2087724899515	50.0020525124571
36.2786597965900	50.0023564666111
36.3470270000000	50.0021239193599
36.4080000000000	50.0022281371216
36.4754713169130	50.0025362503698
36.5430000000000	50.0021090223818
36.6001871340879	50.0022303940335
36.6607661250000	50.0021357893345
36.7335052974949	50.0021189997063
36.8010000000000	50.0017091885137
36.8636041887433	50.0014564410559
36.9270000000000	50.0012940835919
36.9888415427981	50.0011697296623
37.0497386177273	50.0010120164964
37.1163000000000	50.0009011731475
37.1896963943973	50.0003475550649
37.2574953699227	50.0001675755064
37.3270000000000	49.9996543761813
37.3897474351735	49.9995001461373
37.4536000000000	49.9994261695899
37.5205764951314	49.9990863095487
37.5850000000000	49.9987044356966
37.6470000000000	49.9984866787021
37.7176724519748	49.9984171893735
37.7874400000000	49.9980292034833
37.8504028095171	49.9979014750715
37.9155689234721	49.9977941620516
37.9854309530615	49.9974592602863
38.0489010848663	49.9974802442946
38.1181410065304	49.9976194711140
38.1885132125590	49.9974750673387
38.2566733423999	49.9977627348276
38.3200270000000	49.9977437627879
38.3888934051644	49.9976056000637
38.4572985299888	49.9979813450658
38.5250000000000	49.9978847892921
38.5884127315451	49.9980927883630
38.6513229145340	49.9984136704986
38.7188692361266	49.9986937852974
38.7832825204297	49.9987276608315
38.8488574840173	49.9989486194189
38.9181800000000	49.9994426007669
38.9843000000000	49.9995580676818
39.0482491919428	49.9997658971374
39.1155016692528	50.0001463480397
39.1788279683405	50.0003633155716
39.2405094037833	50.0005862103184
39.3062826145993	50.0006697077296
39.3739589263436	50.0010821415543
39.4425039631917	50.0013300367701
39.5100000000000	50.0013395661588
39.5718400000000	50.0013969426851
39.6393483706287	50.0018286066361
39.7021225878620	50.0019248396138
39.7703000000000	50.0018618177600
39.8321254588590	50.0020322830576
39.8961171074205	50.0023186843496
39.9575619044876	50.0024512365861
40.0270540000000	50.0022593554785
40.0903129015915	50.0022580513903
40.1640000000000	50.0022479399336
40.2345091535219	50.0023954880576
40.3110000000000	50.0020205472315
40.3795267827684	50.0023012418749
40.4504619125992	50.0017223517032
40.5096000000000	50.0015297493427
40.5671387585931	50.0014024234544
40.6385826446404	50.0016800405753
40.7070000000000	50.0010248087942
40.7754870193910	50.0012137597796
40.8470000000000	50.0005859642400
40.9185416644166	50.0007767350714
40.9910000000000	50.0001381858020