0   50
0.9 50
1.03500000000000	49.9994473736385
1.08935518550046	49.9980642738994
1.15300000000000	49.9965259408931
1.21200000000000	49.9951995510720
1.26882488322073	49.9940268691186
1.32758739685006	49.9928342148951
1.38974927406855	49.9915274892134
1.45000000000000	49.9903292238812
1.51201401822549	49.9891755093616
1.58009000000000	49.9881716063159
1.65400000000000	49.9867283452676
1.71968403205499	49.9859771184714
1.78539974949823	49.9850639743378
1.85431500000000	49.9841410489618
1.92100000000000	49.9837488272360
1.98300000000000	49.9833099641433
2.04750800000000	49.9828432522782
2.11460000000000	49.9826097780865
2.17886069155252	49.9826585623751
2.24860000000000	49.9826317448586
2.31830000000000	49.9829604363789
2.38652434238861	49.9834100234584
2.44900000000000	49.9837870624088
2.51024121540771	49.9843966440267
2.57565146751121	49.9851699705662
2.63777545251697	49.9861423420054
2.70437000000000	49.9873949623781
2.76878945759336	49.9882569739265
2.82777908105739	49.9894976739999
2.89945631560067	49.9909414782974
2.96730766028752	49.9924322449052
3.03378000000000	49.9936622094370
3.10242310449022	49.9955447159528
3.17200000000000	49.9968980989214
3.24109000000000	49.9988191637172
3.30530000000000	50.0002996819781
3.36735306781041	50.0016423378896
3.42900000000000	50.0029947570855
3.48644641331446	50.0043560455190
3.54917580661184	50.0056276821020
3.60907590167504	50.0068975799289
3.67465649821038	50.0080649947961
3.73741301584102	50.0092880217831
3.80800000000000	50.0105479201537
3.87079368738763	50.0114146800193
3.93931041724196	50.0124508831761
4.00700000000000	50.0132735146603
4.06900000000000	50.0137880341356
4.13160000000000	50.0141965717388
4.19440682647986	50.0145471401584
4.26184025693678	50.0150300034347
4.33170000183159	50.0149110269041
4.39653958676163	50.0149357151854
4.45750520934225	50.0148068542993
4.51840000000000	50.0145573191213
4.58667200000000	50.0142415753942
4.64500000000000	50.0138188204811
4.71007200000000	50.0130464674231
4.77707200000000	50.0123126734539
4.84015219025488	50.0116469122557
4.90660000000000	50.0107257995846
4.97000000000000	50.0096582182667
5.03160000000000	50.0086235617257
5.09130000000000	50.0076266381564
5.15713791791708	50.0065529002518
5.21769310465364	50.0054637839492
5.28460000000000	50.0042958913312
5.35624933384882	50.0028719814512
5.41526764546761	50.0017491568884
5.47900000000000	50.0006811161297
5.54430000000000	49.9996212857890
5.60868524448686	49.9983948795703
5.66957716754512	49.9972731896170
5.73700000000000	49.9962452706664
5.80100000000000	49.9953927282163
5.86558939535692	49.9945372295636
5.94062100000000	49.9936141912838
6.00205313800160	49.9929749438221
6.06530000000000	49.9923784039963
6.12873295600751	49.9917878034249
6.19853880603252	49.9913357875121
6.26161377964403	49.9911384066157
6.32148113666589	49.9909374855109
6.38878234797628	49.9907079560512
6.45900000000000	49.9908141794922
6.52428957494502	49.9908789552537
6.57721839369285	49.9910013505232
6.64002342987610	49.9913688416468
6.70429638442507	49.9917528564989
6.76243868220920	49.9922275883908
6.83219289114899	49.9926781011274
6.89619358420995	49.9933390895811
6.96490000000000	49.9941755977061
7.02783305601281	49.9948784719858
7.09700000000000	49.9957429026499
7.16400000000000	49.9966248910625
7.23331500000000	49.9973400654953
7.30079983000000	49.9983759304857
7.36742232214410	49.9990979308747
7.42796665370200	49.9997912143063
7.48960841733386	50.0004892898249
7.55727633077121	50.0012678767701
7.62939449170099	50.0019899765184
7.69356693170093	50.0026026977265
7.75640510722933	50.0032170987693
7.82620871051325	50.0038286058489
7.88951922448790	50.0041326048159
7.95400000000000	50.0044683939556
8.02100000000000	50.0049385589440
8.08350093006055	50.0050885245170
8.14821923355872	50.0051392707036
8.21660000000000	50.0051814042425
8.28100000000000	50.0052542695850
8.34543171925353	50.0051517927653
8.40360000000000	50.0049176690800
8.47155336781051	50.0044858610098
8.53902388048803	50.0042611759015
8.60740000000000	50.0038674206170
8.67264977286848	50.0033030687730
8.74327132878506	50.0029509017534
8.81113125686093	50.0021973147004
8.87880628307743	50.0016252293567
8.93945505110146	50.0010755386144
9.00546868473856	50.0004854475407
9.06922538555492	49.9996657195351
9.13578750271541	49.9989725654234
9.19600000000000	49.9983580126434
9.27500000000000	49.9975372680919
9.33800000000000	49.9970201820367
9.39925274967758	49.9965305220148
9.47259194262323	49.9958370669071
9.54524000000001	49.9954595529696
9.60923272487522	49.9949452542764
9.67400000000000	49.9945571798062
9.74160000000000	49.9944254610051
9.80700000000000	49.9941793276986
9.87553014469075	49.9939027284847
9.94220380795726	49.9940399689589
10.0070000000000	49.9939727273544
10.0706268658242	49.9939610401139
10.1436000000000	49.9942628668304
10.2046630512153	49.9945000981720
10.2713558154295	49.9947946854509
10.3325503894693	49.9950943889193
10.3995295778964	49.9956518002953
10.4677151929245	49.9961938565287
10.5285323062679	49.9967625016019
10.5937436647238	49.9972917094474
10.6555947383348	49.9979778101129
10.7189393993274	49.9986981723153
10.7864500000000	49.9994768827465
10.8591519761244	50.0003463332810
10.9235299073914	50.0011835044588
10.9920000000000	50.0017977120003
11.0474965761393	50.0025628099391
11.1130000000000	50.0031380997668
11.1744769950035	50.0038326783680
11.2422132357962	50.0047193884483
11.3092705496425	50.0052980728075
11.3750000000000	50.0058306812373
11.4477200000000	50.0064626721917
11.5110000000000	50.0068332899805
11.5790000000000	50.0073563369561
11.6488643866664	50.0078174659497
11.7155170500883	50.0079480605502
11.7737044000000	50.0079733475986
11.8425074914324	50.0082874445856
11.9107425000000	50.0081339623861
11.9770000000000	50.0079804207029
12.0445168907200	50.0080460598998
12.1157601173728	50.0074423432122
12.1810000000000	50.0072941319084
12.2500000000000	50.0066256272477
12.3148667172666	50.0061037843529
12.3777161733055	50.0055892057500
12.4403600000000	50.0050995053853
12.5105457029764	50.0042068258279
12.5816632528963	50.0035975776855
12.6500000000000	50.0025459898582
12.7087348471456	50.0018079695851
12.7753998534581	50.0006649653942
12.8467223374460	50.0000004167447
12.9133000000000	49.9988193840756
12.9830000000000	49.9980255457536
13.0450000000000	49.9971617930121
13.1137484790446	49.9959341712556
13.1783000000000	49.9952162820451
13.2450000000000	49.9945655084410
13.3092104850368	49.9937021097689
13.3754403974475	49.9928166071423
13.4310000000000	49.9923926451219
13.4884457941393	49.9920157312561
13.5570000000000	49.9914071550913
13.6182151930874	49.9910736564360
13.6845302099135	49.9909537955643
13.7502494738703	49.9905928390043
13.8107623710327	49.9904628690851
13.8754800000000	49.9903902081208
13.9414111796836	49.9907803962705
14.0080000000000	49.9909833301403
14.0690000000000	49.9912523269337
14.1276816604377	49.9916755785805
14.1903825000000	49.9919799758716
14.2519000000000	49.9924499799164
14.3201710789348	49.9932895616317
14.3900000000000	49.9940930403979
14.4575347803757	49.9947668547920
14.5200900000000	49.9957059191477
14.5831800000000	49.9966707443485
14.6476000000000	49.9976276110962
14.7160000000000	49.9983535029455
14.7816205195707	49.9995973021131
14.8480900000000	50.0005784551110
14.9180900000000	50.0014145536489
14.9840900000000	50.0026544665662
15.0465962237145	50.0035184556074
15.1103900000000	50.0041952093271
15.1770000000000	50.0048879940553
15.2381920857392	50.0057453717130
15.3055159597382	50.0067289135612
15.3622556950903	50.0072360727135
15.4322454830743	50.0075395678169
15.4961957274153	50.0078855739321
15.5574136368862	50.0082677790585
15.6260000000000	50.0088886496044
15.6840000000000	50.0090665819085
15.7473000000000	50.0091059485999
15.8110000000000	50.0089118736814
15.8746300000000	50.0087452365852
15.9420000000000	50.0088261710798
16.0054819264675	50.0086190326692
16.0753700000000	50.0079135018372
16.1454000000000	50.0078043781020
16.2096125196762	50.0070943533687
16.2704859180393	50.0064818501183
16.3360000000000	50.0056939539437
16.3950000000000	50.0050246997621
16.4660000000000	50.0045728181075
16.5384781903300	50.0033658302302
16.6061799913267	50.0027385565918
16.6750000000000	50.0014420610283
16.7420716896025	50.0009526140570
16.8101398600000	49.9997725335635
16.8673992191108	49.9991669557644
16.9400000000000	49.9981233427483
17.0016000000000	49.9974211442355
17.0620654822546	49.9966790790780
17.1302402647878	49.9957569410576
17.1950000000000	49.9948327252538
17.2592390817058	49.9943897766206
17.3187732661707	49.9938653995167
17.3793000000000	49.9933660478489
17.4481728411655	49.9929477151291
17.5088026498057	49.9925542837201
17.5787584614177	49.9922699590496
17.6397789848794	49.9922147237392
17.7093548505375	49.9920213282585
17.7776000000000	49.9918366485284
17.8420000000000	49.9921935790607
17.9080000000000	49.9923187859512
17.9753878458145	49.9922879313056
18.0355490443062	49.9925925292247
18.0982152382713	49.9929999289370
18.1656299947018	49.9938718064662
18.2333000000000	49.9939430938455
18.2992593351427	49.9946633578189
18.3666565321221	49.9956328077377
18.4348850330412	49.9959396963803
18.4976543384835	49.9967829768246
18.5589322648609	49.9975634909235
18.6222326327305	49.9986169930726
18.6863000000000	49.9994763930799
18.7489376891277	50.0000902647725
18.8165283488031	50.0006925798502
18.8872826541875	50.0019114676071
18.9536216000000	50.0023467288553
19.0130000000000	50.0030483258480
19.0790000000000	50.0038679660775
19.1404289297154	50.0045728111422
19.2055867166954	50.0053782584651
19.2755000000001	50.0054373472392
19.3455639373167	50.0063675601603
19.4161800000000	50.0062764886943
19.4873293413282	50.0070731705319
19.5537800000000	50.0068398352347
19.6185728493417	50.0070670167313
19.6808375313858	50.0072981045473
19.7455085732039	50.0074134208675
19.8164995149312	50.0068268588565
19.8876053945819	50.0069490989618
19.9528229889107	50.0062880261218
20.0245267954495	50.0063040845925
20.0910000000000	50.0054439478220
20.1563000000000	50.0048145018987
20.2254355979249	50.0046280102287
20.2942451356037	50.0035797131608
20.3621090748015	50.0032235503613
20.4335412953488	50.0020992208031
20.4990000000000	50.0015274993507
20.5595472954064	50.0009151388235
20.6256055511537	50.0003461309979
20.6954437769431	49.9991044817062
20.7640000000000	49.9988196816156
20.8266013785785	49.9980551073983
20.8988965448433	49.9969956676639
20.9701106558878	49.9962490852353
21.0321215521482	49.9955515142150
21.0954596230302	49.9948525330182
21.1591588345244	49.9945830449305
21.2234409455447	49.9944787943323
21.2960000000000	49.9935887179093
21.3630000000000	49.9937036935417
21.4230000000000	49.9935060099139
21.4898082395400	49.9930855634699
21.5570140165726	49.9927959933948
21.6240705799930	49.9932355963275
21.6905735779953	49.9930042421886
21.7570196316370	49.9930852349796
21.8130000000000	49.9933013542569
21.8861800000000	49.9941852991262
21.9488812580500	49.9943936816325
22.0133150000000	49.9945532619183
22.0730000000000	49.9950361674172
22.1389167887360	49.9957003985560
22.2003598173723	49.9964121658429
22.2666077416349	49.9973276454804
22.3289293590984	49.9978224188918
22.3955970374748	49.9982097111898
22.4636638084741	49.9993466210707
22.5253472073559	50.0001400227508
22.5873900000000	50.0007904867671
22.6600270000000	50.0014257597197
22.7260000000000	50.0024129199185
22.7960900000000	50.0026662136416
22.8622475565625	50.0037653077247
22.9290000000000	50.0043787208806
22.9970485476433	50.0047525766076
23.0639095606726	50.0056792862195
23.1273240000000	50.0060545321980
23.1988400000000	50.0061758045708
23.2588753885721	50.0065116701011
23.3250000000000	50.0071066448979
23.3927240580139	50.0069110971753
23.4543844254514	50.0069478184252
23.5180000000000	50.0070541118921
23.5853000000000	50.0074302316023
23.6482579244269	50.0072025441875
23.7120000000000	50.0066972479683
23.7767588932204	50.0063825869784
23.8383600000000	50.0061577571933
23.8973308144832	50.0056870316724
23.9627618584145	50.0056505007368
24.0307860304034	50.0048169484824
24.0873747921829	50.0045702791241
24.1608851533737	50.0037104503681
24.2280700647804	50.0030812301813
24.2906635127072	50.0022053956729
24.3556690597462	50.0013238764133
24.4209377895670	50.0009661335213
24.4866374686832	50.0003123151365
24.5506033397613	49.9992329743289
24.6211597268953	49.9985989408983
24.6893000000000	49.9977775891993
24.7583000000000	49.9968097775916
24.8243433423605	49.9965815786573
24.8860000000000	49.9959778094603
24.9441468722585	49.9954479265907
25.0036909226076	49.9949415343084
25.0666000000000	49.9944230523497
25.1287921381644	49.9939080287224
25.1916000000000	49.9932909072865
25.2521476624782	49.9929739622942
25.3170000000000	49.9926881485803
25.3819603059227	49.9931011476073
25.4457024552774	49.9931822970945
25.5167855309123	49.9926588829909
25.5790000000000	49.9929020904439
25.6489168264838	49.9933666882569
25.7137417121335	49.9931812056858
25.7877347000000	49.9940172284790
25.8509263754848	49.9941286454626
25.9163907357231	49.9944087607243
25.9847758277012	49.9954824332533
26.0536000000000	49.9955553221816
26.1160900000000	49.9960430876004
26.1760000000000	49.9966252656229
26.2393630550415	49.9974883531054
26.3054473823834	49.9985688054329
26.3622636138690	49.9990111138279
26.4244822524338	49.9997844229585
26.4955983432424	49.9998893010108
26.5648709691714	50.0012270416918
26.6360140589862	50.0013709051953
26.7100000000000	50.0024023496835
26.7755908495872	50.0027337851886
26.8426499236234	50.0038412906401
26.9113792329926	50.0040398840240
26.9820000000000	50.0048184036405
27.0430000000000	50.0053073462241
27.1060000000000	50.0056856339849
27.1720000000000	50.0055802341130
27.2371536950741	50.0057133684137
27.3046785600000	50.0064019590357
27.3653496973583	50.0065247813178
27.4341547435373	50.0060324674371
27.4992587887905	50.0061935787588
27.5610000000000	50.0062733193615
27.6255049285997	50.0063415788770
27.6868400000000	50.0061096149192
27.7566000000000	50.0053024331734
27.8224437266724	50.0054002040929
27.8836875298886	50.0050984487539
27.9505898156035	50.0044366768904
28.0100000000000	50.0040249879855
28.0773240000000	50.0032244656041
28.1495751722828	50.0028657594304
28.2191098982666	50.0020767044418
28.2820825503120	50.0017369806920
28.3552053088944	50.0006260853143
28.4187737226262	50.0001576399034
28.4792670801751	49.9995976703253
28.5491905509521	49.9990169344098
28.6168400000000	49.9980766216564
28.6783150000000	49.9976492098822
28.7442997988154	49.9975500264745
28.8054542833522	49.9971222699212
28.8671403803562	49.9965934552035
28.9354654508969	49.9955908426054
29.0040000000000	49.9957104939714
29.0717765188378	49.9949913090634
29.1406000000000	49.9948283897689
29.2081382462941	49.9948129078565
29.2790000000000	49.9944199815527
29.3472054392893	49.9947147477622
29.4121582904863	49.9942905119552
29.4786929193674	49.9944063616137
29.5405667477627	49.9946970508908
29.6090000000000	49.9949324074489
29.6776494922510	49.9949279232506
29.7471800000000	49.9957247954151
29.8155527319711	49.9956340192848
29.8820000000000	49.9964481457296
29.9455633947419	49.9970589655774
30.0032306807622	49.9973923448137
30.0689014737381	49.9978155035188
30.1353150000000	49.9979120892105
30.2040000000000	49.9990688244627
30.2683000000000	49.9995724626904
30.3284600479967	50.0000662196155
30.3934436869118	50.0000533109480
30.4596499623864	50.0008037365608
30.5255696755528	50.0017952486077
30.5960000000000	50.0016872330270
30.6597958925304	50.0025093721980
30.7230000000000	50.0033361826838
30.7865040798152	50.0037873478991
30.8564404753940	50.0034560037174
30.9219018793629	50.0042353591280
30.9862708207511	50.0045426384100
31.0550000000000	50.0041630930360
31.1258384587915	50.0051080620573
31.1910000000000	50.0048282785404
31.2580000000000	50.0047072817919
31.3202513157872	50.0048717950235
31.3883000000000	50.0049897085265
31.4596500726614	50.0046000729542
31.5274632040656	50.0047914527272
31.5925957198364	50.0040538121443
31.6685105117242	50.0041162987904
31.7364615477976	50.0032324265198
31.7979172683364	50.0029681832057
31.8586258685257	50.0026243730378
31.9193000000000	50.0023094046826
31.9847570789783	50.0023117816559
32.0512756093131	50.0013966718486
32.1233000000000	50.0012441091437
32.1902908203298	50.0004778450070
32.2576438000000	49.9997507822336
32.3208136850799	49.9995313708391
32.3880000000000	49.9991842218259
32.4462509689646	49.9988700078239
32.5186000000000	49.9977760360319
32.5780672164257	49.9972772128979
32.6452148325400	49.9974036576599
32.7080000000000	49.9967919337001
32.7707002861374	49.9963092049359
32.8363000000000	49.9957922715812
32.9066786258067	49.9961468106178
32.9770000000000	49.9952482316563
33.0411930267833	49.9955404610134
33.1188437070830	49.9951003222609
33.1870000000000	49.9955144141046
33.2488551495248	49.9953743756982
33.3102700000000	49.9953239917849
33.3693860280824	49.9955498176512
33.4353000000000	49.9952726409372
33.5030000000000	49.9960036202548
33.5696414515011	49.9962894467103
33.6403000000000	49.9964679017270
33.7051934933035	49.9971452988385
33.7688944631026	49.9972807358883
33.8332363009489	49.9973387144882
33.9040900000000	49.9982458789345
33.9780000000000	49.9983222812986
34.0430000000000	49.9993198419305
34.1113297484230	49.9994948229988
34.1712544578455	49.9999795337328
34.2410000000000	50.0006210256013
34.3080000000000	50.0012860607251
34.3760000000000	50.0012678846650
34.4391516157754	50.0019443662034
34.5080000000000	50.0027711264687
34.5648528625511	50.0031576262916
34.6225901211784	50.0033844260698
34.6921581157974	50.0035238257692
34.7557516056313	50.0037316187963
34.8250000000000	50.0044741884729
34.8936000000000	50.0041675386226
34.9636000000000	50.0047343972773
35.0276052533111	50.0049257304894
35.0939238537513	50.0045430334877
35.1591931038622	50.0045780969745
35.2270702967891	50.0048914468817
35.2921650210733	50.0044664232103
35.3580000000000	50.0041721355511
35.4284386756841	50.0042531743675
35.4992477019871	50.0037304250245
35.5635200024059	50.0037431705110
35.6254745674769	50.0034599143637
35.6896614492976	50.0029552610672
35.7521248321754	50.0023669494448
35.8154707366858	50.0017712382849
35.8787949908681	50.0014437938639
35.9421271118762	50.0012477248123
36.0067654224512	50.0009134727331
36.0790000000000	50.0000460139335
36.1416000000000	49.9996610261637
36.2087724899515	49.9992895187645
36.2786597965900	49.9985129208648
36.3470270000000	49.9983259848000
36.4080000000000	49.9979176477899
36.4754713169130	49.9970935191936
36.5430000000000	49.9969599199046
36.6001871340879	49.9964720590649
36.6607661250000	49.9962246086557
36.7335052974949	49.9959197315149
36.8010000000000	49.9956241119884
36.8636041887433	49.9956054943800
36.9270000000000	49.9955570640724
36.9888415427981	49.9954287212388
37.0497386177273	49.9954231175943
37.1163000000000	49.9951510544715
37.1896963943973	49.9955029486577
37.2574953699227	49.9953662450309
37.3270000000000	49.9959411803828
37.3897474351735	49.9961861384916
37.4536000000000	49.9962320659163
37.5205764951314	49.9965810263391
37.5850000000000	49.9972655917921
37.6470000000000	49.9976929170599
37.7176724519748	49.9977770812313
37.7874400000000	49.9986228987326
37.8504028095171	49.9989090074473
37.9155689234721	49.9991466589788
37.9854309530615	49.9999621721735
38.0489010848663	50.0004459782213
38.1181410065304	50.0006453935318
38.1885132125590	50.0015088772891
38.2566733423999	50.0016292579027
38.3200270000000	50.0021416828490
38.3888934051644	50.0027932995681
38.4572985299888	50.0028645799043
38.5250000000000	50.0035363640071
38.5884127315451	50.0038294873403
38.6513229145340	50.0039700101873
38.7188692361266	50.0039992432653
38.7832825204297	50.0043661799785
38.8488574840173	50.0045745795857
38.9181800000000	50.0043101960427
38.9843000000000	50.0046241630247
39.0482491919428	50.0046149919380
39.1155016692528	50.0042342224257
39.1788279683405	50.0040624103609
39.2405094037833	50.0039880671985
39.3062826145993	50.0039829843752
39.3739589263436	50.0033588523295
39.4425039631917	50.0032136633652
39.5100000000000	50.0029326056686
39.5718400000000	50.0025202070495
39.6393483706287	50.0020940066539
39.7021225878620	50.0018060125535
39.7703000000000	50.0014150761091
39.8321254588590	50.0008888282763
39.8961171074205	50.0002414349014
39.9575619044876	49.9998065079315
40.0270540000000	49.9997608736718
40.0903129015915	49.9994462104570
40.1640000000000	49.9990277619171
40.2345091535219	49.9982727952507
40.3110000000000	49.9980123383823
40.3795267827684	49.9974467160634
40.4504619125992	49.9973078461944
40.5096000000000	49.9970895570850
40.5671387585931	49.9968892722038
40.6385826446404	49.9962646974001
40.7070000000000	49.9965767660750
40.7754870193910	49.9960422109311
40.8470000000000	49.9962851203823
40.9185416644166	49.9958926909986
40.9910000000000	49.9961050898629