0   50
0.9 50
1.03500000000000	49.9992923972825
1.08935518550046	49.9991977729117
1.15300000000000	49.9993841297954
1.21200000000000	49.9993984416092
1.26882488322073	49.9993087362707
1.32758739685006	49.9992907061743
1.38974927406855	49.9993988435709
1.45000000000000	49.9994622550195
1.51201401822549	49.9994130888629
1.58009000000000	49.9992645789305
1.65400000000000	49.9993871927469
1.71968403205499	49.9992100719371
1.78539974949823	49.9991228391918
1.85431500000000	49.9991697411024
1.92100000000000	49.9989108307342
1.98300000000000	49.9987625959300
2.04750800000000	49.9986297647138
2.11460000000000	49.9984924654971
2.17886069155252	49.9981740511109
2.24860000000000	49.9978596066264
2.31830000000000	49.9966377583408
2.38652434238861	49.9965684865067
2.44900000000000	49.9962516700129
2.51024121540771	49.9959111105767
2.57565146751121	49.9951699227014
2.63777545251697	49.9947588608818
2.70437000000000	49.9947796288401
2.76878945759336	49.9944420337966
2.82777908105739	49.9940797589557
2.89945631560067	49.9931958764018
2.96730766028752	49.9930730522332
3.03378000000000	49.9924799059641
3.10242310449022	49.9920810272751
3.17200000000000	49.9918704109872
3.24109000000000	49.9914570212850
3.30530000000000	49.9906005267846
3.36735306781041	49.9905204085794
3.42900000000000	49.9904056591622
3.48644641331446	49.9905970838304
3.54917580661184	49.9904401067667
3.60907590167504	49.9906455268365
3.67465649821038	49.9902159851581
3.73741301584102	49.9906646128141
3.80800000000000	49.9916927487912
3.87079368738763	49.9920107274197
3.93931041724196	49.9926115740005
4.00700000000000	49.9938514671394
4.06900000000000	49.9946960572592
4.13160000000000	49.9953736505181
4.19440682647986	49.9961555671310
4.26184025693678	49.9974195098602
4.33170000183159	49.9984066926022
4.39653958676163	49.9993271315984
4.45750520934225	50.0003826283501
4.51840000000000	50.0014713864163
4.58667200000000	50.0028605811440
4.64500000000000	50.0038635128644
4.71007200000000	50.0047493263294
4.77707200000000	50.0055704794709
4.84015219025488	50.0066973627708
4.90660000000000	50.0078133551145
4.97000000000000	50.0084623001515
5.03160000000000	50.0091455838254
5.09130000000000	50.0098576370037
5.15713791791708	50.0105133148755
5.21769310465364	50.0111351751903
5.28460000000000	50.0119146343738
5.35624933384882	50.0120309950914
5.41526764546761	50.0122631760814
5.47900000000000	50.0125168398659
5.54430000000000	50.0127936824470
5.60868524448686	50.0126466671513
5.66957716754512	50.0124972965981
5.73700000000000	50.0120489212084
5.80100000000000	50.0118920424169
5.86558939535692	50.0115768150434
5.94062100000000	50.0109261246315
6.00205313800160	50.0104072239511
6.06530000000000	50.0098180555158
6.12873295600751	50.0089772671628
6.19853880603252	50.0080156571627
6.26161377964403	50.0073445805807
6.32148113666589	50.0064757086876
6.38878234797628	50.0054835434442
6.45900000000000	50.0044498249199
6.52428957494502	50.0036277893238
6.57721839369285	50.0026351448851
6.64002342987610	50.0017373210581
6.70429638442507	50.0008508425187
6.76243868220920	49.9997780940932
6.83219289114899	49.9985095786574
6.89619358420995	49.9974919512010
6.96490000000000	49.9966530094570
7.02783305601281	49.9956749012087
7.09700000000000	49.9947735984321
7.16400000000000	49.9939411005152
7.23331500000000	49.9930941586592
7.30079983000000	49.9924434528575
7.36742232214410	49.9918321398959
7.42796665370200	49.9913563701096
7.48960841733386	49.9909410686049
7.55727633077121	49.9906113253764
7.62939449170099	49.9902182955909
7.69356693170093	49.9900283585011
7.75640510722933	49.9899257677627
7.82620871051325	49.9901074762785
7.88951922448790	49.9899269150812
7.95400000000000	49.9902476397022
8.02100000000000	49.9907615521720
8.08350093006055	49.9911252289614
8.14821923355872	49.9914790035959
8.21660000000000	49.9921641707296
8.28100000000000	49.9928178775365
8.34543171925353	49.9934467691619
8.40360000000000	49.9941154141167
8.47155336781051	49.9946616911787
8.53902388048803	49.9955763260868
8.60740000000000	49.9963879390658
8.67264977286848	49.9971192328127
8.74327132878506	49.9981090299125
8.81113125686093	49.9988156776439
8.87880628307743	49.9997099289865
8.93945505110146	50.0004844030541
9.00546868473856	50.0012265008971
9.06922538555492	50.0017073366542
9.13578750271541	50.0023906725210
9.19600000000000	50.0029858351320
9.27500000000000	50.0035719184033
9.33800000000000	50.0041471158749
9.39925274967758	50.0046268808592
9.47259194262323	50.0048984598129
9.54524000000001	50.0053440060960
9.60923272487522	50.0053863720267
9.67400000000000	50.0054695426492
9.74160000000000	50.0056772859986
9.80700000000000	50.0056372048058
9.87553014469075	50.0054222934842
9.94220380795726	50.0054622585237
10.0070000000000	50.0052493682334
10.0706268658242	50.0048043026346
10.1436000000000	50.0045799117289
10.2046630512153	50.0042669689205
10.2713558154295	50.0037734868187
10.3325503894693	50.0033743457466
10.3995295778964	50.0030145983845
10.4677151929245	50.0024190763609
10.5285323062679	50.0019291073150
10.5937436647238	50.0013464180827
10.6555947383348	50.0009053615254
10.7189393993274	50.0005247746279
10.7864500000000	49.9999593388105
10.8591519761244	49.9994716484427
10.9235299073914	49.9990037700178
10.9920000000000	49.9984199012993
11.0474965761393	49.9981466410672
11.1130000000000	49.9977241355428
11.1744769950035	49.9973549872572
11.2422132357962	49.9972012207265
11.3092705496425	49.9965107279809
11.3750000000000	49.9962871946139
11.4477200000000	49.9951346865321
11.5110000000000	49.9952678812662
11.5790000000000	49.9954973256167
11.6488643866664	49.9953248819003
11.7155170500883	49.9957942214229
11.7737044000000	49.9946089068614
11.8425074914324	49.9943561461485
11.9107425000000	49.9952591556809
11.9770000000000	49.9962573079885
12.0445168907200	49.9958725006247
12.1157601173728	49.9974484952635
12.1810000000000	49.9974184842259
12.2500000000000	49.9981847856829
12.3148667172666	49.9994100729334
12.3777161733055	50.0000048892519
12.4403600000000	50.0003384470625
12.5105457029764	50.0011806023319
12.5816632528963	50.0015843635950
12.6500000000000	50.0024032000781
12.7087348471456	50.0028064557438
12.7753998534581	50.0039010338681
12.8467223374460	50.0036818358110
12.9133000000000	50.0048082083669
12.9830000000000	50.0043728702005
13.0450000000000	50.0044652786693
13.1137484790446	50.0054980093890
13.1783000000000	50.0053265072761
13.2450000000000	50.0047467525015
13.3092104850368	50.0053978799827
13.3754403974475	50.0059424922250
13.4310000000000	50.0055631148761
13.4884457941393	50.0050608236731
13.5570000000000	50.0054268615007
13.6182151930874	50.0050165885305
13.6845302099135	50.0040500244891
13.7502494738703	50.0041555088908
13.8107623710327	50.0038588067703
13.8754800000000	50.0037364793427
13.9414111796836	50.0025996034513
14.0080000000000	50.0020683561441
14.0690000000000	50.0016661073762
14.1276816604377	50.0010551523278
14.1903825000000	50.0007917784366
14.2519000000000	50.0003798513614
14.3201710789348	49.9995117042445
14.3900000000000	49.9988996765935
14.4575347803757	49.9986172105453
14.5200900000000	49.9977212550083
14.5831800000000	49.9968831054278
14.6476000000000	49.9963895442830
14.7160000000000	49.9965022680842
14.7816205195707	49.9954110090566
14.8480900000000	49.9949832140830
14.9180900000000	49.9950247505227
14.9840900000000	49.9940704446664
15.0465962237145	49.9939103423575
15.1103900000000	49.9941250685608
15.1770000000000	49.9942671304079
15.2381920857392	49.9940964909348
15.3055159597382	49.9935018419534
15.3622556950903	49.9937494641700
15.4322454830743	49.9943709698659
15.4961957274153	49.9947195389416
15.5574136368862	49.9947635128704
15.6260000000000	49.9939911085196
15.6840000000000	49.9943833656380
15.7473000000000	49.9948846933808
15.8110000000000	49.9958083625220
15.8746300000000	49.9967262752634
15.9420000000000	49.9967015984540
16.0054819264675	49.9971193593241
16.0753700000000	49.9986804968307
16.1454000000000	49.9985254803040
16.2096125196762	49.9995780817089
16.2704859180393	50.0002396079759
16.3360000000000	50.0013692954801
16.3950000000000	50.0020302998496
16.4660000000000	50.0018432173647
16.5384781903300	50.0033146990258
16.6061799913267	50.0033161249301
16.6750000000000	50.0048839346102
16.7420716896025	50.0047443936255
16.8101398600000	50.0054816282912
16.8673992191108	50.0055206359313
16.9400000000000	50.0062735858131
17.0016000000000	50.0063250874426
17.0620654822546	50.0064942359976
17.1302402647878	50.0067168486371
17.1950000000000	50.0073184582045
17.2592390817058	50.0070176614747
17.3187732661707	50.0069588922315
17.3793000000000	50.0067436022434
17.4481728411655	50.0061833311505
17.5088026498057	50.0059922926076
17.5787584614177	50.0058907062036
17.6397789848794	50.0052952309771
17.7093548505375	50.0046524016608
17.7776000000000	50.0045027091179
17.8420000000000	50.0034406392869
17.9080000000000	50.0028356388499
17.9753878458145	50.0028036988755
18.0355490443062	50.0021623602200
18.0982152382713	50.0013270567655
18.1656299947018	49.9999498730336
18.2333000000000	49.9999973539464
18.2992593351427	49.9990693586171
18.3666565321221	49.9978481785639
18.4348850330412	49.9979435999186
18.4976543384835	49.9973349104181
18.5589322648609	49.9960905525300
18.6222326327305	49.9951477213628
18.6863000000000	49.9944099794956
18.7489376891277	49.9943195566924
18.8165283488031	49.9947815477073
18.8872826541875	49.9936270070194
18.9536216000000	49.9942207164243
19.0130000000000	49.9940588861970
19.0790000000000	49.9940554020465
19.1404289297154	49.9938274681573
19.2055867166954	49.9933455974633
19.2755000000001	49.9943048583032
19.3455639373167	49.9937307354826
19.4161800000000	49.9948360179088
19.4873293413282	49.9943910659671
19.5537800000000	49.9953443008062
19.6185728493417	49.9957724865529
19.6808375313858	49.9959249942215
19.7455085732039	49.9955846457603
19.8164995149312	49.9968212925934
19.8876053945819	49.9966910663134
19.9528229889107	49.9976220655566
20.0245267954495	49.9979383279153
20.0910000000000	49.9988193308541
20.1563000000000	49.9999081659747
20.2254355979249	49.9999417617837
20.2942451356037	50.0011270373138
20.3621090748015	50.0013667109816
20.4335412953488	50.0021896723715
20.4990000000000	50.0027598132960
20.5595472954064	50.0032155411590
20.6256055511537	50.0032143711804
20.6954437769431	50.0043342420984
20.7640000000000	50.0042685807548
20.8266013785785	50.0044689740949
20.8988965448433	50.0054251455586
20.9701106558878	50.0052831458039
21.0321215521482	50.0056067670753
21.0954596230302	50.0059490469434
21.1591588345244	50.0060423989752
21.2234409455447	50.0057486428780
21.2960000000000	50.0059059903481
21.3630000000000	50.0054369014586
21.4230000000000	50.0052749325979
21.4898082395400	50.0049077384803
21.5570140165726	50.0050160235422
21.6240705799930	50.0041853352497
21.6905735779953	50.0037059498396
21.7570196316370	50.0036025174835
21.8130000000000	50.0029226951485
21.8861800000000	50.0020045724704
21.9488812580500	50.0014916169975
22.0133150000000	50.0012234708635
22.0730000000000	50.0006669428135
22.1389167887360	50.0001671708978
22.2003598173723	49.9995341993020
22.2666077416349	49.9984335125429
22.3289293590984	49.9979065642676
22.3955970374748	49.9978774954952
22.4636638084741	49.9971228953346
22.5253472073559	49.9965847321863
22.5873900000000	49.9954582478664
22.6600270000000	49.9957244929030
22.7260000000000	49.9949370132051
22.7960900000000	49.9954160008374
22.8622475565625	49.9950507454387
22.9290000000000	49.9945682427683
22.9970485476433	49.9952383987757
23.0639095606726	49.9947429844796
23.1273240000000	49.9946002551900
23.1988400000000	49.9954465693361
23.2588753885721	49.9956637651115
23.3250000000000	49.9953299956991
23.3927240580139	49.9959063717598
23.4543844254514	49.9964657374315
23.5180000000000	49.9970550062011
23.5853000000000	49.9968876829329
23.6482579244269	49.9972537558257
23.7120000000000	49.9980134749627
23.7767588932204	49.9990230385117
23.8383600000000	49.9995063085040
23.8973308144832	49.9999987703660
23.9627618584145	50.0001306405431
24.0307860304034	50.0004676658444
24.0873747921829	50.0007838408906
24.1608851533737	50.0019810126390
24.2280700647804	50.0018458053229
24.2906635127072	50.0023677003920
24.3556690597462	50.0032878111867
24.4209377895670	50.0034326975815
24.4866374686832	50.0032315530410
24.5506033397613	50.0036113456768
24.6211597268953	50.0043531597532
24.6893000000000	50.0040326732188
24.7583000000000	50.0049673243108
24.8243433423605	50.0045278469369
24.8860000000000	50.0044803677365
24.9441468722585	50.0046800684995
25.0036909226076	50.0047696787829
25.0666000000000	50.0044025881386
25.1287921381644	50.0042480738489
25.1916000000000	50.0042464523084
25.2521476624782	50.0041144915038
25.3170000000000	50.0042358641949
25.3819603059227	50.0035360462958
25.4457024552774	50.0028475838513
25.5167855309123	50.0028298351290
25.5790000000000	50.0025053160966
25.6489168264838	50.0015336621308
25.7137417121335	50.0012789896428
25.7877347000000	50.0003657180477
25.8509263754848	49.9999367059045
25.9163907357231	49.9998511521272
25.9847758277012	49.9989642200734
26.0536000000000	49.9983903593187
26.1160900000000	49.9979625994058
26.1760000000000	49.9975406398871
26.2393630550415	49.9972374782708
26.3054473823834	49.9963520500913
26.3622636138690	49.9963360967727
26.4244822524338	49.9958490100911
26.4955983432424	49.9958542179631
26.5648709691714	49.9953525500426
26.6360140589862	49.9954795613278
26.7100000000000	49.9949312285416
26.7755908495872	49.9952582867364
26.8426499236234	49.9952212601892
26.9113792329926	49.9950066301324
26.9820000000000	49.9950555625084
27.0430000000000	49.9951615873836
27.1060000000000	49.9951258375635
27.1720000000000	49.9954505732983
27.2371536950741	49.9961284823854
27.3046785600000	49.9961937049403
27.3653496973583	49.9964227228815
27.4341547435373	49.9970730499069
27.4992587887905	49.9976218603941
27.5610000000000	49.9979569895560
27.6255049285997	49.9982021793100
27.6868400000000	49.9986074069280
27.7566000000000	49.9995617697764
27.8224437266724	49.9998552664979
27.8836875298886	50.0003290508411
27.9505898156035	50.0007231696880
28.0100000000000	50.0011790223185
28.0773240000000	50.0020066166072
28.1495751722828	50.0021179804857
28.2191098982666	50.0027360241841
28.2820825503120	50.0029516346567
28.3552053088944	50.0034580236993
28.4187737226262	50.0039072060653
28.4792670801751	50.0038615287964
28.5491905509521	50.0037736976681
28.6168400000000	50.0044508627343
28.6783150000000	50.0046259645681
28.7442997988154	50.0043648222458
28.8054542833522	50.0044401412976
28.8671403803562	50.0045054406272
28.9354654508969	50.0049142289944
29.0040000000000	50.0045518063770
29.0717765188378	50.0045449369192
29.1406000000000	50.0045289947017
29.2081382462941	50.0039065114934
29.2790000000000	50.0040908812992
29.3472054392893	50.0033955998962
29.4121582904863	50.0032477236873
29.4786929193674	50.0030612232700
29.5405667477627	50.0026121021505
29.6090000000000	50.0019248176648
29.6776494922510	50.0017521401303
29.7471800000000	50.0008915218634
29.8155527319711	50.0007150942911
29.8820000000000	50.0001530792798
29.9455633947419	49.9995161954098
30.0032306807622	49.9992583460424
30.0689014737381	49.9986872606713
30.1353150000000	49.9985782003085
30.2040000000000	49.9979161559257
30.2683000000000	49.9973351461424
30.3284600479967	49.9970026478967
30.3934436869118	49.9968327767919
30.4596499623864	49.9966917517051
30.5255696755528	49.9961586404500
30.5960000000000	49.9961938194030
30.6597958925304	49.9960946788291
30.7230000000000	49.9958327725567
30.7865040798152	49.9953492965757
30.8564404753940	49.9956048709088
30.9219018793629	49.9956657859241
30.9862708207511	49.9954780861933
31.0550000000000	49.9957770109555
31.1258384587915	49.9958980354880
31.1910000000000	49.9960634024645
31.2580000000000	49.9967398664027
31.3202513157872	49.9970176688733
31.3883000000000	49.9969041027349
31.4596500726614	49.9976120607591
31.5274632040656	49.9977248675429
31.5925957198364	49.9982730964433
31.6685105117242	49.9986343812992
31.7364615477976	49.9994602930851
31.7979172683364	49.9999751779642
31.8586258685257	50.0004326330373
31.9193000000000	50.0008500827268
31.9847570789783	50.0010041858659
32.0512756093131	50.0013879004007
32.1233000000000	50.0019335265002
32.1902908203298	50.0021839135009
32.2576438000000	50.0028512795067
32.3208136850799	50.0030580234201
32.3880000000000	50.0030038514418
32.4462509689646	50.0034116522203
32.5186000000000	50.0039216424469
32.5780672164257	50.0040286024367
32.6452148325400	50.0028738262286
32.7080000000000	50.0027780563225
32.7707002861374	50.0027859928592
32.8363000000000	50.0029341776924
32.9066786258067	50.0030272998754
32.9770000000000	50.0029329379508
33.0411930267833	50.0030244087687
33.1188437070830	50.0028287192823
33.1870000000000	50.0026095245183
33.2488551495248	50.0023684087444
33.3102700000000	50.0021387542824
33.3693860280824	50.0019250780469
33.4353000000000	50.0017856262476
33.5030000000000	50.0016358220267
33.5696414515011	50.0010775945630
33.6403000000000	50.0010536032282
33.7051934933035	50.0006278027643
33.7688944631026	50.0000665532804
33.8332363009489	49.9997439116070
33.9040900000000	49.9995295474679
33.9780000000000	49.9992145941109
34.0430000000000	49.9988492052405
34.1113297484230	49.9981938309740
34.1712544578455	49.9979167334509
34.2410000000000	49.9980009355889
34.3080000000000	49.9962796323333
34.3760000000000	49.9959701389146
34.4391516157754	49.9962568166502
34.5080000000000	49.9961889152861
34.5648528625511	49.9964424527498
34.6225901211784	49.9965894399232
34.6921581157974	49.9960092382490
34.7557516056313	49.9961942026311
34.8250000000000	49.9967863487260
34.8936000000000	49.9963878597962
34.9636000000000	49.9973341997534
35.0276052533111	49.9972823677758
35.0939238537513	49.9972867217068
35.1591931038622	49.9978079156759
35.2270702967891	49.9981652716980
35.2921650210733	49.9980955990229
35.3580000000000	49.9987698134391
35.4284386756841	49.9990943362429
35.4992477019871	49.9996157339884
35.5635200024059	50.0001884716135
35.6254745674769	50.0004199199616
35.6896614492976	50.0005031275154
35.7521248321754	50.0006523874826
35.8154707366858	50.0010230944124
35.8787949908681	50.0017147942141
35.9421271118762	50.0021227714698
36.0067654224512	50.0022695561249
36.0790000000000	50.0026212413835
36.1416000000000	50.0028974477723
36.2087724899515	50.0028158242430
36.2786597965900	50.0031196026189
36.3470270000000	50.0032058430128
36.4080000000000	50.0032455550165
36.4754713169130	50.0032293170921
36.5430000000000	50.0035380078864
36.6001871340879	50.0035016879570
36.6607661250000	50.0034715878448
36.7335052974949	50.0029068437809
36.8010000000000	50.0032173975046
36.8636041887433	50.0030929945812
36.9270000000000	50.0028144304733
36.9888415427981	50.0025803082864
37.0497386177273	50.0023408888803
37.1163000000000	50.0021661195245
37.1896963943973	50.0017775453984
37.2574953699227	50.0015713367501
37.3270000000000	50.0012573971942
37.3897474351735	50.0008511712873
37.4536000000000	50.0004992956014
37.5205764951314	50.0004042560859
37.5850000000000	50.0000753928741
37.6470000000000	49.9995907412118
37.7176724519748	49.9991055586374
37.7874400000000	49.9985653105084
37.8504028095171	49.9982077298838
37.9155689234721	49.9981108814927
37.9854309530615	49.9978509688688
38.0489010848663	49.9974660564879
38.1181410065304	49.9970090687807
38.1885132125590	49.9967474202141
38.2566733423999	49.9966399973477
38.3200270000000	49.9966933231035
38.3888934051644	49.9964810159577
38.4572985299888	49.9964911816262
38.5250000000000	49.9965959026666
38.5884127315451	49.9964718227576
38.6513229145340	49.9964883688583
38.7188692361266	49.9968084758811
38.7832825204297	49.9969865391687
38.8488574840173	49.9971109387808
38.9181800000000	49.9974952121633
38.9843000000000	49.9978879946144
39.0482491919428	49.9980636316017
39.1155016692528	49.9984976069248
39.1788279683405	49.9987217257422
39.2405094037833	49.9990243034966
39.3062826145993	49.9993416856169
39.3739589263436	49.9997188417151
39.4425039631917	50.0001933260527
39.5100000000000	50.0005247871813
39.5718400000000	50.0008782319216
39.6393483706287	50.0012517407018
39.7021225878620	50.0015096539141
39.7703000000000	50.0018036164349
39.8321254588590	50.0021141002523
39.8961171074205	50.0024246184617
39.9575619044876	50.0026584758732
40.0270540000000	50.0028374902067
40.0903129015915	50.0030465420948
40.1640000000000	50.0029902014243
40.2345091535219	50.0030164867915
40.3110000000000	50.0031118768325
40.3795267827684	50.0031786601859
40.4504619125992	50.0032571575569
40.5096000000000	50.0032451164612
40.5671387585931	50.0032337488437
40.6385826446404	50.0028974849310
40.7070000000000	50.0030137076504
40.7754870193910	50.0026491332237
40.8470000000000	50.0025127272524
40.9185416644166	50.0020784640496
40.9910000000000	50.0018749201129