2.040816326530612e-8	0.49991589928413144
0.00030671792055962676	0.48969016015912953
0.0006134154329559882	0.4854204438841675
0.0009201129453523496	0.4821444952852245
0.0012268104577487112	0.47938302707680464
0.0015335079701450727	0.4769503790282672
0.001840205482541434	0.4747513285377258
0.002453600507334157	0.47084745361819663
0.002760298019730519	0.46908016616739195
0.00306699553212688	0.4674088016171312
0.003680390556919603	0.4643006841132819
0.004907180606505049	0.4587838615003159
0.005213878118901411	0.4575168904944634
0.0055205756312977725	0.4562867980184437
0.006133970656090495	0.45392552081562126
0.0073607607056759405	0.4495351236016208
0.009814340804846833	0.44174477423255404
0.010121038317243194	0.4408436451868698
0.010427735829639555	0.43995616440160984
0.011041130854432278	0.4382198039464156
0.012267920904017723	0.43488723515706723
0.014721501003188616	0.4286928788217389
0.0196286612015304	0.4177086436958172
0.01996115644971678	0.41701780671846855
0.020293651697903155	0.41633278015599046
0.020958642194275914	0.41497959771654497
0.022288623187021427	0.4123370926314358
0.024948585172512458	0.4072823475920324
0.03026850914349452	0.397937792166798
0.0306010043916809	0.3973827463284415
0.03093349963986728	0.3968307731196262
0.03159849013624004	0.39573584969748676
0.03292847112898555	0.39358080071064605
0.035588433114476584	0.3894004795674034
0.040908357085458646	0.38149584412737075
0.04121881843678198	0.381051359564745
0.04152927978810532	0.3806085951807498
0.042150202490751985	0.3797281510548962
0.043392047896045324	0.3779870893472958
0.04587573870663201	0.3745804420445652
0.05084312032780537	0.36804208201570515
0.06077788357015209	0.3558941022341314
0.08025764881887605	0.3347867020918034
0.10138846915816112	0.3147775237704623
0.12110912009821138	0.29804734887320744
0.1424808261288228	0.2811672723287912
0.16346277092346467	0.2646662379305957
0.18303454631887175	0.24927421673359776
0.20425737680483996	0.23258374026425427
0.22407003789157337	0.21700227699610838
0.24349293774233727	0.20172733743797902
0.26456689268366235	0.18515394260750412
0.2842306782257526	0.16968956097822682
0.305545518858404	0.152926724076604
0.32647059825508584	0.1364704108849977
0.34598550825253294	0.12112311089458898
0.3671514733405411	0.10447735563183479
0.3869072690293145	0.08894061357027813
0.408314119808649	0.07210541623637597
0.429331209352014	0.05557674261249036
0.44893812949614426	0.04015708218980229
0.47019610473083556	0.02343896649476876
0.4705062266970146	0.02319507426830256
0.47081634866319355	0.022951182041836406
0.4714365925955516	0.022463397588904012
0.47267708046026763	0.02148782868303926
0.4751580561896997	0.01953669087130976
0.48012000764856383	0.01563441524785076
0.48043012961474285	0.015390523021384562
0.4807402515809218	0.015146630794918407
0.48136049551327986	0.01465884634198601
0.4826009833779959	0.01368327743612126
0.48508195910742796	0.01173213962439176
0.4900439105662921	0.00782986400093276
0.49034794251315905	0.007590761207435604
0.49065197446002606	0.007351658413938404
0.4912600383537601	0.006873452826944004
0.492476166141228	0.005917041652955291
0.4949084217161639	0.004004219304977866
0.4952124536630309	0.0037651165114806658
0.49551648560989786	0.003526013717983509
0.49612454950363183	0.003047808130989153
0.49734067729109976	0.00209139695700044
0.4976447092379668	0.0018522941635032402
0.49794874118483373	0.0016131913700060839
0.4985568050785677	0.0011349857830117275
0.4988608370254347	0.0008958829895145275
0.49916486897230167	0.0006567801960173711
0.4994689009191686	0.00041767740252021473
0.49977293286603564	0.0001785746090230147
0.5000769648129026	0.000025521348315502013
0.5003809967597697	0.0001263687340544717
0.5006850287066367	0.0002272658081031026
0.5009890606535036	0.0003282126040494715
0.5012930926003705	0.00042920915554046923
0.5015971245472375	0.0005302554962819672
0.5022051884409715	0.0007324976806355188
0.5025092203878385	0.0008336935919552174
0.5028132523347055	0.0009349394279408452
0.5034213162284394	0.0011375810099793632
0.5046374440159074	0.0015434647701580428
0.5049414759627744	0.0016450610342219202
0.5052455079096414	0.0017467074966478063
0.5058535718033753	0.0019501511545774453
0.5070696995908432	0.0023576423720900325
0.5095019551657791	0.0031750482197512447
0.5098317848484362	0.0032861433221871433
0.5101616145310931	0.0033972981647742845
0.5108212738964071	0.0036197872516570695
0.5121405926270352	0.004065484305897621
0.5147792300882912	0.004959764198766536
0.5200565050108032	0.006759950411423535
0.5306110548558273	0.010407514410651533
0.5503099851466406	0.017388588905180746
0.5716599705280151	0.025221187046266913
0.5926201946734201	0.03319609541850754
0.6121702494195903	0.04090514696068931
0.6333713592563216	0.049580310119168
0.6531622996938181	0.05799518039450871
0.6725634788953451	0.06656364500821574
0.6936157131874332	0.07624808993800952
0.7132577780802865	0.08567875491916771
0.7345508980637009	0.09637523185328734
0.7544338486478805	0.10685452931897324
0.7739270379960906	0.11764191590069509
0.7950712824348619	0.12999077962495856
0.8148053574743983	0.14220970055196647
0.8361904876044959	0.1563305289950187
0.857185856498624	0.17124978093382331
0.8767710559935172	0.18631232355690724
0.8980073105789717	0.20421211510059512
0.9178333957651912	0.2228437228569623
0.9372697197154413	0.24360383785564926
0.937599210012954	0.2439830364062936
0.9379287003104666	0.2443632832647477
0.938587680905492	0.24512695492761472
0.9399056420955427	0.24666724745181373
0.9425415644756441	0.2498016283766492
0.9478134092358468	0.25630337268714376
0.9481428995333594	0.2567208278151179
0.9484723898308721	0.25713966130885946
0.9491313704258975	0.25798151589661983
0.9504493316159481	0.25968235503752557
0.9530852539960496	0.26315578422904096
0.9583570987562524	0.2704191157324382
0.9586645551569021	0.2708569677130158
0.9589720115575517	0.2712964996699303
0.959586924358851	0.2721806787859488
0.9608167499614495	0.27397004507752143
0.9632764011666465	0.2776375208192179
0.9681957035770405	0.2853715117220941
0.9685031599776902	0.28587458681375183
0.9688106163783399	0.2863801786909854
0.9694255291796391	0.28739906182635955
0.9706553547822376	0.2894687223209142
0.9731150059874347	0.2937452959364334
0.9780343083978288	0.3029433260122894
0.9783775220102351	0.30362245973776875
0.9787207356226415	0.30430708809207196
0.9794071628474543	0.3056933653353766
0.9807800172970798	0.3085380828834025
0.9835257261963308	0.31455474846601744
0.9838689398087372	0.31534150084269674
0.9842121534211435	0.31613676429434334
0.9848985806459563	0.3177539520548224
0.9862714350955818	0.32110380713248077
0.9890171439948328	0.32835477574316774
0.9893603576072392	0.3293227711433725
0.9897035712196455	0.33030662746478917
0.9903899984444582	0.33232518417375917
0.9917628528940837	0.336592923075513
0.99210606650649	0.33771474010161046
0.9924492801188964	0.33886135853515226
0.9931357073437093	0.3412360389640413
0.9945085617933347	0.34637429755963955
0.9948517754057411	0.34775702771149636
0.9951949890181475	0.34918684052745014
0.9958814162429602	0.3522092762638252
0.9962246298553665	0.3538155063346573
0.9965678434677729	0.3554967639627962
0.9972542706925858	0.3591339543721992
0.9975974843049922	0.3611244981357603
0.9979406979173985	0.3632633341402961
0.9982839115298048	0.3655894555242886
0.9986271251422112	0.36816270585398914
0.9989703387546176	0.3710838193245613
0.999313552367024	0.3745492017972828
0.9996567659794304	0.3790658798864116
0.9999999795918367	0.3898880348457719