xr yr x1 x2 x3 x4 y1 y2 y3 y4 
-3.1415926536 0.0000000000 -1.8618276797 -0.4995573648 0.8805248465 2.1940872390 0.8115838742 -0.9151377250 0.8592177335 -0.8520104608 
-3.1349817249 0.0251256281 -2.9421222290 -1.4585700534 1.0943222796 2.6453719160 0.8267517123 0.0432996849 0.1655819304 -0.1952233346 
-3.1151489388 0.0502512563 -2.1482850724 -1.4188531576 1.2808229447 3.1146302510 -0.8049191900 0.6362971077 0.7580278092 -0.1956320296 
-3.0820942952 0.0753768844 -2.7041286744 -0.2865963576 1.5533787341 2.5457455416 0.0937630384 0.4448791847 -0.9989552493 -0.6912603890 
-3.0358177942 0.1005025126 -1.6375444336 -1.3353882402 1.3594277598 2.1698119732 0.9297770704 0.3192105058 0.2251329390 -0.6777320563 
-2.9763194359 0.1256281407 -2.8940146038 -0.7561892960 1.5550101468 2.7616365492 0.9411855635 0.9459491095 0.0553601387 0.7422222438 
-2.9035992201 0.1507537688 -1.6380783272 -0.5513628739 0.7532335721 2.1217951492 -0.0292487026 0.6006611507 0.6026952110 0.3710714175 
-2.8176571469 0.1758793970 -1.8845150327 -0.8579725528 0.3578948465 2.0328439202 -0.7162273227 -0.1352169924 -0.0038114176 0.0612586077 
-2.7184932162 0.2010050251 -2.4790915801 -0.2743964485 1.4150557800 2.8783639243 0.8314710504 -0.8330603703 0.1493224383 0.1949803837 
-2.6061074282 0.2261306533 -1.8971962903 -1.3616117972 1.3276027886 2.0975021334 0.9189848528 -0.6532227738 0.4772805840 -0.4015499533 
-2.4804997827 0.2512562814 -2.1115575720 -0.9567126629 0.9204662834 2.2817270286 -0.9285766429 0.6627594857 -0.5065309480 -0.1547086936 
-2.3416702798 0.2763819095 -1.8077834590 -0.3088744914 1.0468041463 2.1356646102 0.8679864955 -0.8790576417 -0.8330343728 0.1166383997 
-2.1896189195 0.3015075377 -2.0754379655 -0.9436436873 0.9832553313 2.7371838597 0.5154802612 0.0537516610 0.3218891159 -0.1513304327 
-2.0243457018 0.3266331658 -1.9742829023 -0.9160892536 1.1462915338 2.2452268224 -0.2155459609 0.3137197819 0.7815042327 -0.7502544826 
-1.8458506267 0.3517587940 -2.1119703914 -0.5843780809 1.5429982943 1.6091771895 -0.6576266244 -0.4160318401 0.5380581707 -0.4196294697 
-1.6541336941 0.3768844221 -2.0325380520 -0.8927602541 0.9133340074 2.0695564921 -0.9363343072 -0.9690257487 0.8566261246 0.3073802679 
-1.4491949041 0.4020100503 -2.7066030460 -0.0250326432 0.9112038157 3.0739477613 -0.9076572187 -0.6656631802 -0.9660341233 0.8714617456 
-1.2310342567 0.4271356784 -2.9890184084 -1.4039520823 0.1898457703 2.2900424981 0.6469156567 -0.2551805199 0.7254214374 -0.5190432063 
-0.9996517519 0.4522613065 -2.0501584049 -1.2595926678 0.7607311809 2.7707244117 -0.3658010399 -0.0206247240 0.6897113492 0.5186547663 
-0.7550473897 0.4773869347 -1.6489873496 -1.0375213201 0.3289327368 2.7342035867 -0.9311078390 0.9032609296 0.1045826831 0.4873766830 
-0.4972872793 0.5000000000 -2.4524146250 -0.1251421392 0.9894185076 1.7371757283 -0.2368830858 -0.8946460046 -0.9360179685 0.3631208609 
-0.2341723167 0.5000000000 -1.9391216947 -0.4117715407 0.9655895808 2.2984843420 0.5903998023 -0.4617611472 -0.2751770755 -0.5756735895 
0.0289426459 0.5000000000 -2.8480538528 -0.9066076959 0.0778055932 1.7255491981 -0.0204712084 0.0957418024 -0.0208600216 0.6471489479 
0.2920576085 0.5000000000 -2.4416674862 -0.0899485348 0.3023946230 1.8457009794 0.2926260202 -0.1645117914 -0.7538325049 -0.6728601804 
0.5551725711 0.5000000000 -2.0273249829 -0.0266211234 0.3227894888 2.6169266000 0.5093733640 -0.3970901026 -0.7069701788 0.7887787507 
0.8182875337 0.5000000000 -2.7080134765 -0.4695129763 0.2969938772 2.3822040630 0.3594053537 0.3326777032 -0.9146951782 0.4054046139 
1.0814024963 0.5000000000 -2.1125671153 -0.7239384558 0.9977665546 1.8120555262 -0.6747765296 0.3962110404 -0.4362662882 0.9069141398 
1.3445174589 0.5000000000 -2.9546715325 -0.5238167287 0.8460256835 2.4204150548 -0.0032718960 -0.6437350912 0.3903260789 0.3594677964 
1.6076324216 0.5000000000 -1.6340303689 -1.3697117779 0.7840096006 1.6282293812 -0.3192285467 0.9981607895 0.0716021115 0.6184077026 
1.8707473842 0.5000000000 -2.2222562202 -1.3019999843 0.6992920808 2.7467241008 -0.5523761210 -0.9347983589 -0.7521354448 -0.7596259640 
2.1338623468 0.5000000000 -1.9615051164 -0.6892657538 0.7702514354 2.3955353430 -0.4898097691 0.7637330009 0.7059963107 -0.3483327425 
2.3969773094 0.5000000000 -2.3468371753 -0.5196582165 1.3727619590 2.4291570998 0.3981534453 -0.6191334656 -0.4594113354 -0.2022384952 
2.6600922720 0.5000000000 -1.7421650970 -0.9913035713 0.3274503366 2.2228234938 0.9185828504 -0.0785481255 0.1299591415 -0.6385244795 
2.9232072346 0.5000000000 -2.2820285092 -0.0288430392 1.0057994630 1.9719568807 -0.7227511143 -0.6871900955 -0.1659420967 -0.9589284507 
-3.0968631099 0.5000000000 -2.9070821780 -0.2269442459 0.3235455832 3.0217025862 -0.4849834918 0.2895290737 0.8958662426 0.3073997780 
-2.8337481473 0.5000000000 -1.8209970760 -0.9797493210 0.1289171506 3.0357423001 -0.4914356421 -0.6181526095 -0.7885811468 -0.6729752629 
-2.5706331847 0.5000000000 -1.8625170398 -0.8980980985 0.2231176725 3.0176525130 -0.5129500626 -0.0359558779 -0.6670791182 0.5893157708 
-2.3075182221 0.5000000000 -1.6819087677 -1.3813400477 0.9753995570 2.4777650101 -0.3000324680 0.1790149694 0.1474195297 -0.1199288085 
-2.0444032595 0.5000000000 -2.8327815563 -1.2155015503 0.0818037588 1.9754550382 -0.4978322840 -0.2307617513 0.8624027692 0.5038927877 
-1.7812882969 0.5000000000 -2.1739119392 -0.6550434582 1.1445790931 1.9299895093 -0.0534223022 -0.4963877551 0.4756833076 -0.8716258252 
-1.5181733343 0.5000000000 -2.5892071916 -1.1145731982 0.0995955568 2.7761147038 0.6616572558 0.2341817688 0.7208811261 0.3424043707 
-1.2550583717 0.5000000000 -2.2222619690 -1.1540940481 1.4677601286 2.6942495179 0.0994472166 0.6487525334 0.9687966245 0.2841216569 
-0.9919434090 0.5000000000 -1.7008682155 -0.0272322680 1.3492179382 2.2290358472 -0.4283219624 0.4604975845 0.5711179785 -0.2184758356 
-0.7288284464 0.5000000000 -1.9521853151 -1.0306355919 0.8064113634 2.8527862025 0.5074581886 0.1681386666 -0.6447950790 -0.3651442727 
-0.4657134838 0.5000000000 -2.5439897146 -1.4015131535 0.6261029174 2.8502724101 0.1356432815 0.8126163013 -0.7321374980 0.5781470299 
-0.2025985212 0.5000000000 -3.0224410142 -0.1890394875 0.0485211897 2.9095293152 -0.8920997627 0.6355211187 0.8782834121 0.0112732351 
0.0605164414 0.5000000000 -2.3078178071 -1.1612457436 0.4732904595 2.5692909015 0.5583344602 0.1887125013 -0.4089323310 0.9017888308 
0.3236314040 0.5000000000 -1.6744521016 -1.5354336288 0.5229750886 2.2681735907 -0.7401875831 -0.1494813596 -0.0658636259 -0.8799623604 
0.5867463666 0.5000000000 -2.2480865365 -1.0795786481 1.0181876759 2.9322838813 -0.0612187179 -0.6770305114 -0.9495436370 0.2623774685 
0.8498613292 0.5000000000 -3.1228969265 -1.2899910573 1.3229350532 2.1285447149 -0.3257547112 -0.1542286218 0.1180650900 0.9940065432 
1.1129762918 0.5000000000 -2.8868372796 -1.4227812274 1.3416170630 1.9229240940 0.5885690814 0.1970473375 -0.3042416113 0.3049021459 
1.3760912545 0.5000000000 -2.6527372087 -0.8310702347 0.7006170204 2.5211134048 0.0570662710 0.3918986266 -0.8915210311 -0.2255091370 
1.6392062171 0.5000000000 -2.8813922378 -0.4714150630 0.2781998635 1.7941433943 0.2039638828 0.2770615165 0.3256161239 -0.9497300286 
1.9023211797 0.5000000000 -2.7285183258 -1.5180115445 0.5196649705 2.2322779082 0.3081581970 -0.8623878018 0.7969722757 -0.6317994211 
2.1654361423 0.5000000000 -2.0589770437 -1.0687702367 0.1855977517 2.7108414510 0.4963031856 0.0617285614 0.9768358576 -0.2592746270 
2.4285511049 0.5000000000 -2.4338835656 -0.5427954130 0.8482018977 2.8927158210 -0.8323572440 -0.1847616059 0.4138348386 0.4684593824 
2.6916660675 0.5000000000 -2.7819164722 -0.2827728340 1.5699977655 2.4677616703 0.8266747230 0.4367178864 -0.4243013104 -0.6462898847 
2.9547810301 0.5000000000 -2.9022378211 -0.0492455169 0.6511304815 3.0746516328 0.6516339550 0.0626678131 -0.0703201167 -0.4693559276 
-3.0652893144 0.5000000000 -2.2959663337 -1.0600586841 1.2000209727 3.0231246009 0.9922694333 -0.7887415933 0.6364080778 -0.5524591906 
-2.8021743518 0.5000000000 -3.0187948202 -0.6111047098 0.1574276272 2.1575889837 -0.1146434604 0.5576044836 -0.6437660922 -0.8249993008 
-2.5390593892 0.5000000000 -2.9740628739 -0.9056380371 0.5649132011 2.5762890495 0.9237961617 -0.8183534284 -0.8865906219 -0.6387662245 
-2.2759444266 0.5000000000 -3.1343132313 -1.1522238879 0.8197760992 1.6415624409 0.5498209294 -0.6926865648 -0.3283020506 0.4463469584 
-2.0128294640 0.5000000000 -1.8577757567 -1.1293942298 0.2759402665 2.1165501043 0.7373894107 -0.1198297220 -0.5821066520 0.3212336490 
-1.7497145014 0.5000000000 -3.0089611376 -0.7427624443 1.4218118857 2.1737757153 -0.2004347018 -0.0851512686 0.3507823547 0.2546930049 
-1.4865995388 0.5000000000 -2.7333891793 -0.1957658351 0.7358681276 1.6048037761 0.6001369604 0.0361042167 0.8242649485 0.8211399770 
-1.2234845761 0.5000000000 -2.4639293981 -0.0885573743 0.1633809996 2.8283109235 0.8212951889 0.2754181961 0.4910921474 0.4916949687 
-0.9603696135 0.5000000000 -2.8559480095 -0.0664542039 1.1565262148 2.8480309477 -0.4723941670 -0.5185859290 0.1237228506 -0.2333873627 
-0.6972546509 0.5000000000 -2.9129805578 -0.5087458954 0.2893314118 2.5404162775 -0.7278628826 -0.4218708567 0.1944227007 0.1509897194 
-0.4341396883 0.5000000000 -1.7761116469 -0.5155225283 0.4711399223 2.4033995977 0.1594091747 0.3902809991 -0.7317541343 -0.4498604884 
-0.1710247257 0.5000000000 -2.2778742683 -1.4639935358 0.3339537077 1.9613417834 -0.7100904036 -0.4904196868 0.7898833509 -0.0967224591 
0.0920902369 0.5000000000 -1.8016545072 -1.2188750693 0.1122378159 1.9284867975 0.2441102630 0.3356654540 -0.5150268821 0.6088991672 
0.3552051995 0.5000000000 -2.5903179428 -0.2444282289 0.0844372018 3.1197652478 0.0264990797 -0.3110751774 -0.1165558859 -0.9400160995 
0.6183201621 0.5000000000 -2.5104340701 -0.3447589233 0.0208652025 2.4122156699 -0.8480666166 0.3506641315 0.7943827019 -0.8258455602 
0.8814351248 0.5000000000 -2.7647332408 -1.5602479357 0.3089099646 2.8307186154 -0.7533621303 0.2043409752 -0.8132589665 0.9782898194 
1.1445500874 0.5000000000 -2.8527109753 -0.9632575551 0.4828107969 1.6759552636 -0.5200949487 0.8319824883 -0.0878846663 0.8787967238 
1.4076650500 0.5000000000 -2.4861510742 -1.5689882505 0.1597019101 1.5993495299 -0.9006911393 -0.0751016815 0.9907794553 0.3676772275 
1.6707800126 0.5000000000 -1.7236095040 -0.9042304138 0.5216502029 2.8018867109 0.8895743794 -0.0781672679 -0.4053063682 0.0682751358 
1.9338949752 0.5000000000 -2.3705451402 -0.3610322541 0.0974604057 2.9615157002 -0.0214947232 -0.3550563856 -0.4035120562 0.7980097978 
2.1970099378 0.5000000000 -2.6111042452 -0.3381307251 0.0728083966 2.5540168506 0.8001076928 -0.0572856926 0.0108562849 -0.7242620152 
2.4601249004 0.5000000000 -2.5615811661 -1.5146203567 1.1960449859 1.9129182702 -0.7775944894 -0.6482511686 0.2621399984 -0.6357178482 
2.7232398630 0.5000000000 -1.9159755707 -0.4370614591 0.1412014748 1.6364868155 -0.2205223261 -0.0530280141 -0.8382751537 -0.7861166829 
2.9863548256 0.5000000000 -2.7619448695 -1.3309024261 1.2208865798 2.5391034888 -0.1921757088 -0.3177507859 0.8102694884 0.8793220203 
-3.0337155189 0.5000000000 -2.9900822398 -0.6167115809 0.8384470212 2.1275740870 -0.7360534148 -0.6165094891 -0.7816915759 -0.1787418199 
-2.7706005563 0.5000000000 -1.6618230459 -0.4108781590 1.2971775206 3.1170087753 0.9122690805 -0.5143008034 -0.3238045624 0.8911583781 
-2.5074855937 0.5000000000 -2.2380571053 -0.1297095402 0.4617717919 2.6336673022 -0.8804409141 -0.4618768266 0.4926268554 0.9766045246 
-2.2443706311 0.5000000000 -2.7728012281 -0.3683517125 0.0162367221 2.7753322531 -0.2936828576 -0.6226760464 -0.9031053215 -0.3266014712 
-1.9812556685 0.5000000000 -1.8516640717 -1.1191952526 1.0491601904 2.6112633200 -0.9691931247 -0.8177730726 0.2069359677 -0.5116694264 
-1.7181407059 0.5000000000 -3.0740110240 -0.6656887482 0.8263998208 2.0349780309 -0.6620199411 0.3667264866 0.4594188964 0.3603567425 
-1.4550257432 0.5000000000 -2.1219644499 -0.7122098701 1.1109511768 2.3999361891 0.4634447713 -0.1485423163 0.5627541036 -0.1768129732 
-1.1919107806 0.5000000000 -2.1241156740 -0.5585079729 0.4523531755 2.5174182261 -0.0981525871 0.2952352603 0.3850639728 0.5010401118 
-0.9287958180 0.5000000000 -2.2823530949 -0.5041993036 0.8744149320 2.4874080935 -0.4073583888 0.2715734210 -0.2069584148 0.1035850299 
-0.6656808554 0.5000000000 -1.9718319276 -0.0861203017 0.0967463936 2.4874669112 -0.6220899699 -0.5821301551 0.5603510630 0.0236398399 
-0.4025658928 0.5000000000 -2.0628083255 -0.4566592335 0.5302754936 1.7005326790 -0.6329776885 -0.5275388460 0.2157318145 0.4391402697 
-0.1394509302 0.5000000000 -2.5627784029 -1.3832491393 1.1643591382 3.1355546873 0.2512371215 0.2146078814 -0.7903735161 -0.2909313901 
0.1236640324 0.5000000000 -1.9160142644 -0.8637216858 0.2008865972 3.0964461061 -0.8377484623 -0.0825490127 0.0990802140 -0.3071024774 
0.3867789950 0.5000000000 -1.6817165842 -0.5310159420 0.7621965727 2.9633761684 0.5514253572 0.5405710296 0.7809513584 -0.0906102700 
0.6498939577 0.5000000000 -2.3769421455 -1.0206751577 1.2550038712 2.2202063938 -0.1282828228 0.3240191967 0.4686821674 -0.5645358633 
0.9130089203 0.5000000000 -2.4397863811 -0.9170959423 0.0806319382 1.7681740911 -0.3873010560 0.6838583054 -0.8542294018 -0.3821708129 
1.1761238829 0.5000000000 -2.3428291256 -0.2624536469 0.1390586085 2.7113585009 0.0215431283 -0.4871180155 0.5967017282 0.5657441460 
1.4392388455 0.5000000000 -1.8572660527 -0.6071744548 1.4812737218 2.6605953640 0.5896628338 0.1644983291 0.3674311448 -0.9803954955 
1.7023538081 0.5000000000                 
1.9654687707 0.5000000000                 
2.2285837333 0.5000000000                 
2.4916986959 0.5000000000                 
2.7548136585 0.5000000000                 
3.0179286212 0.5000000000                 
-3.0021417234 0.5000000000                 
-2.7390267608 0.5000000000                 
-2.4759117982 0.5000000000                 
-2.2127968356 0.5000000000                 
-1.9496818730 0.5000000000                 
-1.6865669103 0.5000000000                 
-1.4234519477 0.5000000000                 
-1.1603369851 0.5000000000                 
-0.8972220225 0.5000000000                 
-0.6341070599 0.5000000000                 
-0.3709920973 0.5000000000                 
-0.1078771347 0.5000000000                 
0.1552378279 0.5000000000                 
0.4183527906 0.5000000000                 
0.6814677532 0.5000000000                 
0.9445827158 0.5000000000                 
1.2076976784 0.5000000000                 
1.4708126410 0.5000000000                 
1.7339276036 0.5000000000                 
1.9970425662 0.5000000000                 
2.2601575288 0.5000000000                 
2.5232724915 0.5000000000                 
2.7863874541 0.5000000000                 
3.0495024167 0.5000000000                 
-2.9705679279 0.5000000000                 
-2.7074529653 0.5000000000                 
-2.4443380027 0.5000000000                 
-2.1812230401 0.5000000000                 
-1.9181080774 0.5000000000                 
-1.6549931148 0.5000000000                 
-1.3918781522 0.5000000000                 
-1.1287631896 0.5000000000                 
-0.8656482270 0.5000000000                 
-0.6025332644 0.5000000000                 
-0.3394183018 0.5000000000                 
-0.0763033392 0.5000000000                 
0.1868116235 0.5000000000                 
0.4499265861 0.5000000000                 
0.7130415487 0.5000000000                 
0.9761565113 0.5000000000                 
1.2392714739 0.5000000000                 
1.5023864365 0.5000000000                 
1.7655013991 0.5000000000                 
2.0286163617 0.5000000000                 
2.2917313244 0.5000000000                 
2.5548462870 0.5000000000                 
2.8179612496 0.5000000000                 
3.0810762122 0.5000000000                 
-2.9389941324 0.5000000000                 
-2.6758791698 0.5000000000                 
-2.4127642072 0.5000000000                 
-2.1496492445 0.5000000000                 
-1.8865342819 0.5000000000                 
-1.6234193193 0.5000000000                 
-1.3603043567 0.5000000000                 
-1.0971893941 0.5000000000                 
-0.8340744315 0.5000000000                 
-0.5709594689 0.5000000000                 
-0.3078445063 0.5000000000                 
-0.0447295436 0.5000000000                 
0.2183854190 0.5000000000                 
0.4815003816 0.5000000000                 
0.7446153442 0.5000000000                 
1.0077303068 0.5000000000                 
1.2708452694 0.5000000000                 
1.5339602320 0.5000000000                 
1.7970751946 0.5000000000                 
2.0601901573 0.5000000000                 
2.3233051199 0.5000000000                 
2.5864200825 0.5000000000                 
2.8495350451 0.5000000000                 
3.1126500077 0.5000000000                 
-2.9074203369 0.5000000000                 
-2.6443053743 0.5000000000                 
-2.3811904116 0.5000000000                 
-2.1180754490 0.5000000000                 
-1.8549604864 0.5000000000                 
-1.5918455238 0.5000000000                 
-1.3287305612 0.5000000000                 
-1.0656155986 0.5000000000                 
-0.8025006360 0.5000000000                 
-0.5393856734 0.5000000000                 
-0.2762707107 0.5000000000                 
-0.0131557481 0.5000000000                 
0.2499592145 0.5000000000                 
0.5130741771 0.5000000000                 
0.7761891397 0.5000000000                 
1.0393041023 0.5000000000                 
1.3024190649 0.5000000000                 
1.5655340275 0.5000000000                 
1.8286489902 0.5000000000                 
2.0917639528 0.5000000000                 
2.3548789154 0.5000000000                 
2.6179938780 0.5000000000                 
