t4 e4 t1 e1 t2 e2 t3 e3 
0.0000000000 0.0000000001 0.0000000000 0.0000000001 0.0000000000 0.0000000001 0.0000000000 0.0000000001 
0.3602705417 1.7046650346 0.0468026930 13.8154389767 0.0475721767 11.1348529957 0.0565246850 6.9105941816 
0.3802360304 1.3205683579 0.0973393167 14.3833343380 0.0984677637 11.6473921299 0.1186814413 4.8991617363 
0.3999930359 1.4321510369 0.1473892485 12.8863835546 0.1488022857 10.7376990573 0.1751778581 3.1815457372 
0.6555502116 1.6290036396 0.1971205420 10.3355786707 0.1986428813 8.6058710178 0.2258930021 2.0149893709 
1.0091937003 1.7912497774 0.2470712311 9.0126122462 0.2484525016 6.7479227827 0.2750391681 1.1771396667 
1.1342031994 2.8488826404 0.2977354510 10.3444263001 0.2986758241 6.6599933513 0.3246167912 1.7789532105 
1.1591383761 2.5077528648 0.3486346799 13.2825220573 0.3494354586 9.0415307405 0.3745952428 2.1097205762 
1.1731902493 3.3124325690 0.3987834987 12.2349718720 0.4000849761 11.1447898497 0.4248130175 1.0578083973 
1.2572891481 2.7582145866 0.4483876072 9.2642934853 0.4497817386 8.6796498030 0.4751910892 3.0045725706 
1.2699308396 2.7347012692 0.4987242637 10.3561376966 0.4995658252 6.7442436094 0.5241833366 3.9811473960 
1.2861612434 2.4393813206 0.5497330111 13.4411087928 0.5507768612 8.9713853596 0.5722219162 1.6145592692 
1.2991908889 2.5628876861 0.5993704654 10.4508414816 0.6025535714 9.5288446200 0.6169415698 1.7883277652 
1.3163775624 2.6493252248 0.6494644935 10.1573533766 0.6524022639 6.7365078285 0.6619777744 3.4123162888 
1.3832650756 1.9763304313 0.7006167773 13.5709890330 0.7025579309 8.6961017300 0.7091899214 6.4770898483 
1.3957486281 1.7212927139 0.7500873865 10.3082527627 0.7530400553 10.6175718508 0.7570894076 2.6182922592 
1.4054067321 2.1019099797 0.8006539231 12.0176009573 0.8023655174 7.6062257786 0.8140277483 4.8091161186 
1.4167870341 1.4075383084 0.8512096409 12.4248816295 0.8532945632 10.6991157616 0.8679654743 2.6567981148 
1.4292933261 2.4215704943 0.9007566488 10.9099006650 0.9029176756 8.3286579647 0.9217585873 2.2476240680 
1.4993825040 2.0330942456 0.9519482098 13.7632836833 0.9518377118 7.6797599642 0.9731704833 3.7880206573 
1.5132786510 2.1571049931 1.0011954100 11.0813518688 1.0033028952 9.4136650948 1.0249931558 3.6302833366 
1.5298113806 1.9535082859 1.0524635205 14.2902249134 1.0530673925 8.3209917354 1.0760631952 2.7950237964 
1.5454877663 1.5247158407 1.1018778080 11.5362845925 1.1041158542 10.6685039389 1.1274145896 3.2293065674 
1.6234142225 1.9438361120 1.1530988232 14.6870335577 1.1535768624 8.4090831531 1.1769189345 2.3050145853 
1.6409055025 1.3309897578 1.2024003272 12.1215640825 1.2053993384 9.7020038256 1.2249143507 2.3255238016 
1.6534081309 1.8601328945 1.2534884476 14.8093399505 1.2551045081 8.4775180976 1.2780182292 5.4720593938 
1.6753113392 0.9878348087 1.3030091649 12.7747490300 1.3062712589 10.4394832979 1.3288951048 2.0244624306 
1.8680517164 1.0058605114 1.3538371012 14.7917672349 1.3563987185 9.3794532244 1.3780179926 5.4310102179 
2.2199944918 2.4031846254 1.4037358040 13.4997162635 1.4070656514 10.3418602126 1.4300127134 2.5673665722 
2.2527614265 3.1704586445 1.4541365268 14.6378037274 1.4574379974 10.2884338256 1.4850553618 1.9679323855 
2.3544985661 2.8338207510 1.5044420543 14.3074700577 1.5072366933 10.1660718663 1.5435937506 3.3976425963 
2.3670293163 3.0061948322 1.5545926390 14.5198080982 1.5582826715 11.3818690444 1.5936181393 1.2869551753 
2.3824584953 2.6958686438 1.6052195377 15.1581867377 1.6077010358 10.2634878178 1.6424725966 3.7724477056 
2.4627562715 2.1818645559 1.6549464193 14.5920672967 1.6590863808 12.3798504926 1.6886220213 2.2007964917 
2.4755078874 1.5347242488 1.7059321575 15.9851857821 1.7084643647 10.6048884919 1.7322488959 1.2361783946 
2.4895333887 1.8316631852 1.7552653833 14.8650334282 1.7599059106 12.5638721596 1.7816021474 1.1580043714 
2.5031049212 2.5672324493 1.8066006977 16.6690330517 1.8094013754 10.8625193020 1.8314270404 3.5823839727 
2.5645888626 2.2627613075 1.8558369846 15.2866824038 1.8594932482 12.5334648983 1.8806375660 1.6739533445 
2.5853180819 1.8051691945 1.9069612649 17.0497501491 1.9095080100 11.6230547402 1.9309789596 4.5290777407 
2.5975281695 2.2164565488 1.9564696703 15.8015398646 1.9596730633 12.1694613779 1.9774223246 3.9112470373 
2.6071652715 1.9548987585 2.0073468456 17.0690073179 2.0102581764 12.1972885908 2.0239964728 3.8039367213 
2.6174562762 1.8741564863 2.0573401429 16.3983426648 2.0587754975 11.6777021864 2.0703648035 4.2715159828 
2.6309019380 1.9905606282 2.1076937175 16.9253018431 2.1101566105 12.5313288053 2.1212245594 2.0145996982 
2.6966789733 1.5038242582 2.1580853188 17.0758169364 2.1600050705 11.9116676329 2.1728505312 3.9270832802 
2.7112451794 1.6175752242 2.2078476427 16.9195258684 2.2108875743 13.2430268682 2.2255486742 3.3493300749 
2.7265054207 1.6355256352 2.2589103267 17.8129531903 2.2605493887 12.2281206009 2.2769865143 2.8487706705 
2.7405039895 1.7492477598 2.3082592582 17.1493912817 2.3116479438 12.6080674415 2.3274466447 2.3301704665 
2.7538357745 0.9213770806 2.3595220833 18.4334258902 2.3623011813 12.4177267451 2.3774084207 1.8851409901 
2.8338213033 1.3475276239 2.4087821980 17.5186905386 2.4125217052 12.2676879509 2.4245439369 1.9587107406 
2.8465319226 1.7679425688 2.4599236526 18.6816767587 2.4636010614 13.1402513730 2.4783671969 5.4192325586 
2.8580606266 1.3699671587 2.5096149504 17.9469004058 2.5134472866 12.5328392580 2.5291499145 1.7776405633 
2.9598383013 1.8211433522 2.5602697347 18.5874407382 2.5646714529 13.7555929639 2.5781366434 4.7319546092 
3.1346358558 4.3296604022 2.6104898444 18.4560192864 2.6139207464 12.8342528957 2.6300048109 2.8044639514 
3.4347727908 3.0781599654 2.6603587581 18.5079814901 2.6648061561 13.8485133618 2.6839506640 1.3604416083 
3.5127206874 1.5610928358 2.7112710416 19.0576035077 2.7146241152 13.2464184030 2.7438705849 3.6745599681 
3.5571476955 2.6470744958 2.7607017196 18.6734157014 2.7650301971 13.6725129845 2.7941720546 1.2538370522 
3.5696284400 2.7870768571 2.8119389510 19.6306230986 2.8157358593 13.8659525013 2.8431008078 3.6311617348 
3.5997768132 1.6155698160 2.8611946481 18.9838643987 2.8655705607 13.6367195622 2.8898880136 1.8695760418 
3.6645707038 2.5405274830 2.9123514616 19.8619038774 2.9171088177 14.2578418374 2.9331904682 1.2460271960 
3.6778662333 2.2989571820 2.9620416248 19.3250196496 2.9659719231 13.7877687692 2.9822492683 1.0949289360 
3.6912461448 1.8263835178 3.0126652161 19.7526839396 3.0165532203 14.9603720436 3.0321426087 3.8498549977 
3.7047659613 2.5743743663 3.0629513028 19.7395785320 3.0660308398 14.0886084025 3.0813832966 1.4640287565 
3.7680413635 1.9120875037 3.1127290876 19.7091909354 3.1168342616 14.7641378559 3.1317276209 4.3904168887 
3.7854730103 1.9714373010 3.1637452900 20.2544336544 3.1668196257 14.3843332498 3.1783573602 3.9262314638 
3.7979814559 1.9139773210 3.2130963222 19.9113412135 3.2153770830 14.3348682610 3.2246897950 3.4650127198 
3.8076765946 2.2050525458 3.2643616258 20.6930297111 3.2666835969 14.6202185455 3.2713906776 4.6238919597 
3.8176844179 2.0773703253 3.3137562965 20.1889781868 3.3164253265 14.4127042431 3.3215439429 1.8634710495 
3.8307902170 1.9128350252 3.3646701871 20.7477964884 3.3674677101 15.1393717938 3.3734502857 3.8987325026 
3.8969595109 1.9110090734 3.4145904479 20.4727819676 3.4170751066 14.6239590261 3.4261663207 3.2080288004 
3.9116607598 1.9222284191 3.4649165965 20.6144377644 3.4681989087 14.6956657035 3.4781274827 2.8746772436 
3.9265889358 1.4906491222 3.5155028865 20.8544705187 3.5188381486 14.8101723724 3.5280027302 1.9850544456 
3.9398708485 1.5517846215 3.5650907829 20.7003114549 3.5688387207 14.5102711042 3.5783547513 1.7234509481 
3.9532598333 1.1876318469 3.6162664404 21.2996628614 3.6199593939 14.9820822370 3.6250960496 1.7808959822 
4.0324436320 1.0097772210 3.6655159627 20.9425817568 3.6696675830 14.6535066639 3.6791490495 5.3320221255 
4.0457209555 1.6180121904 3.7167028083 21.4968887916 3.7209527377 15.3204630845 3.7300164656 1.6439762817 
4.0568630838 1.2621431696 3.7663316973 21.1642648429 3.7702882747 14.8364610672 3.7789447513 4.2959448689 
4.1145563464 2.2674770171 3.8169414647 21.3645315187 3.8209700913 15.2128460768 3.8307936817 2.9442328567 
4.2483699240 2.6768263306 3.8671908403 21.4370105985 3.8712200999 15.1171974473 3.8843998631 1.1424315412 
4.6001368146 2.0277330095 3.9170903662 21.3682138610 3.9210787890 15.1145039909 3.9449112736 3.6849777835 
4.6517273034 2.9759108663 3.9681301239 21.8257812408 3.9721019228 15.6777263493 3.9952586387 1.2303404262 
4.7536291159 2.8614390337 4.0174294615 21.5792763444 4.0216249219 15.2951421320 4.0441240088 3.4805893040 
4.7671228447 2.7783661358 4.0686729974 22.0717342623 4.0732823845 15.9474277418 4.0910364556 1.7362695873 
4.7811580237 2.4500959601 4.1180810013 21.7714644923 4.1225834316 15.5448336158 4.1342854474 1.2727272593 
4.8618296169 2.3272868188 4.1688800214 21.9801534806 4.1725474890 15.9497770357 4.1831369856 1.0723881888 
4.8749435731 1.9890940216 4.2190254087 21.9679842132 4.2225569652 15.7134396665 4.2331461501 3.9432801340 
4.8881933801 2.0635210002 4.2691089082 21.9307317534 4.2726182122 15.7565615651 4.2823297867 1.3398105050 
4.9017221138 2.1628470381 4.3199745834 22.3001399769 4.3234493844 16.0655382592 4.3326665162 4.3386413471 
4.9169476114 2.0179265076 4.3693535680 22.1181154378 4.3718799213 16.0454060693 4.3794090355 3.9365744961 
4.9820089436 1.9080683342 4.4206016531 22.5461409791 4.4224225657 15.9327521990 4.4256789408 3.3527642560 
4.9949058935 2.0062058292 4.4699763536 22.2887643527 4.4726375533 15.8869382494 4.4724025670 4.7584164325 
5.0050210855 1.8759861516 4.5208127961 22.4602077095 4.5230450716 16.0192455913 4.5223782301 1.7756791989 
5.0147659045 2.0052394942 4.5708495037 22.4361181077 4.5733066064 15.9695571515 4.5743407581 3.8821353483 
5.0270637579 2.1248570188 4.6208971855 22.3985357122 4.6234910675 15.9186468274 4.6272129827 3.1491466649 
5.0432676493 2.0203404247 4.6718354759 22.7104841243 4.6750472569 15.9399162060 4.6791832193 2.9365312770 
5.1080676612 1.6698932719 4.7213191419 22.5733157300 4.7244983206 16.3004148820 4.7289857138 1.8559184110 
5.1228548401 1.7337586895 4.7724830921 22.9480310883 4.7758834558 16.0269838461 4.7794395091 1.6465275365 
5.1343212567 1.8222978489 4.8218960802 22.7257254095 4.8257696980 15.8562400892 4.8261078070 1.6919400806 
5.1488042008 1.4734188253 4.8727216284 22.8442121020 4.8764838638 15.8963115122 4.8802198513 5.2768998791 
5.2249677471 1.6121027448 4.9227810879 22.8376519846 4.9268541516 16.0393779807 4.9309481043 1.5807853670 
5.2418105593 1.4953047035 4.9728336041 22.7905265795 4.9763153921 15.9397377268 4.9800164968 4.1405368730 
5.2528146884 1.5673725666 5.0236628603 23.0805528980 5.0274872915 16.4748685278 5.0316855678 2.9103530562 
5.2674368855 1.5413945752 5.0730857823 22.9641310803 5.0766087603 16.1433099796 5.0853848291 1.0530544195 
5.3763745102 1.7528075173 5.1243425840 23.2660923750 5.1277990112 16.6910688196 5.1458707231 3.6913441864 
5.7002679781 1.4107868650 5.1738797048 23.0889073702 5.1775778348 16.3112174716 5.1963858284 1.2112921363 
5.8452777672 2.7567348666 5.2245995069 23.1497039339 5.2282582133 16.4717752116 5.2451294999 3.4360234314 
5.9491994549 3.0039720040 5.2747758215 23.1782007042 5.2792385251 16.4654271063 5.2918741425 1.6715523622 
5.9636335723 2.7064192206 5.3245943348 23.1238205875 5.3281829021 16.4100794848 5.3348802885 1.3020907325 
5.9770397046 2.6011767201 5.3756151835 23.4022589729 5.3790190288 16.9719723136 5.3838316194 1.0208018534 
6.0578346477 2.6290028983 5.4250323687 23.2980772725 5.4282193368 16.6109898078 5.4337184535 3.9879302794 
6.0699350992 2.4212053977 5.4761305430 23.5353919081 5.4792687957 17.0454708943 5.4829811604 1.2681065311 
6.0843550423 2.3618616737 5.5256960082 23.3912759611 5.5286709305 16.7777750760 5.5333232616 4.2995983529 
6.0988880993 2.4247510920 5.5763771791 23.3950682642 5.5775824770 16.6793700837 5.5801738546 3.9002782221 
6.1114145440 2.2869508767 5.6267635388 23.4713727061 5.6287215819 16.6914009412 5.6264827938 3.3708019841 
6.1777240722 2.2273953323 5.6765232702 23.4144958986 5.6783554521 16.6758715130 5.6730347350 4.7502629744 
6.1910984962 1.0483748810 5.7276045274 23.6753614108 5.7293803629 16.9745058660 5.7231051091 1.7146684194 
6.2025482994 1.9079991408 5.7768387887 23.5848080399 5.7789350149 16.8237198233 5.7750357861 3.9245477270 
6.2123478366 1.9518572373 5.8280077134 23.7467071559 5.8302125143 16.6602673962 5.8278447812 3.0741617910 
6.2246326702 1.9966526481 5.8777100859 23.6409801258 5.8807093717 16.9491920252 5.8797815752 2.9358011936 
6.2377671856 1.9723771974 5.9282755655 23.5968828165 5.9306530908 16.5708949882 5.9297743484 1.8013709801 
6.3046842664 1.8313425249 5.9786245066 23.7246673821 5.9818117915 16.6902694346 5.9801040952 1.6110202777 
6.3183120598 0.9205330075 6.0283104639 23.6733274194 6.0315404033 16.5862671715 6.0269043425 1.6424511654 
6.3312532034 1.8955920372 6.0795559941 23.9207814660 6.0827122400 16.8228672491 6.0808280936 5.2837937581 
6.3459764326 1.5701031961 6.1288438294 23.8230728488 6.1322500509 16.6192371810 6.1316174620 1.5204999336 
6.3606853137 1.7108528605 6.1798740865 23.9066838252 6.1825516438 16.6832379935 6.1805897524 4.0970016584 
6.4373176194 1.5217308411 6.2296047168 23.8473946275 6.2330811817 16.7806724171 6.2324196702 2.8828826289 
6.4493856700 1.3851615447 6.2799464416 23.7777011571 6.2827082636 16.6912009179 6.2859176252 1.0094117197 
6.4615525016 1.2507283243 6.3306180510 23.9462349561 6.3339468630 17.2062263862 6.3466540179 3.6632404036 
6.5662433321 1.4116496822 6.3802531319 23.9070700629 6.3833587004 16.8994861746 6.3971336068 1.2183961684 
6.7730525083 2.8738041255 6.4313363295 24.1142640324 6.4347193222 17.2543702042 6.4459318534 3.4037366838 
7.0377567337 3.0182028280 6.4807395653 24.0148377735 6.4846080245 17.0536299605 6.4924980759 1.6683153979 
7.1404843632 3.0056006668 6.5316669731 24.0187964251 6.5342198585 16.9899973354 6.5357994918 1.2884956246 
7.1583848935 2.7987360318 6.5816968231 24.0202770067 6.5846043849 17.1791437801 6.5845676826 1.0147803248 
7.1713668731 2.7875361180 6.6317080491 23.9487576568 6.6342054449 17.0705047212 6.6345241279 3.9573300219 
7.2418102674 1.7626313247 6.6825603573 24.1450072351 6.6854354790 17.4979619753 6.6838430631 1.2292515163 
7.2660991129 2.3196831415 6.7320079425 24.1065464638 6.7340886600 17.4305877259 6.7340711442 4.3182109151 
7.2798630051 2.2758621080 6.7832538271 24.2556779093 6.7836482158 17.0609845525 6.7809811085 3.9470178713 
7.2932927736 1.3655642023 6.8328088868 24.1684159847 6.8343771443 17.1164968813 6.8271652903 3.3501611700 
7.3059342017 2.5199194813 6.8834505886 24.1065662297 6.8843740500 17.0317983546 6.8739268168 4.7159840098 
7.3693594432 2.1882142383 6.9337270298 24.1718033397 6.9351930510 17.2385965711 6.9237764281 1.6860389940 
7.3856400581 1.9728518668 6.9834502017 24.1186549895 6.9847256916 17.2617222440 6.9757849360 3.8646875759 
7.3978980744 2.1396700286 7.0346070638 24.3165427418 7.0364155160 17.0721053152 7.0287076735 3.0769407669 
7.4075654613 1.7847621248 7.0838925673 24.2706081766 7.0862756784 17.5752057985 7.0806865901 2.9573628239 
7.4175630424 1.8095063037 7.1351281128 24.3379404747 7.1367448102 16.7873806614 7.1304732275 1.7887362373 
7.4309897391 1.8498503951 7.1847069973 24.2810263028 7.1875717654 16.9183745396 7.1808648401 1.5724527087 
7.4968934058 1.8844722106 7.2352070530 24.1904624564 7.2374224817 16.8841665403 7.2275874366 1.6217096322 
7.5112749142 2.0364286014 7.2857946276 24.3116679256 7.2885437804 17.1827418019 7.2816462431 5.2386155335 
7.5262111023 1.7887020149 7.3353352030 24.2838194748 7.3378565382 17.0218858140 7.3325302034 1.4796760562 
7.5382744707 0.9119022631 7.3864862227 24.4559426757 7.3883430242 17.1776793713 7.3814578511 4.1728547669 
7.5524678252 1.7250239028 7.4357926578 24.3967725825 7.4381947831 17.0520527562 7.4333737973 2.7797576552 
7.6310173557 0.8816949168 7.4867861779 24.3805643535 7.4882482382 17.0427812706 7.4869909179 0.9941513602 
7.6450749936 1.6707847758 7.5367290907 24.3743168347 7.5391824082 17.3110137203 7.5476235865 3.5970233750 
7.6560748102 1.3382721421 7.5869463631 24.2874643378 7.5887155169 17.1782599409 7.5979056540 1.1974100034 
7.6971819975 1.5009913330 7.6377084224 24.4501761546 7.6404948905 17.5121905438 7.6468610221 3.4126168032 
7.8471949739 2.8444763828 7.6871983230 24.4300497834 7.6897673041 17.4069157415 7.6935411809 1.7542293598 
8.1983737944 2.2283439438 7.7384589594 24.5418219062 7.7397518830 17.4732331238 7.7369155368 1.2107899429 
8.2522645158 2.9835743507 7.7878507430 24.4852778257 7.7897711030 17.3719691380 7.7858901663 0.9065951420 
8.3539189551 2.9053449950 7.8385568965 24.4032355542 7.8398217311 17.3362425646 7.8358382421 3.9222583377 
8.3674830255 2.2652968749 7.8887878425 24.4622236141 7.8905636698 17.5851008018 7.8850216704 1.2219642567 
8.3841038655 2.6519725834 7.9386547850 24.4064875687 7.9390090249 17.7365655779 7.9353707734 4.4051065852 
8.4631168720 2.3334594643 7.9896790446 24.5782380683 7.9892809011 17.3534381691 7.9821299155 3.9582879252 
8.4764862477 2.6159265544 8.0390908758 24.5534226387 8.0395114205 17.4179300426 8.0285179254 3.4987245165 
8.4895444143 2.3553198957 8.0902964970 24.5877211405 8.0898863194 17.3038254963 8.0750289201 4.5858750658 
8.5034215830 1.9976513929 8.1398899316 24.5429176501 8.1403263545 17.3899628601 8.1252612533 1.6376802016 
8.5328472963 1.4550079652 8.1902678730 24.4364704223 8.1903276162 17.4112993947 8.1771694817 3.8992475880 
8.5840545253 1.4419478326 8.2408620916 24.5553425028 8.2419758536 17.2859111962 8.2298782770 3.0452371946 
8.5967088038 2.0066991218 8.2904140595 24.5342164708 8.2915251226 17.8361099215 8.2817507091 2.8503606013 
8.6064735470 2.2639131122 8.3415663757 24.6767295039 8.3425357170 17.0622049003 8.3318967653 1.8339739224 
8.6161395625 2.0050073661 8.3909913690 24.6342867172 8.3927062560 17.0965205596 8.3822015529 1.5642824870 
8.6289202719 1.6607323974 8.4419671066 24.5881392045 8.4429219883 17.0258835972 8.4290730891 1.6122182780 
8.6698190599 0.8974472308 8.4919436737 24.5922464107 8.4938444346 17.2769927898 8.4830184777 5.2024843337 
8.7096473561 1.7407063158 8.5420183579 24.5017952711 8.5430037416 17.1992669866 8.5337921945 1.4404841039 
8.7248331804 1.6858501629 8.5929037231 24.6578455560 8.5940877959 17.4649011532 8.5828487360 4.4108195624 
8.7364324533 1.2268690744 8.6422575892 24.6499663693 8.6435630916 17.2589497387 8.6345479143 2.6588081341 
8.7506955263 1.4443403217 8.6935018586 24.7275499001 8.6941148434 17.3506297042 8.6886774585 1.0168866451 
8.8281666784 1.8326206848 8.7429566149 24.6789352684 8.7446069862 17.3823430340 8.7488839885 3.5035163716 
8.8433115606 1.5772371969 8.7937342301 24.5757913957 8.7943903165 17.3208424221 8.7992809725 1.1927395794 
8.8544259249 1.4419682733 8.8438970677 24.6443954629 8.8459946657 17.5573945052 8.8480326359 3.4457790754 
8.8701009839 1.4171868407 8.8937946724 24.5976399209 8.8950556833 17.5412279006 8.8945114142 1.8615923592 
8.9853720959 1.2926991602 8.9448904512 24.7486561643 8.9454918722 17.7734044018 8.9379907913 1.1673251819 
9.3369831297 1.5346753835 8.9941923350 24.7322855604 8.9950879942 17.5364778710 8.9869154070 0.8250112241 
9.4471348119 3.0015267206 9.0453197308 24.7258121908 9.0454591850 17.5588848283 9.0368173519 3.8637047831 
9.5503185295 2.9546344900 9.0949990136 24.7022252510 9.0959631040 17.6360274373 9.0861148921 1.2442682279 
9.5645101408 2.0006913437 9.1453117053 24.5868628482 9.1443628021 17.8360303916 9.1365243350 4.4938733963 
9.5789055135 2.4944894920 9.1960268461 24.7121572727 9.1950242168 17.5232131263 9.1832646973 3.9904908045 
9.6596225349 2.7380126008 9.2456079491 24.6988365255 9.2450635379 17.5899540527 9.2295672588 3.6005340159 
9.6723266243 2.5596042753 9.2967578963 24.8131233469 9.2955552835 17.5273094009 9.2761002602 4.5041763133 
9.6862917243 1.7013513328 9.3461845001 24.7774921497 9.3457240051 17.5207449934 9.3263562581 1.6306843864 
9.7002574050 2.2499108394 9.3970805419 24.6922045220 9.3959523383 17.4608001865 9.3781605214 3.9073017036 
9.7137550661 2.3472135715 9.4470951185 24.7229324752 9.4474755248 17.4405063926 9.4310651267 3.0013548003 
9.7800378547 2.2166109011 9.4970757266 24.6442449569 9.4968759744 17.8744230211 9.4827567318 2.7985335023 
9.7932065820 1.8188954555 9.5480123027 24.7918952154 9.5482128567 17.2738197288 9.5330069706 1.8895737723 
9.8038309777 2.0397648549 9.5973479139 24.7909125430 9.5981319628 17.2398203373 9.5830734191 1.5709971191 
9.8135083177 2.2296864170 9.6485596605 24.8266224285 9.6487619576 17.1388725712 9.6301944105 1.6122063771 
9.8260268392 1.7044122663 9.6982181363 24.7872465930 9.6992425263 17.2980479585 9.6839621275 5.1927465372 
9.8400274478 1.9385421110 9.7488131144 24.6664950213 9.7486186511 17.2537668381 9.7348889929 1.4288681592 
9.9064393295 1.8071212979 9.7991913684 24.7604135487 9.7995294779 17.5814857311 9.7838468825 4.4943411796 
9.9213575176 1.4777235180 9.8488041432 24.7329214743 9.8487876888 17.3827221041 9.8358032079 2.4870618764 
9.9330145674 1.7311015136 9.9000720008 24.8620998075 9.8997843821 17.5874228272 9.8899068637 1.0522772246 
9.9475258479 1.4904609519 9.9493256983 24.8440789149 9.9498211892 17.4533282375 9.9500141411 3.3561285219 
10.0000000000 1.0958862089 10.0000000000 24.7890780162 10.0000000000 17.4323048341 10.0000000000 1.1316157296 
