t4 p4 v4 u4 t1 p1 v1 u1 t2 p2 v2 u2 t3 p3 v3 u3 tr pr vr 
0.0000000000 0.0000000000 0.0000000000 132.6114655610 0.0000000000 0.0000000000 0.0000000000 -0.0698131701 0.0000000000 0.0000000000 0.0000000000 33.1005065127 0.0000000000 0.0000000000 0.0000000000 84.5515711284 0.0000000000 0.0000000000 0.0000000000 
0.3602705417 4.1716029415 17.3446905959 109.1858591974 0.0468026930 0.6723881926 16.2523251363 160.9664780392 0.0475721767 0.5676063947 13.6141158200 162.3580445108 0.0565246850 0.5007097265 9.8576231044 166.5049699278 0.0502512563 0.0661092871 2.6311496261 
0.3802360304 4.5317321137 18.8198862675 110.8561294238 0.0973393167 1.5813110776 19.4180828284 167.4072081920 0.0984677637 1.3444636748 16.7519783683 171.3353502766 0.1186814413 1.1547897748 11.0498390822 178.8617623599 0.1005025126 0.2644371484 5.2622992522 
0.3999930359 4.9103569043 19.7065788735 105.9750506567 0.1473892485 2.5878993758 20.4444902787 149.0133140171 0.1488022857 2.2370406954 18.4002908311 161.2272220331 0.1751778581 1.8084173372 12.1909259371 178.6656869123 0.1507537688 0.5949835838 7.8934488784 
0.6555502116 12.2530596535 35.6086550693 100.5924144539 0.1971205420 3.6014079170 20.3285233264 116.7078391552 0.1986428813 3.1659636974 18.7382802633 133.4156281427 0.2258930021 2.4599462984 13.5000647317 164.6306057459 0.2010050251 1.0577485934 10.5245985045 
1.0091937003 28.3147735153 51.6709170462 70.4867908017 0.2470712311 4.6349749360 21.4221819742 97.6129956848 0.2484525016 4.1082075606 19.2797976348 106.3920747923 0.2750391681 3.1503243074 14.5313480057 141.3002124297 0.2512562814 1.6527321772 13.1557481306 
1.1342031994 34.7562949025 49.9692283530 68.8317888755 0.2977354510 5.8060736245 25.3289875182 110.8119266286 0.2986758241 5.1262933226 21.6856661078 100.5096744866 0.3246167912 3.8960327841 15.6289637958 117.1886211783 0.3015075377 2.3799343352 15.7868977567 
1.1591383761 35.9958854248 50.3379702260 78.5372952672 0.3486346799 7.2415780158 30.9014368112 144.1174110060 0.3494354586 6.3471119744 26.7713146123 126.0606897078 0.3745952428 4.7245030629 17.7844042370 103.6033891271 0.3517587940 3.2393550673 18.4180473829 
1.1731902493 36.6951205290 49.3801943663 -112.3830231722 0.3987834987 8.8481409947 32.1827892033 128.2245946158 0.4000849761 7.8390005272 31.4790839292 147.7931169946 0.4248130175 5.7106715216 21.8602676642 113.3626689627 0.4020100503 4.2309943737 21.0491970090 
1.2572891481 40.9940719605 49.9504319119 88.6359945395 0.4483876072 10.4121677393 31.1793709078 84.9802658477 0.4497817386 9.4108281152 31.1929605904 112.0613006724 0.4751910892 6.9570836936 27.6977583550 143.2622302303 0.4522613065 5.3548522542 23.6803466351 
1.2699308396 41.6274675301 49.9615365496 89.4454903201 0.4987242637 12.0482965211 34.8649924080 95.4243326000 0.4995658252 10.9485124554 31.2555946545 80.9867642357 0.5241833366 8.4193837741 31.2338569896 140.7631516092 0.5025125628 6.6109287088 26.3114962612 
1.2861612434 42.4445394436 50.2840588681 93.0008443805 0.5497330111 13.9968109740 40.7687507300 132.3466790478 0.5507768612 12.6637197543 36.4668074397 113.4737017564 0.5722219162 9.9129215309 30.8612184546 96.7583239198 0.5527638191 7.9992237377 28.9426458873 
1.2991908889 43.1001213418 50.1250595258 91.0073915194 0.5993704654 16.0071340777 39.4843256418 86.1552846064 0.6025535714 14.6697875934 39.5574786393 126.8570094424 0.6169415698 11.3387046915 33.4474291588 80.5802177689 0.6030150754 9.5197373407 31.5737955135 
1.3163775624 43.9630963847 50.0069621764 90.8606091228 0.6494644935 17.9954651993 41.4107690139 75.9951335358 0.6524022639 16.5958224298 38.1152736566 74.1145435764 0.6619777744 12.9358821214 37.7436410966 119.8847093512 0.6532663317 11.1724695180 34.2049451396 
1.3832650756 47.3640992340 50.7291029622 96.5803710334 0.7006167773 20.3050069195 48.0246819551 120.7901665950 0.7025579309 18.6055150217 43.3677098090 91.5808729653 0.7091899214 14.8787189266 43.3799708676 115.1795710186 0.7035175879 12.9574202693 36.8360947657 
1.3957486281 47.9955910174 51.0312125930 102.8442667005 0.7500873865 22.6406412963 45.8832847414 64.3153517283 0.7530400553 20.9653340066 48.1057565530 111.3180841122 0.7570894076 16.9303445148 41.4165212681 64.4146566809 0.7537688442 14.8745895949 39.4672443918 
1.4054067321 48.4819717515 50.5536576366 96.5079098037 0.8006539231 25.0323269634 50.6607988998 87.0093788089 0.8023655174 23.2698989018 46.0978299823 56.4579869416 0.8140277483 19.3767325969 46.9826062991 111.5433910851 0.8040201005 16.9239774947 42.0983940180 
1.4167870341 49.0571255312 51.4273103280 104.7769477769 0.8512096409 27.7295293346 53.3799482550 86.8441428154 0.8532945632 25.7670495722 53.0158013753 105.2407604326 0.8679654743 21.9814290860 46.8459185307 82.0996304363 0.8542713568 19.1055839686 44.7295436441 
1.4292933261 49.6912694684 50.1699674403 -105.9248493432 0.9007566488 30.3189367216 53.2153383459 52.4457968283 0.9029176756 28.4204735737 51.6678433112 66.5956848730 0.9217585873 24.4580810278 47.8792147051 71.7237258820 0.9045226131 21.4194090167 47.3606932702 
1.4993825040 53.2880276561 50.5679661993 90.7671013713 0.9519482098 33.2584900012 59.7700762094 96.2231082509 0.9518377118 30.9123223963 52.5275868328 71.0815418536 0.9731704833 27.1109606854 53.9518795561 104.1855988319 0.9547738693 23.8654526389 49.9918428963 
1.5132786510 53.9951303953 50.4183494308 -103.6510621363 1.0011954100 36.1126122630 57.3975199944 37.3065788852 1.0033028952 33.8206662291 58.0913022534 83.9744685267 1.0249931558 29.7728689087 49.5383586041 50.2024710683 1.0050251256 26.4430537425 52.3598775598 
1.5298113806 54.8393018557 50.6357705688 87.0560989277 1.0524635205 39.2040511457 62.2891852177 97.0896524447 1.0530673925 36.6031458947 55.6460483907 48.7675021761 1.0760631952 32.4323415771 53.9909581169 110.5482950442 1.0552763819 29.0742033686 52.3598775598 
1.5454877663 55.6399981275 51.1279442261 91.4961462692 1.1018778080 42.1337532118 56.8667587774 36.1105174698 1.1041158542 39.5920353720 59.4623963194 96.0599611775 1.1274145896 35.1378937113 50.0794951896 58.2475953678 1.1055276382 31.7053529948 52.3598775598 
1.6234142225 59.6957976493 50.6235937780 75.0817426259 1.1530988232 45.1784480020 62.1117297749 99.7203038110 1.1535768624 42.3769700694 54.4083324236 42.3525227072 1.1769189345 37.5988345193 53.1766774465 83.0570653979 1.1557788945 34.3365026209 52.3598775598 
1.6409055025 60.5879883510 51.3359163524 80.9566521505 1.2024003272 48.1113311863 56.6585683902 38.4431707844 1.2053993384 45.2960855806 57.2807333355 106.1505662291 1.2249143507 40.1402111152 51.5604112836 95.8745723569 1.2060301508 36.9676522470 52.3598775598 
1.6534081309 61.2253449596 50.6967044890 71.4921634897 1.2534884476 51.1008021975 61.5050987190 97.0827131899 1.2551045081 47.9869481307 51.6745129105 49.2408403847 1.2780182292 42.7298982751 47.2636487371 58.4739923148 1.2562814070 39.5988018731 52.3598775598 
1.6753113392 62.3443043137 51.7875518466 72.3639697443 1.3030091649 54.0596437640 56.7019552408 43.4856584165 1.3062712589 50.7639020531 58.3532657531 95.2171628787 1.3288951048 45.2583423202 51.5547960180 114.8456987108 1.3065326633 42.2299514993 52.3598775598 
1.8680517164 72.6357574775 52.4074034045 58.9768531720 1.3538371012 56.9881034157 60.6040338843 90.7906768069 1.3563987185 53.6760362062 55.5086991177 55.5968877878 1.3780179926 47.7171105664 47.2165661379 63.7765287088 1.3567839196 44.8611011254 52.3598775598 
2.2199944918 91.5706591890 50.4919164377 59.9308162151 1.4037358040 59.9799248564 57.0455879076 51.8030168781 1.4070656514 56.4728893613 57.4912381029 79.0781447078 1.4300127134 50.1944990863 50.2756682274 88.6224624285 1.4070351759 47.4922507515 52.3598775598 
2.2527614265 93.2020493849 49.5290561049 60.7815699979 1.4541365268 62.8450048583 59.3026840249 79.6431670880 1.4574379974 59.4256321088 56.7721260027 70.6114884814 1.4850553618 53.0371193147 51.0400618293 85.7818525795 1.4572864322 50.1234003776 52.3598775598 
2.3544985661 98.4880485175 49.8885382218 70.6935199172 1.5044420543 65.8632378192 57.7068612491 63.5868460476 1.5072366933 62.1686214038 56.1582055714 60.8667829507 1.5435937506 55.8835236122 49.1970166438 70.4706377052 1.5075376884 52.7545500037 52.3598775598 
2.3670293163 99.1135057837 49.6769209666 71.4253385082 1.5545926390 68.6885495567 57.7800547613 65.7703254310 1.5582826715 65.1585870740 58.2371416077 86.3099881497 1.5936181393 58.4802288890 52.7739667950 106.2639186418 1.5577889447 55.3856996299 52.3598775598 
2.3824584953 99.8852013656 50.0092269200 78.4314814181 1.6052195377 71.7137073279 58.5323264540 77.0424255443 1.6077010358 67.9066048384 55.0394939468 47.7189277540 1.6424725966 60.9447723042 48.7590955802 51.1837880646 1.6080402010 58.0168492560 52.3598775598 
2.4627562715 104.0036523012 50.5604775214 95.1636718176 1.6549464193 74.5070091488 56.3562374097 52.9187759601 1.6590863808 70.8898704990 59.3752612223 98.1831570625 1.6886220213 63.3325637285 54.2680914291 100.7781808842 1.6582914573 60.6479988821 52.3598775598 
2.4755078874 104.6458501791 51.4138815222 105.3044786513 1.7059321575 77.5230172959 59.3402600425 90.0417142498 1.7084643647 73.6761302324 54.4289619531 41.0490292952 1.7322488959 65.7076644295 52.7041787544 78.9256795596 1.7085427136 63.2791485082 52.3598775598 
2.4895333887 105.3529180411 50.9599589353 100.0011757578 1.7552653833 80.3057231527 55.2560007915 43.7228509642 1.7599059106 76.6027883837 59.0504083962 103.6037878201 1.7816021474 68.2323754325 52.0973090408 58.9060945118 1.7587939698 65.9102981344 52.3598775598 
2.5031049212 106.0386820106 50.0678197935 89.7551696748 1.8066006977 83.2938200285 59.8719562739 99.5769055822 1.8094013754 79.3833836210 53.2822462322 46.8509936790 1.8314270404 70.9826786778 55.7098472510 102.8366690344 1.8090452261 68.5414477605 52.3598775598 
2.5645888626 109.1703193277 50.3653925117 100.5499057600 1.8558369846 86.0988104454 54.6945244913 40.6867645294 1.8594932482 82.1385494580 58.4476922484 94.1061440192 1.8806375660 73.5973719750 51.3144423950 46.6539305252 1.8592964824 71.1725973866 52.3598775598 
2.5853180819 110.2189718500 50.8787736571 97.9370872925 1.9069612649 89.0150102574 59.7877349115 101.7031444745 1.9095080100 85.0424853360 55.3161252916 57.6001179633 1.9309789596 76.3011779762 56.6750958885 104.9678279645 1.9095477387 73.8037470127 52.3598775598 
2.5975281695 110.8384240830 50.3879949113 95.0461057390 1.9564696703 91.8715733872 54.8063746237 45.3493350290 1.9596730633 87.7872302332 56.7268627235 76.6935194314 1.9774223246 78.9077969250 55.9508250900 52.2460474549 1.9597989950 76.4348966388 52.3598775598 
2.6071652715 111.3251361893 50.6766798280 97.3270573009 2.0073468456 94.7150413147 58.8413664425 93.6212079696 2.0102581764 90.7196301135 55.9960097845 76.1049790977 2.0239964728 81.4446493883 55.7881097195 75.3784725107 2.0100502513 79.0660462650 52.3598775598 
2.6174562762 111.8458881345 50.7599964596 96.7788339015 2.0573401429 97.6286566085 55.5425807915 57.1085244848 2.0587754975 93.2898446191 52.0130419967 57.7717538690 2.0703648035 84.0957537421 56.1995121964 87.5396435101 2.0603015075 81.6971958911 52.3598775598 
2.6309019380 112.5301570139 50.6141269776 94.5388363613 2.1076937175 100.4000821324 57.1900803288 77.2288092511 2.1101566105 96.1050633820 56.5852922959 101.4923612237 2.1212245594 86.7856276485 51.6858757280 52.9402634574 2.1105527638 84.3283455172 52.3598775598 
2.6966789733 115.9118520017 51.1506490217 97.6099667563 2.1580853188 103.3451790800 56.6502842579 72.9751808899 2.1600050705 98.8177380480 52.8852550833 44.6626108155 2.1728505312 89.5728835811 55.7497364312 106.6518188275 2.1608040201 86.9594951433 52.3598775598 
2.7112451794 116.6540962808 50.9984716505 93.2746622237 2.2078476427 106.0688166523 55.3892237518 59.0500642413 2.2108875743 101.6311466509 57.8546519877 104.4596571728 2.2255486742 92.3452475384 49.6700684980 50.3555945896 2.2110552764 89.5906447695 52.3598775598 
2.7265054207 117.4348342941 50.9658061993 90.7568280663 2.2589103267 109.0297178221 57.8881373257 90.1191578508 2.2605493887 104.4019170628 52.8118033093 49.1563702813 2.2769865143 95.0087288717 54.4215767403 105.8005117515 2.2613065327 92.2217943956 52.3598775598 
2.7405039895 118.1501239852 50.8242089159 87.9650179355 2.3082592582 111.7473433946 54.0377858739 46.0898679800 2.3116479438 107.1250044459 55.2711892457 94.3832565092 2.3274466447 97.6932722895 51.1783255646 63.3176074612 2.3115577889 94.8529440217 52.3598775598 
2.7538357745 118.8317705534 51.9420767922 100.0431354533 2.3595220833 114.6671090613 58.7164230515 102.2449711889 2.3623011813 109.8648711760 51.1134098914 76.1247659477 2.3774084207 100.1734131915 52.5774951659 75.8864111446 2.3618090452 97.4840936478 52.3598775598 
2.8338213033 122.9978755421 51.2749878860 80.9143892707 2.4087821980 117.4214801015 53.5549931624 43.1957389540 2.4125217052 112.4034790436 52.6575175871 64.2555493462 2.4245439369 102.6821732733 51.9405026212 102.9922842797 2.4120603015 100.1152432739 52.3598775598 
2.8465319226 123.6470706342 50.7747543035 -100.5399240635 2.4599236526 120.2658907683 58.4979283762 101.9743188801 2.4636010614 115.2657272525 56.5573151010 94.1647772715 2.4783671969 105.3385906783 47.2315019383 55.5822921646 2.4623115578 102.7463929001 52.3598775598 
2.8580606266 124.2362116531 51.2257255354 76.3479240507 2.5096149504 123.0925469651 54.0264350897 51.3057367038 2.5134472866 117.9502430083 52.7619014911 47.6951973067 2.5291499145 107.8485647838 51.5905117602 113.5045288327 2.5125628141 105.3775425262 52.3598775598 
2.9598383013 129.6117335143 50.7312280946 52.1939837045 2.5602697347 125.8498052740 57.0944591029 87.7992168982 2.5646714529 120.7955658896 57.6692886519 105.0270652693 2.5781366434 110.3258199737 47.8769482853 67.5095416026 2.5628140704 108.0086921523 52.3598775598 
3.1346358558 138.9560082726 56.5708534676 102.4363464725 2.6104898444 128.7367741974 55.2280977606 67.7413354450 2.6139207464 123.5155448443 52.6526385046 45.2588407345 2.6300048109 112.7919492551 49.8570006358 81.4518862592 2.6130653266 110.6398417784 52.3598775598 
3.4347727908 155.1000260824 49.6370324115 57.1020546623 2.6603587581 131.4212541442 55.0925401807 66.6488285380 2.6648061561 126.2842070953 57.3057201396 99.4018102240 2.6839506640 115.5790029559 51.7735617416 93.6075872612 2.6633165829 113.2709914046 52.3598775598 
3.5127206874 159.1593967336 53.0220208143 102.8513363081 2.7112710416 134.3399165082 56.6948019103 87.0278916170 2.7146241152 129.1038156473 53.9848715076 57.8507864232 2.7438705849 118.5150704426 48.8315440243 64.9397704937 2.7135678392 115.9021410307 52.3598775598 
3.5571476955 161.4189294354 50.0811808810 73.2347306946 2.7607017196 137.0128127145 53.4296534340 49.4992391202 2.7650301971 131.8094442693 55.8757132076 78.6494562458 2.7941720546 121.1160241684 53.1248298196 109.4566162848 2.7638190955 118.5332906568 52.3598775598 
3.5696284400 162.0429255048 49.9038964965 74.3618235396 2.8119389510 139.9005458752 57.8485350886 102.4192450866 2.8157358593 134.7141091070 55.6805292014 76.4056932787 2.8431008078 123.6046761495 48.8472490884 51.6332747789 2.8140703518 121.1644402829 52.3598775598 
3.5997768132 163.5594570257 51.3431530276 96.0849288688 2.8611946481 142.6106649364 52.7982518640 44.3732527273 2.8655705607 137.3892120415 54.0766161065 58.4627695903 2.8898880136 126.0131144445 54.0099990470 97.2836876199 2.8643216080 123.7955899090 52.3598775598 
3.6645707038 166.8973912352 50.1210780633 90.0597851847 2.9123514616 145.4206957888 57.7721652976 103.2786852024 2.9171088177 140.2983359820 56.1718373126 96.9917646621 2.9331904682 128.3783366297 53.1334933597 83.5300615024 2.9145728643 126.4267395352 52.3598775598 
3.6778662333 167.5685154522 50.3843697036 93.4498329429 2.9620416248 148.2118822165 53.3491067471 52.9391058930 2.9659719231 142.8975475997 51.8841636729 46.3471366022 2.9822492683 130.8957372260 51.7747488170 55.8366182203 2.9648241206 129.0578891613 52.3598775598 
3.6912461448 168.2432327368 50.9409929669 99.5688949165 3.0126652161 150.9288020215 56.2493706569 87.2173499033 3.0165532203 145.6782554977 57.8620155663 105.2744043832 3.0321426087 133.6422334885 56.0610562180 105.3209739082 3.0150753769 131.6890387874 52.3598775598 
3.7047659613 168.9269642487 50.0447202922 -106.7712246582 3.0629513028 153.7877423685 54.7697318360 71.4613437178 3.0660308398 148.4353294296 52.8995377629 48.6366618855 3.0813832966 136.2770039606 51.4123956696 46.7335329614 3.0653266332 134.3201884135 52.3598775598 
3.7680413635 172.1505509291 50.7529705956 103.3668655510 3.1127290876 156.4336987914 54.1078723735 64.0036346685 3.1168342616 151.1696224596 56.5654077400 93.8277103403 3.1317276209 138.9705008059 56.5905401681 102.7444841477 3.1155778894 136.9513380397 52.3598775598 
3.7854730103 173.0334951520 50.6647489021 95.1862284278 3.1637452900 159.3201724448 56.4029954966 92.2152147128 3.1668196257 153.9844252436 53.3520252365 66.4118965161 3.1783573602 141.5934544621 56.0448867644 55.6332527396 3.1658291457 139.5824876658 52.3598775598 
3.7979814559 173.6688272108 50.7199707990 98.6183662999 3.2130963222 161.9677689859 52.5557522373 47.7545936184 3.2153770830 156.4704069404 51.2728724329 69.2220372971 3.2246897950 144.1217620979 55.5035185980 70.6987617872 3.2160804020 142.2136372919 52.3598775598 
3.8076765946 174.1589946653 50.3793682086 -103.9093839304 3.2643616258 164.8076778531 57.4151177431 105.4849501750 3.2666835969 159.2398488749 55.0175402320 97.5443365659 3.2713906776 146.7933848734 56.6663265759 91.2143703283 3.2663316583 144.8447869180 52.3598775598 
3.8176844179 174.6656540420 50.5135392434 93.8544015247 3.3137562965 167.5167641674 52.2822640793 46.4202401248 3.3164253265 161.8669111669 51.7367109870 47.8672406250 3.3215439429 149.4624635162 51.6593091130 50.3425823099 3.3165829146 147.4759365441 52.3598775598 
3.8307902170 175.3332297428 50.6902707504 95.2366444628 3.3646701871 170.2595008140 56.8064075420 99.7145243289 3.3674677101 164.6436028319 56.7019476872 107.3875335078 3.3734502857 152.2577880939 55.8159849258 107.9781367725 3.3668341709 150.1070861703 52.3598775598 
3.8969595109 178.7371762265 50.6598218179 91.9235778516 3.4145904479 173.0562921065 53.3527275879 60.6414085270 3.4170751066 167.3393136698 51.5518417276 50.6297484279 3.4261663207 155.0515403301 49.7304613784 50.3948618018 3.4170854271 152.7382357964 52.3598775598 
3.9116607598 179.4873829535 50.6373973790 -101.6737760718 3.4649165965 175.7143091112 54.7820738985 77.4700889781 3.4681989087 170.0052770902 54.1127984402 97.1858940745 3.4781274827 157.7358551080 54.6000771033 103.0999538093 3.4673366834 155.3693854225 52.3598775598 
3.9265889358 180.2516421380 51.1256310348 92.4365088007 3.5155028865 178.5665067738 55.0888564674 82.4059236831 3.5188381486 172.6854529384 49.9907681046 78.2101300725 3.5280027302 160.4002215770 51.6515306205 66.1244393192 3.5175879397 158.0005350486 52.3598775598 
3.9398708485 180.9302349235 51.0418319409 90.3673037863 3.5650907829 181.1850647628 52.7137407238 54.8438520639 3.5688387207 175.1542202160 51.2822581503 64.0319642566 3.5783547513 162.9025099886 52.2545940803 72.6580065228 3.5678391960 160.6316846748 52.3598775598 
3.9532598333 181.6155246289 51.4850983662 94.6713241013 3.6162664404 184.0301338641 56.6516164008 101.8891878700 3.6199593939 177.9547509998 55.7475354231 99.3971275629 3.6250960496 165.3947489032 52.1232257728 105.6115937292 3.6180904523 163.2628343009 52.3598775598 
4.0324436320 185.7417531942 51.7227933481 86.2614654979 3.6655159627 186.6811714814 51.8017492522 45.7896622297 3.6696675830 180.5912605171 51.4931908108 47.0977289937 3.6791490495 168.0771005334 47.2790334618 54.7178171181 3.6683417085 165.8939839270 52.3598775598 
4.0457209555 186.4208556945 50.9353945508 75.3202692484 3.7167028083 189.4484590233 56.8520251223 105.2905511813 3.7209527377 183.3647388136 56.6206902740 106.5067050607 3.7300164656 170.5866523726 51.6107712518 112.6536722845 3.7185929648 168.5251335531 52.3598775598 
4.0568630838 186.9906554248 51.3475131970 78.0696345009 3.7663316973 192.1889750506 52.3871188903 54.1463349967 3.7702882747 186.0647294131 52.0319138115 51.5298318276 3.7789447513 173.0706644774 48.2934934108 69.7305243748 3.7688442211 171.1562831792 52.3598775598 
4.1145563464 190.0354099089 54.4898217976 109.6892431596 3.8169414647 194.8556673478 55.1540978880 86.5395637865 3.8209700913 188.7461298098 55.6148681614 92.1038616391 3.8307936817 175.5366365131 49.6439155923 78.1503143277 3.8190954774 173.7874328054 52.3598775598 
4.2483699240 197.1779301783 54.8759217931 90.0239794702 3.8671908403 197.6703225236 54.1200857621 75.7001157894 3.8712200999 191.5595859498 53.8566702228 69.3183360313 3.8843998631 178.3060842156 52.0490054393 96.5192569383 3.8693467337 176.4185824315 52.3598775598 
4.6001368146 216.1452641691 53.7643329193 89.1772520390 3.9170903662 200.2804329151 52.8751747527 61.1586695094 3.9210787890 194.1804483014 53.7200058816 66.2097386642 3.9449112736 181.2819430095 48.7882174494 63.6603408329 3.9195979899 179.0497320576 52.3598775598 
4.6517273034 218.7657369979 49.7242250921 62.9171891249 3.9681301239 203.1169565958 55.9643559642 98.2930384159 3.9721019228 197.0472816414 56.0034847616 92.4141805312 3.9952586387 183.8826935275 53.2284602663 110.0448901127 3.9698492462 181.6808816837 52.3598775598 
4.7536291159 224.0636582190 49.8337993351 69.2916485830 4.0174294615 205.7360457342 51.5445944687 46.9810333795 4.0216249219 199.6866920603 52.2641134915 48.6888913111 4.0441240088 186.3762166455 48.9739723614 52.5770000286 4.0201005025 184.3120313099 52.3598775598 
4.7671228447 224.7386901648 49.9111552729 73.7153769393 4.0686729974 208.5096947370 56.6316251575 106.9333496471 4.0732823845 202.5224071773 56.4053432491 106.8212536525 4.0910364556 188.7880971489 53.9200663940 95.7395153636 4.0703517588 186.9431809360 52.3598775598 
4.7811580237 225.4416864511 50.2711981382 80.9632815902 4.1180810013 211.2072504573 51.8282291494 51.6307874680 4.1225834316 205.1588919684 50.9511164504 49.7061436342 4.1342854474 191.1533416208 53.2956953427 85.0065274656 4.1206030151 189.5743305621 52.3598775598 
4.8618296169 229.5816901622 50.3639134587 92.5375713186 4.1688800214 213.8786926357 55.3444276458 92.7305146269 4.1725474890 207.7958057290 56.1140285577 97.0396376691 4.1831369856 193.6643466154 51.6637622695 54.5711822518 4.1708542714 192.2054801882 52.3598775598 
4.8749435731 230.2434898016 50.7527192141 97.5388028980 4.2190254087 216.6690535572 53.4415404593 71.6285279845 4.2225569652 210.5931595498 53.3762840427 64.5667808489 4.2331461501 196.4147410137 56.1875907116 105.8791134037 4.2211055276 194.8366298143 52.3598775598 
4.8881933801 230.9116959287 50.6441205456 96.1979681523 4.2691089082 219.2723120494 52.9704335827 66.0048983613 4.2726182122 213.2165595483 53.8834106709 72.1533538251 4.2823297867 199.0539930423 51.4814590959 46.9161187122 4.2713567839 197.4677794405 52.3598775598 
4.9017221138 231.5962536975 50.5111954787 94.5328816466 4.3199745834 222.0922615583 55.4935942109 96.4859656066 4.3234493844 216.0550155271 54.9235201181 89.7263243739 4.3326665162 201.7444018468 56.5654082232 101.8000781721 4.3216080402 200.0989290666 52.3598775598 
4.9169476114 232.3654752936 50.6646511834 97.3131312750 4.3693535680 224.6931654746 51.3334575220 48.0538797612 4.3718799213 218.5530646945 49.6911056234 53.0103443587 4.3794090355 204.3764031814 56.0923787347 57.1364012650 4.3718592965 202.7300786927 52.3598775598 
4.9820089436 235.6820809960 50.7377122619 93.6647160209 4.4206016531 227.4633054375 56.4006737042 107.7500452281 4.4224225657 221.1738055929 54.4410754423 110.5028917393 4.4256789408 206.9039474617 55.4262468916 69.1632515380 4.4221105528 205.3612283188 52.3598775598 
4.9949058935 236.3375229863 50.6120133509 97.2353008375 4.4699763536 230.1383289607 51.4665044900 50.7832060542 4.4726375533 223.8489811854 51.1679860183 51.6716867981 4.4724025670 209.5778541370 56.8471433978 92.5457388497 4.4723618090 207.9923779450 52.3598775598 
5.0050210855 236.8493537248 50.7523227213 98.3654666099 4.5208127961 232.8040431303 55.2400200184 94.8337156493 4.5230450716 226.4753651989 54.8199775698 94.0858171552 4.5223782301 212.2443296580 51.6627208811 49.3970862623 4.5226130653 210.6235275711 52.3598775598 
5.0147659045 237.3425059706 50.5939089808 95.1105870570 4.5708495037 235.5741238716 53.0679445985 70.4939347995 4.5733066064 229.2424401810 52.7575491429 72.4850393456 4.5743407581 215.0413707573 55.8454146998 108.2295522828 4.5728643216 213.2546771972 52.3598775598 
5.0270637579 237.9686163840 50.4503792010 -103.3298613526 4.6208971855 238.1630067654 52.8425403245 67.6535009469 4.6234910675 231.8075373947 51.6331566717 66.6966351844 4.6272129827 217.8505310968 49.7418538035 50.0382079219 4.6231155779 215.8858268233 52.3598775598 
5.0432676493 238.7935079033 50.5553621479 94.3006538567 4.6718354759 240.9768516353 55.1369125655 95.3993252341 4.6750472569 234.5400786765 51.9686963459 105.4023478950 4.6791832193 220.5346084468 54.7449456121 103.2230851121 4.6733668342 218.5169764494 52.3598775598 
5.1080676612 242.1299387273 50.9237358965 92.8988731849 4.7213191419 243.5697990964 51.1721236913 49.1567135194 4.7244983206 236.9767348568 48.2836554606 52.0782602598 4.7289857138 223.1991011392 51.8014944481 66.9455573883 4.7236180905 221.1481260756 52.3598775598 
5.1228548401 242.8872021088 50.8404875343 89.6895087944 4.7724830921 246.3257941670 56.2313538938 108.6947785406 4.7758834558 239.6304364772 55.3493710222 106.3488282490 4.7794395091 225.7086288701 52.1896096672 71.8369706803 4.7738693467 223.7792757017 52.3598775598 
5.1343212567 243.4719503343 50.7322227851 87.2566011567 4.8218960802 248.9916830400 51.2322732775 50.8963771362 4.8257696980 242.3400162341 51.7180413745 58.4952997869 4.8261078070 228.1988428047 52.1999819258 106.2152127166 4.8241206030 226.4104253278 52.3598775598 
5.1488042008 244.2139532316 51.1245889117 90.7443965862 4.8727216284 251.6456680375 55.0054933540 94.8690481504 4.8764838638 244.9615275719 54.0201766095 84.0744387313 4.8802198513 230.8888051617 47.3130073730 54.4805881454 4.8743718593 229.0415749539 52.3598775598 
5.2249677471 248.1855944866 50.9528509753 78.3612292612 4.9227810879 254.4074131053 52.9053475113 71.3049326225 4.9268541516 247.7484221250 53.9647982568 82.4022379924 4.9309481043 233.3914178586 51.6024627713 111.9889169133 4.9246231156 231.6727245801 52.3598775598 
5.2418105593 249.0475588750 51.0762337707 77.4554702017 4.9728336041 256.9864555572 52.5828624087 67.2645986370 4.9763153921 250.3137498302 51.9483303284 56.2876577202 4.9800164968 235.8856457961 48.4328800894 70.4302446317 4.9748743719 234.3038742062 52.3598775598 
5.2528146884 249.6101334282 50.9854183194 74.7504157993 5.0236628603 259.7830046426 55.0386756890 96.8166566103 5.0274872915 253.1213727356 56.0220084548 103.7167717344 5.0316855678 238.3442807475 49.6516919233 77.7774576447 5.0251256281 236.9350238323 52.3598775598 
5.2674368855 250.3594563454 51.0061189843 69.9532373059 5.0730857823 262.3669866996 50.9494213920 49.0833825554 5.0766087603 255.7435619739 51.3692671913 46.6903812980 5.0853848291 241.1194731122 52.1374001044 97.0658639516 5.0753768844 239.5661734584 52.3598775598 
5.3763745102 256.1009841202 50.7875192344 -100.4465641891 5.1243425840 265.1128671699 55.9791868034 108.1778497455 5.1277990112 258.4854209464 56.4805023786 104.8350922315 5.1458707231 244.0977903621 48.7655115380 62.9646487988 5.1256281407 242.1973230845 52.3598775598 
5.7002679781 273.6679582926 52.0790978528 60.8050995491 5.1738797048 267.7821189508 51.1723824777 52.6017606121 5.1775778348 261.2286102707 52.3418997358 56.1150178351 5.1963858284 246.7077423511 53.2644819678 110.0502591617 5.1758793970 244.8284727107 52.3598775598 
5.8452777672 281.2729390344 49.9820672949 65.1945500456 5.2245995069 270.4165605711 54.6403176991 92.9193981456 5.2282582133 263.8834192810 54.6457132624 85.1816270316 5.2451294999 249.1973402960 49.0051352190 52.5556736621 5.2261306533 247.4596223368 52.3598775598 
5.9491994549 286.6714831147 49.6773856183 66.3805295848 5.2747758215 273.1789016240 52.8861966836 73.3554220871 5.2792385251 266.6963372269 52.9171717714 80.9804078474 5.2918741425 251.6006125860 53.8784125926 94.8664051085 5.2763819095 250.0907719629 52.3598775598 
5.9636335723 287.3938940179 49.9964666354 73.8073541690 5.3245943348 275.7380298409 52.1492385355 64.4284900725 5.3281829021 269.1985660687 51.6683048702 57.2792954093 5.3348802885 253.9542286652 53.3868430163 85.8393845513 5.3266331658 252.7219215890 52.3598775598 
5.9770397046 288.0653794758 50.1001144545 78.1565539256 5.3756151835 278.5315040404 55.0692711684 99.3090628618 5.3790190288 271.9913524475 56.2228034097 103.0829421904 5.3838316194 256.4728411567 51.6739643538 54.5641288568 5.3768844221 255.3530712152 52.3598775598 
6.0578346477 292.2103619100 50.0221693520 88.2767259052 5.4250323687 281.1154058136 50.7345383480 48.7133400143 5.4282193368 274.6175376261 51.2911905636 46.8536044201 5.4337184535 259.2158133673 56.2479313406 106.0698073442 5.4271356784 257.9842208413 52.3598775598 
6.0699350992 292.8196983030 50.2448862332 91.6393452243 5.4761305430 283.8337480464 55.7895230011 107.9738148409 5.4792687957 277.3420806030 56.1084555377 105.3235168613 5.4829811604 261.8630638560 51.5253186712 47.0778559610 5.4773869347 260.6153704674 52.3598775598 
6.0843550423 293.5480316117 50.2979486786 92.3305001051 5.5256960082 286.5082232023 51.2181512565 55.1693676013 5.5286709305 280.0329920414 51.1267517481 59.6604205702 5.5333232616 264.5530688967 56.5394360002 101.1357488321 5.5276381910 263.2465200935 52.3598775598 
6.0988880993 294.2830970042 50.2124283440 91.1061840220 5.5763771791 289.1247615073 54.1526860299 89.1581292865 5.5775824770 282.4718087866 50.8425627997 81.2174167276 5.5801738546 267.1925273595 56.0724987871 57.0797342074 5.5778894472 265.8776697196 52.3598775598 
6.1114145440 294.9158287697 50.3564141815 93.1580921758 5.6267635388 291.8947230339 53.1517210503 78.3584572130 5.6287215819 285.1925586197 53.4866635436 92.3449665944 5.6264827938 269.7235958484 55.4692479018 69.3430737417 5.6281407035 268.5088193458 52.3598775598 
6.1777240722 298.2950856949 50.3747100459 89.6989704149 5.6765232702 294.4465710199 51.6739427347 60.7606071506 5.6783554521 287.7442047550 50.8365384872 52.0449576136 5.6730347350 272.3885948453 56.8572947373 92.1939728564 5.6783919598 271.1399689719 52.3598775598 
6.1910984962 298.9738201213 52.0109355005 112.3704292665 5.7276045274 297.2273315799 55.1481550878 102.0007658684 5.7293803629 290.4812696851 55.5525458757 108.4852408255 5.7231051091 275.0631393096 51.6985315004 49.3414178239 5.7286432161 273.7711185980 52.3598775598 
6.2025482994 299.5544666250 50.7166876661 98.2509659565 5.7768387887 299.8082927508 50.5293121565 48.1346735093 5.7789350149 293.1086458060 50.3585228019 51.0300279573 5.7750357861 277.8587682463 55.9167467922 108.8563195754 5.7788944724 276.4022682241 52.3598775598 
6.2123478366 300.0504936188 50.6562975060 96.1665694066 5.8280077134 302.5076816801 55.5322578976 106.6369757959 5.8302125143 295.7320284988 53.1235875388 100.3321730410 5.8278447812 280.6676442358 49.8000931583 50.4461913594 5.8291457286 279.0334178502 52.3598775598 
6.2246326702 300.6754454969 50.5953503807 94.1754540448 5.8777100859 305.1970842107 51.3843069424 58.8241639358 5.8807093717 298.3516001262 49.0272096168 80.3312148183 5.8797815752 283.3498105541 54.7778003744 102.7094391083 5.8793969849 281.6645674764 52.3598775598 
6.2377671856 301.3441537681 50.6127725115 94.5872279609 5.9282755655 307.7925869868 53.5119327601 83.2991348601 5.9306530908 300.7666372365 50.1162693183 64.1564519424 5.9297743484 286.0261896266 51.8371815371 66.9894987624 5.9296482412 284.2957171025 52.3598775598 
6.3046842664 304.7870385097 50.7401005436 91.4332518652 5.9786245066 310.5563875557 53.5201339322 84.2450563575 5.9818117915 303.5133733475 54.9607229340 103.1299336933 5.9801040952 288.5304329124 52.1186221921 70.8609793303 5.9798994975 286.9268667286 52.3598775598 
6.3183120598 305.4842309186 51.9791816118 102.9226211899 6.0283104639 313.1052366681 51.1734264116 56.5154584350 6.0315404033 306.1144917816 50.5182895730 48.2716888980 6.0269043425 291.0284734214 52.2785972139 106.7730863263 6.0301507538 289.5580163547 52.3598775598 
6.3312532034 306.1452734552 50.6515765350 -101.7195098556 6.0795559941 315.8745318500 55.3776370335 106.1384856617 6.0827122400 308.8171723195 55.6043181205 106.7229377530 6.0808280936 293.7109504312 47.2933154223 53.9103450230 6.0804020101 292.1891659809 52.3598775598 
6.3459764326 306.8994075745 51.0117213093 89.6088662145 6.1288438294 318.4705629138 50.4326288353 48.5488969759 6.1322500509 311.5028225606 51.5379410635 57.6756956496 6.1316174620 296.2169603605 51.6529303088 112.2887090957 6.1306532663 294.8203156070 52.3598775598 
6.3606853137 307.6511995109 50.8404898652 86.5360661554 6.1798740865 321.1380632258 55.1733711120 103.8279721791 6.1825516438 314.1032411132 54.3381476209 83.9289389784 6.1805897524 298.7078728359 48.4656284220 70.3239732462 6.1809045226 297.4514652331 52.3598775598 
6.4373176194 311.6472531499 51.0473535696 77.6859695859 6.2296047168 323.8391314163 51.6810108880 63.7316260897 6.2330811817 316.8957628287 53.8727738333 81.0517466734 6.2324196702 301.1753642641 49.6659655819 77.6766776903 6.2311557789 300.0826148592 52.3598775598 
6.4493856700 312.2644837445 51.1988108888 77.8251364046 6.2799464416 326.4103438131 52.8298656403 76.7037705433 6.2827082636 319.4694472561 52.0108178563 57.5077178226 6.2859176252 303.9411488017 52.1690530046 97.2311814613 6.2814070352 302.7137644853 52.3598775598 
6.4615525016 312.8871124231 51.3522519152 76.6653812548 6.3306180510 329.1841242036 53.9455541224 90.5242769945 6.3339468630 322.2833106579 55.9916846954 103.0081347912 6.3466540179 306.9337132539 48.7858717503 62.9453227196 6.3316582915 305.3449141115 52.3598775598 
6.5662433321 318.4127138226 51.1865918447 56.8946455513 6.3802531319 331.7369740375 50.6752221509 52.0634911832 6.3833587004 324.9125640808 51.2144393209 46.6805473844 6.3971336068 309.5430987959 53.3041948917 110.2725386264 6.3819095477 307.9760637376 52.3598775598 
6.7730525083 329.5910967694 55.0001234807 74.6892660216 6.4313363295 334.4728192045 55.5012462160 108.7746732267 6.4347193222 327.6512963814 55.7893316993 106.2847237400 6.4459318534 312.0359000412 49.0305120956 52.5926586870 6.4321608040 310.6072133637 52.3598775598 
7.0377567337 343.7281326601 49.6923260707 58.9417853209 6.4807395653 337.0928147751 50.4912021536 50.5458138033 6.4846080245 330.3338501434 50.7823206655 59.5044881443 6.4924980759 314.4310999443 53.8900858342 94.8332473409 6.4824120603 313.2383629898 52.3598775598 
7.1404843632 349.0666127742 49.6855231226 64.8269625978 6.5316669731 339.7295370005 54.6203237065 98.5200278367 6.5342198585 332.8727851375 53.8809415867 82.4962145436 6.5357994918 316.8011066002 53.3949342788 85.6597953674 6.5326633166 315.8695126160 52.3598775598 
7.1583848935 349.9618165262 49.8971371088 71.2292560436 6.5816968231 342.4560016446 52.1221541522 70.0874351759 6.5846043849 335.6685332903 54.2084786844 83.3752996619 6.5845676826 319.3105697656 51.6481595085 53.9797474772 6.5829145729 318.5006622421 52.3598775598 
7.1713668731 350.6113626570 49.8937284983 74.4781851738 6.6317080491 345.0027672234 52.0942529254 69.2831469341 6.6342054449 338.2438302531 51.6958356561 55.3059560076 6.6345241279 322.0588006205 56.2235481190 105.6191592444 6.6331658291 321.1318118682 52.3598775598 
7.2418102674 354.2333935243 51.1003149990 98.4351696534 6.6825603573 347.7734768340 54.4384297590 97.3524698509 6.6854354790 341.0375717626 55.7372440288 105.6595682341 6.6838430631 324.7087452899 51.5485548036 47.1213875673 6.6834170854 323.7629614943 52.3598775598 
7.2660991129 355.4572086211 50.3657618506 92.8223780185 6.7320079425 350.3303687105 50.3569692340 49.5209128491 6.7340886600 343.5895694497 49.3769283663 50.2599613657 6.7340711442 327.3944778010 56.5655836884 101.2392981547 6.7336683417 326.3941111204 52.3598775598 
7.2798630051 356.1527061411 50.4017767714 93.5587080486 6.7832538271 353.0457651032 55.4707249894 109.3958510143 6.7836482158 346.0715430754 52.4895351565 102.8525202981 6.7809811085 330.0378481982 56.1306006822 57.1207882819 6.7839195980 329.0252607466 52.3598775598 
7.2932927736 356.8304464246 51.5997810836 106.9453713337 6.8328088868 355.6940587002 50.6656693773 53.6941804635 6.8343771443 348.7731626383 51.7591215534 69.8003077466 6.8271652903 332.5624834114 55.4588043799 69.0123028233 6.8341708543 331.6564103727 52.3598775598 
7.3059342017 357.4694808777 50.0983866857 -106.2398601533 6.8834505886 358.2929641045 53.9162421491 91.2662767768 6.8843740500 351.3154126225 52.1392316832 70.3728849991 6.8739268168 335.2401965126 56.8302236374 91.7824608297 6.8844221106 334.2875599988 52.3598775598 
7.3693594432 360.7016315677 50.4254172377 98.6309179390 6.9337270298 361.0384945169 52.7053092397 77.8924735692 6.9351930510 354.0814362569 54.2422436325 96.7676659814 6.9237764281 337.9022250423 51.7059894219 49.2843327953 6.9346733668 336.9187096249 52.3598775598 
7.3856400581 361.5264823516 50.6564405677 94.9903916204 6.9834502017 363.5702524684 51.3521601188 61.6274588550 6.9847256916 356.6286551653 49.9255624758 50.3932188238 6.9757849360 340.7035644309 55.8629538680 107.9298487723 6.9849246231 339.5498592511 52.3598775598 
7.3978980744 362.1492745304 50.4558638063 95.5697860731 7.0346070638 366.3376991549 54.8716012103 103.2801359460 7.0364155160 359.3056869057 53.0087226206 112.7273871840 7.0287076735 343.5174011764 49.7788475718 49.9653853419 7.0351758794 342.1810088772 52.3598775598 
7.4075654613 362.6382586950 50.8546403246 99.1417577033 7.0838925673 368.9060761062 50.1995034670 48.6909557499 7.0862756784 361.8171349052 47.7525235740 64.0348038739 7.0806865901 346.2044013440 54.8205471762 104.0240679799 7.0854271357 344.8121585033 52.3598775598 
7.4175630424 363.1446725430 50.8148525269 97.2311273365 7.1351281128 371.5895570407 55.1708827218 106.6956740134 7.1367448102 364.2860590386 52.2346233643 83.7075988151 7.1304732275 348.8694963531 51.7996153699 66.4860052850 7.1356783920 347.4433081294 52.3598775598 
7.4309897391 363.8289339971 50.7568422201 95.9269040750 7.1847069973 374.2602932730 51.1298979211 60.0494640742 7.1875717654 367.0462430066 53.4091695332 86.2576422354 7.1808648401 351.3777089147 52.2476666854 71.9952031425 7.1859296482 350.0744577555 52.3598775598 
7.4968934058 367.2198435515 50.6848126685 92.1866038953 7.2352070530 376.8338295349 53.0975343435 82.5342858567 7.2374224817 369.5983473938 50.9805505231 55.6764477529 7.2275874366 353.8722270394 52.2309000520 105.9708688731 7.2361809045 352.7056073817 52.3598775598 
7.5112749142 367.9537609358 50.5067023813 -103.2584070744 7.2857946276 379.5952290787 53.3412357119 86.1284040617 7.2885437804 372.3524861996 55.4359156895 106.8084280715 7.2816462431 356.5606275340 47.3330436975 54.3230898284 7.2864321608 355.3367570078 52.3598775598 
7.5262111023 368.7186353651 50.7738795441 88.5212526031 7.3353352030 382.1258544225 50.7222780239 55.1518102395 7.3378565382 374.9598700232 50.5987844812 48.5533881365 7.3325302034 359.0737778718 51.6978873688 112.7216383211 7.3366834171 357.9679066339 52.3598775598 
7.5382744707 369.3344829184 51.9435018242 100.5941297471 7.3864862227 384.8664652641 55.1963901372 107.7654496445 7.3883430242 377.6067245548 55.2434131748 102.0861999520 7.3814578511 361.5614674920 48.3783861575 69.6566249876 7.3869346734 360.5990562600 52.3598775598 
7.5524678252 370.0615116459 50.8290515341 87.0749412850 7.4357926578 387.4614768882 50.2368422831 49.9929428239 7.4381947831 380.3350467778 52.3251755902 64.5694951260 7.4333737973 364.0344242672 49.7676978414 78.6532226022 7.4371859296 363.2302058862 52.3598775598 
7.6310173557 374.1556350534 51.9421123891 88.9903417081 7.4867861779 390.1007177862 54.6427689183 101.1902630960 7.4882482382 382.9179638368 53.3474881351 74.7575598696 7.4869909179 366.8083687978 52.1437759083 96.3449070072 7.4874371859 365.8613555123 52.3598775598 
7.6450749936 374.8752772640 50.8719652323 74.6342649047 7.5367290907 392.8090626465 51.7541439938 68.1119060479 7.5391824082 385.7383323781 54.5835211615 88.5721765572 7.5476235865 369.7943598258 48.8488096737 63.5031122438 7.5376884422 368.4925051384 52.3598775598 
7.6560748102 375.4379133513 51.2492953696 77.1098528220 7.5869463631 395.3580719019 52.1355204345 72.0255579952 7.5887155169 388.3207637009 51.4952607676 52.2734134354 7.5979056540 372.3963715426 53.2925827918 109.9503407599 7.5879396985 371.1236547645 52.3598775598 
7.6971819975 377.5816984441 53.6668353540 103.9025215187 7.6377084224 398.1189833028 54.0821212410 95.4226753289 7.6404948905 391.1238529336 55.3879142659 108.0095367913 7.6468610221 374.8955953715 49.0170910452 52.1970639923 7.6381909548 373.7548043906 52.3598775598 
7.8471949739 385.6028746695 55.0566650075 92.2440968922 7.6871983230 400.6644120879 50.3063292396 51.0660596470 7.6897673041 393.7072132379 50.0418098577 50.4409847408 7.6935411809 377.3001574315 53.9903450872 95.8872156926 7.6884422111 376.3859540168 52.3598775598 
8.1983737944 404.5408676655 54.0476609724 92.0255726056 7.7384589594 403.3787936364 55.2253037858 108.6566353643 7.7397518830 396.3042459000 55.2549721558 98.4501764521 7.7369155368 379.6739770134 53.3104373385 84.3328659617 7.7386934673 379.0171036429 52.3598775598 
8.2522645158 407.2841822580 49.7128424965 62.7350289315 7.7878507430 406.0058128700 50.5039671082 53.8468507609 7.7897711030 399.0608789795 52.6611473846 67.4814857879 7.7858901663 382.1933041151 51.7898705892 54.8973219308 7.7889447236 381.6482532690 52.3598775598 
8.3539189551 412.5703691329 49.7820742977 68.7222922651 7.8385568965 408.6030454606 53.8596597538 92.6116956325 7.8398217311 401.6407478222 52.8752396870 71.3004108180 7.8358382421 384.9459270761 56.1906193094 105.3169463689 7.8391959799 384.2794028951 52.3598775598 
8.3674830255 413.2491109563 50.5108315924 80.8861620225 7.8887878425 411.3379348202 52.4841254111 77.2624828241 7.8905636698 404.4313499198 54.4341038117 94.1377432655 7.8850216704 387.5846846398 51.5397404894 46.8425257001 7.8894472362 386.9105525213 52.3598775598 
8.3841038655 414.0828896809 50.0329643155 78.5214594782 7.9386547850 413.8690471229 51.2667011309 62.5264348681 7.9390090249 406.9061529434 48.9238078221 52.4935424383 7.9353707734 390.2820711728 56.6575440404 102.1919522093 7.9396984925 389.5417021474 52.3598775598 
8.4631168720 418.1399219926 50.3539023792 92.5038082212 7.9896790446 416.6240670348 54.7124321644 103.2826030891 7.9892809011 409.4575777971 53.4407045138 111.3581418771 7.9821299155 392.9168604128 56.1463781632 55.6578915472 7.9899497487 392.1728517735 52.3598775598 
8.4764862477 418.8149697787 50.0187480276 -106.7987971869 8.0390908758 419.1905890019 50.0519501253 48.7724761983 8.0395114205 412.1089101334 50.7248009760 57.1756646852 8.0285179254 395.4526553875 55.6236972552 70.8324750739 8.0402010050 394.8040013996 52.3598775598 
8.4895444143 419.4734386602 50.2998626098 92.2441243944 8.0902964970 421.8669581693 55.0513905451 107.0676085252 8.0898863194 414.6797656015 53.3711933297 86.6411817775 8.0750289201 398.1177969780 56.6968723319 90.2911866196 8.0904522613 397.4351510257 52.3598775598 
8.5034215830 420.1758062299 50.7041270927 96.7462022235 8.1398899316 424.5314778609 51.0469803051 60.8015792389 8.1403263545 417.4280984421 52.9008645246 83.2879777794 8.1252612533 400.7959208799 51.7977270488 50.5874025870 8.1407035176 400.0663006519 52.3598775598 
8.5328472963 421.6664751271 51.3712758047 109.0391666409 8.1902678730 427.0920617707 52.8965038422 81.8646942939 8.1903276162 419.9596534826 50.3511715667 58.9542686742 8.1771694817 403.5970557748 55.9060287484 107.6266117996 8.1909547739 402.6974502780 52.3598775598 
8.5840545253 424.2800470906 51.3209696548 101.5785889247 8.2408620916 429.8475619033 53.3095723727 87.3931140767 8.2419758536 422.6536471424 52.1586050999 111.9705849430 8.2298782770 406.3939055552 49.8058425740 50.0459664675 8.2412060302 405.3285999041 52.3598775598 
8.5967088038 424.9229875264 50.6089230581 97.2935294972 8.2904140595 432.3735599299 50.5644574466 54.9098602999 8.2915251226 425.0949553910 47.3966881155 55.9538629323 8.2817507091 409.0799145916 54.6992937557 103.9774283323 8.2914572864 407.9597495302 52.3598775598 
8.6064735470 425.4169248083 50.3109739729 -104.7505881457 8.3415663757 435.1063041827 55.1113975396 108.3202629788 8.3425357170 427.6382329738 53.7677253349 98.9743514692 8.3318967653 411.7615269710 51.6343751485 65.0544438639 8.3417085427 410.5908991564 52.3598775598 
8.6161395625 425.9061417571 50.5921078151 94.8968704578 8.3909913690 437.7042455017 50.1272282070 50.2386522692 8.3927062560 430.3563518490 52.1488945949 72.3521145276 8.3822015529 414.2662877251 52.5283897915 74.3197437261 8.3919597990 413.2220487825 52.3598775598 
8.6289202719 426.5572272637 50.9825875935 98.4874811032 8.4419671066 440.3343969877 54.5097472800 101.1084954805 8.4429219883 432.9097722291 51.8882247904 67.3909394629 8.4290730891 416.7686961270 52.1914847147 104.6077213961 8.4422110553 415.8531984086 52.3598775598 
8.6698190599 428.6576199817 52.2226551182 114.0669592798 8.4919436737 443.0409350043 51.7132136967 69.0807442373 8.4938444346 435.6819324435 54.6449236896 98.5916667598 8.4830184777 419.4460691162 47.3653478002 54.9038249246 8.4924623116 418.4843480347 52.3598775598 
8.7096473561 430.7044104447 50.8398514425 91.6832041899 8.5420183579 445.5768505921 51.9148848975 70.8603166111 8.5430037416 438.2361052892 50.5655556333 48.9685194953 8.5337921945 421.9587941012 51.7617154397 113.4893371638 8.5427135678 421.1154976608 52.3598775598 
8.7248331804 431.4822730058 50.8930765193 90.0203177635 8.5929037231 448.3372250035 54.1362453392 97.4163412012 8.5940877959 440.9547027602 55.6652917935 108.1273934536 8.5828487360 424.4494603326 48.1247509772 67.7931407111 8.5929648241 423.7466472870 52.3598775598 
8.7364324533 432.0740085501 51.4431943465 95.0803102359 8.6422575892 450.8744235642 50.1071443014 50.0970702562 8.6435630916 443.6245096148 51.3358443841 53.9521833998 8.6345479143 426.9137447473 49.8921796458 79.9714780519 8.6432160804 426.3777969131 52.3598775598 
8.7506955263 432.8045028263 51.1567293189 90.9900128264 8.6935018586 453.5769038028 55.1805180662 109.4153413231 8.6941148434 446.2490359884 54.5940467190 90.1702641044 8.6886774585 429.7168528007 52.0208411810 94.1323573163 8.6934673367 429.0089465392 52.3598775598 
8.8281666784 436.8430216909 50.7021164684 -101.3987812521 8.7429566149 456.2084146930 50.4929092379 55.0070110119 8.7446069862 449.0413775044 53.3386395538 75.0146874153 8.7488839885 432.6777557839 48.9413938443 64.4461031599 8.7437185930 431.6400961653 52.3598775598 
8.8433115606 437.6181545593 50.9796877640 76.1280705574 8.7937342301 458.8003796447 53.6582348299 91.4908445029 8.7943903165 451.6136901014 52.2401612764 62.5231192082 8.7992809725 435.2907454766 53.2941896214 109.7335689763 8.7939698492 434.2712457915 52.3598775598 
8.8544259249 438.1868717241 51.1283976938 76.0830759584 8.8438970677 461.5287502646 52.5899575078 79.7066129728 8.8459946657 454.4302985759 54.4290537823 101.3922527615 8.8480326359 437.7752339996 48.9805130407 51.4970700193 8.8442211055 436.9023954176 52.3598775598 
8.8701009839 438.9900927364 51.1467527754 69.9562419720 8.8937946724 464.0589441815 51.0156594478 60.7902118923 8.8950556833 456.9567440650 50.0816808340 49.5356069172 8.8945114142 440.1740812816 54.1085498469 97.1766477131 8.8944723618 439.5335450437 52.3598775598 
8.9853720959 445.0547499327 51.3154278603 56.3114354045 8.9448904512 466.8079769440 54.7337099984 104.6585619215 8.9454918722 459.6217448565 55.9022113172 106.0906508262 8.9379907913 442.5530615120 53.2619418444 83.4669382082 8.9447236181 442.1646946698 52.3598775598 
9.3369831297 464.0398407822 51.6055345320 59.5305865162 8.9941923350 469.3720365591 49.9763736723 49.0404315573 8.9950879942 462.3219282681 51.6035618372 56.3556070999 8.9869154070 445.0687939022 51.9152443636 55.7639139015 8.9949748744 444.7958442959 52.3598775598 
9.4471348119 469.8602873135 49.6992913403 62.2276540200 9.0453197308 472.0312362208 54.8575146093 105.8682456916 9.0454591850 464.9255787987 53.9538896838 85.2883982979 9.0368173519 447.8226871929 56.1320598129 104.7018713610 9.0452261307 447.4269939221 52.3598775598 
9.5503185295 475.2219456051 49.7308571302 67.2450537103 9.0949990136 474.7035355234 51.1071425605 62.5878927116 9.0959631040 467.7031068257 53.1224943881 82.1273823155 9.0861148921 450.4638381809 51.4964297984 46.2077440983 9.0954773869 450.0581435482 52.3598775598 
9.5645101408 475.9322766042 50.8526054878 84.1495882009 9.1453117053 477.2534733643 52.5645417002 79.0280257616 9.1443628021 470.1325118064 48.9897030246 58.7030913644 9.1365243350 453.1696387166 56.7495143865 103.2077831964 9.1457286432 452.6892931743 52.3598775598 
9.5789055135 476.6538863065 50.2209310615 79.9479983565 9.1960268461 480.0102629890 53.4666164986 90.2279054885 9.1950242168 472.7389841885 53.7425136461 111.0358876496 9.1832646973 455.8030195039 56.1815689269 54.4822404678 9.1959798995 455.3204428004 52.3598775598 
9.6596225349 480.7955107541 49.8982520089 -107.9934518028 9.2456079491 482.5397389039 50.3977764322 53.9808742679 9.2450635379 475.3506704165 50.2274143041 51.1893880210 9.2295672588 458.3338032160 55.7347104203 72.0942895811 9.2462311558 457.9515924266 52.3598775598 
9.6723266243 481.4359298563 50.0854049682 89.9058928798 9.2967578963 485.2592525251 55.0934826907 109.0395049197 9.2955552835 477.9521500620 54.3147460714 98.7654576593 9.2761002602 461.0012399076 56.6119694474 89.5273235085 9.2964824121 460.5827420527 52.3598775598 
9.6862917243 482.1408314837 51.1039589516 101.4422042490 9.3461845001 487.8640942082 50.1523443402 51.5053625919 9.3457240051 480.6705463656 51.7328241773 71.0224151410 9.3263562581 463.6763531193 51.7941871994 50.8527211400 9.3467336683 463.2138916788 52.3598775598 
9.7002574050 482.8473703289 50.4102809542 93.3569250801 9.3970805419 490.4773280485 54.1492999596 97.7920002785 9.3959523383 483.1972264491 50.9807615530 69.6684212137 9.3781605214 466.4757807222 55.9171676843 107.1514352368 9.3969849246 465.8450413049 52.3598775598 
9.7137550661 483.5293694666 50.2854650031 92.5562821460 9.4470951185 493.1882007608 51.9417155876 72.6509533301 9.4474755248 485.8898813868 51.1890025656 106.3920530902 9.4310651267 469.2774548518 49.8514322188 50.3618034993 9.4472361809 468.4761909310 52.3598775598 
9.7800378547 486.9074413621 50.3845954997 88.0726427493 9.4970757266 495.7161209583 51.5320592059 67.2779067268 9.4968759744 488.2879961893 47.5412751105 53.2141485336 9.4827567318 471.9588707401 54.6398377964 104.9577876459 9.4974874372 471.1073405572 52.3598775598 
9.7932065820 487.5764148521 50.8309396490 99.4740502404 9.5480123027 498.4698842201 54.2846173262 99.9692872914 9.5482128567 490.8969436527 54.5561690681 106.6419581974 9.5330069706 474.6433490649 51.4876340277 63.9068470923 9.5477386935 473.7384901833 52.3598775598 
9.8038309777 488.1145329727 50.5639397016 96.3822645073 9.5973479139 501.0133672919 49.9896417060 49.5964151154 9.5981319628 493.5796237776 51.2268544431 61.9819817425 9.5830734191 477.1367401200 52.6269572306 74.8274465291 9.5979899497 476.3696398094 52.3598775598 
9.8135083177 488.6042319810 50.3427371159 -104.4659223684 9.6485596605 503.6978565095 55.0504891490 108.6599581724 9.6487619576 496.1575458191 52.9269128138 80.1397891605 9.6301944105 479.6520288539 52.1330318723 103.1772979480 9.6482412060 479.0007894355 52.3598775598 
9.8260268392 489.2414850219 50.9327632939 97.9536814726 9.6982181363 506.3488174769 50.6945672801 58.1798647394 9.6992425263 498.9170379191 53.7029943296 88.0540319322 9.6839621275 482.3164413620 47.3723231569 55.1263957381 9.6984924623 481.6319390617 52.3598775598 
9.8400274478 489.9540545997 50.6489226825 95.1415990954 9.7488131144 508.9209240661 53.1385360695 86.1792321710 9.7486186511 501.4539930749 50.9670086714 53.6947952060 9.7348889929 484.8408444523 51.7739026893 113.6604740753 9.7487437186 484.2630886878 52.3598775598 
9.9064393295 493.3721492377 50.7662813820 91.4172032268 9.7991913684 511.6596512779 52.8713720840 83.7351723223 9.7995294779 504.1978832280 55.6248840494 107.7319363074 9.7838468825 487.3233732446 48.0349363288 67.3899242661 9.7989949749 486.8942383139 52.3598775598 
9.9213575176 494.1360808075 51.1406493697 93.2103181314 9.8488041432 514.1774385613 50.6710928490 57.5323710687 9.8487876888 506.8202049667 50.8708224524 49.0060344810 9.8358032079 489.8023169251 50.0743797552 82.0394525491 9.8492462312 489.5253879400 52.3598775598 
9.9330145674 494.7307424567 50.8349073283 88.5131993678 9.9000720008 516.9215326623 54.8714614460 106.9347737313 9.8997843821 509.4947614807 55.3969994078 100.0459748962 9.8899068637 492.6065373049 51.9119135101 92.3962926439 9.8994974874 492.1565375661 52.3598775598 
9.9475258479 495.4739738176 51.1040180137 90.5726787430 9.9493256983 519.4941601325 49.9675074914 49.6800435889 9.9498211892 512.2446290990 52.4390488261 64.9834585031 9.9500141411 495.5595195685 49.0904538533 66.0633200624 9.9497487437 494.7876871923 52.3598775598 
10.0000000000 498.2128326551 53.1152166851 107.8457107394 10.0000000000 522.1121588237 54.5366267962 102.7510918599 10.0000000000 514.8338539581 53.1360411082 74.1803520899 10.0000000000 498.1550571332 53.2192574569 108.7234491504 10.0000000000 497.4188368184 52.3598775598 
