0.0295	49.99411266
0.0595	49.99470966
0.0895	49.99510269
0.1195	49.9951131
0.1495	49.99478668
0.1795	49.99418567
0.2095	49.99354861
0.2395	49.99301644
0.2695	49.99276727
0.2995	49.9927909
0.3295	49.99308555
0.3595	49.9934754
0.3895	49.99385518
0.4195	49.99403605
0.4495	49.99404555
0.4795	49.99391165
0.5095	49.99379982
0.5395	49.99371914
0.5695	49.99365591
0.5995	49.99349113
0.6295	49.99325005
0.6595	49.9931815
0.6895	49.99294322
0.7195	49.99291557
0.7495	49.99317081
0.7795	49.9936217
0.8095	49.99422431
0.8395	49.99480008
0.8695	49.99528644
0.8995	49.99555898
0.9295	49.99564518
0.9595	49.99544432
0.9895	49.99502041
1.0195	49.99441201
1.0495	49.99385371
1.0795	49.99349519
1.1095	49.99351291
1.1395	49.99381175
1.1695	49.99419649
1.1995	49.99434968
1.2295	49.9941522
1.2595	49.99362543
1.2895	49.99301994
1.3195	49.99250617
1.3495	49.99231297
1.3795	49.9924634
1.4095	49.99296745
1.4395	49.99361805
1.4695	49.99424406
1.4995	49.99459084
1.5295	49.99460681
1.5595	49.99431618
1.5895	49.99395153
1.6195	49.99366257
1.6495	49.99363596
1.6795	49.99385041
1.7095	49.99430601
1.7395	49.99485452
1.7695	49.9954705
1.7995	49.99601494
1.8295	49.99645502
1.8595	49.99658489
1.8895	49.99637099
1.9195	49.9957928
1.9495	49.99506587
1.9795	49.99436632
2.0095	49.99395197
2.0395	49.99391309
2.0695	49.99437474
2.0995	49.99511508
2.1295	49.9961365
2.1595	49.99701872
2.1895	49.99754
2.2195	49.99750398
2.2495	49.99700709
2.2795	49.99620253
2.3095	49.99543192
2.3395	49.99488589
2.3695	49.99470534
2.3995	49.99481174
2.4295	49.9951363
2.4595	49.99544938
2.4895	49.99562994
2.5195	49.99550788
2.5495	49.99513373
2.5795	49.99455669
2.6095	49.9939843
2.6395	49.99352204
2.6695	49.99333993
2.6995	49.99341837
2.7295	49.99375136
2.7595	49.9941441
2.7895	49.99448345
2.8195	49.99458261
2.8495	49.99448554
2.8795	49.99423867
2.9095	49.99403058
2.9395	49.99391348
2.9695	49.99396238
2.9995	49.99409791
3.0295	49.99431847
3.0595	49.99453095
3.0895	49.9947535
3.1195	49.99490193
3.1495	49.99497344
3.1795	49.99486083
3.2095	49.99461538
3.2395	49.99425
3.2695	49.993952
3.2995	49.99378624
3.3295	49.99385732
3.3595	49.99400859
3.3895	49.99413878
3.4195	49.9940616
3.4495	49.99381629
3.4795	49.99343832
3.5095	49.99310099
3.5395	49.99284086
3.5695	49.99272408
3.5995	49.9926689
3.6295	49.99268363
3.6595	49.99308118
3.6895	49.99305194
3.7195	49.99307924
3.7495	49.99322582
3.7795	49.99346891
3.8095	49.99386584
3.8395	49.99429456
3.8695	49.99465858
3.8995	49.99478285
3.9295	49.99467774
3.9595	49.9943493
3.9895	49.99397968
4.0195	49.99365877
4.0495	49.99359711
4.0795	49.99384638
4.1095	49.99445892
4.1395	49.99524172
4.1695	49.99599296
4.1995	49.99642392
4.2295	49.9964562
4.2595	49.99603734
4.2895	49.99535747
4.3195	49.99458226
4.3495	49.99402228
4.3795	49.99382546
4.4095	49.99412066
4.4395	49.99474619
4.4695	49.99547561
4.4995	49.99595382
4.5295	49.99603191
4.5595	49.99568287
4.5895	49.99513831
4.6195	49.99458279
4.6495	49.99430237
4.6795	49.99439014
4.7095	49.99492071
4.7395	49.99571038
4.7695	49.99656515
4.7995	49.99717549
4.8295	49.99741719
4.8595	49.99716949
4.8895	49.99656501
4.9195	49.99574452
4.9495	49.99504143
4.9795	49.99466315
5.0095	49.99480807
5.0395	49.99539948
5.0695	49.99631443
5.0995	49.99723287
5.1295	49.99795077
5.1595	49.99826886
5.1895	49.99822913
5.2195	49.99788079
5.2495	49.99736498
5.2795	49.9966933
5.3095	49.99602512
5.3395	49.9954148
5.3695	49.99499898
5.3995	49.99486534
5.4295	49.99472804
5.4595	49.99486251
5.4895	49.995343
5.5195	49.99604033
5.5495	49.99675282
5.5795	49.99709928
5.6095	49.99692927
5.6395	49.99621403
5.6695	49.9953056
5.6995	49.99451245
5.7295	49.99419162
5.7595	49.99441526
5.7895	49.99517516
5.8195	49.99619547
5.8495	49.99719929
5.8795	49.99780429
5.9095	49.99786583
5.9395	49.99733159
5.9695	49.99647021
5.9995	49.99554605
6.0295	49.99492115
6.0595	49.99468188
6.0895	49.99487125
6.1195	49.99529756
6.1495	49.99580431
6.1795	49.99611933
6.2095	49.99613903
6.2395	49.9958085
6.2695	49.99539163
6.2995	49.99507792
6.3295	49.99511267
6.3595	49.99550201
6.3895	49.99623344
6.4195	49.9970885
6.4495	49.99790606
6.4795	49.99843609
6.5095	49.99862582
6.5395	49.99841066
6.5695	49.99790766
6.5995	49.99721805
6.6295	49.99660151
6.6595	49.99622267
6.6895	49.99627309
6.7195	49.99670324
6.7495	49.99740656
6.7795	49.99806822
6.8095	49.99849558
6.8395	49.99848712
6.8695	49.99810129
6.8995	49.99741585
6.9295	49.9967055
6.9595	49.99619713
6.9895	49.99615735
7.0195	49.99659739
7.0495	49.99743694
7.0795	49.99834719
7.1095	49.99908645
7.1395	49.99939436
7.1695	49.99928663
7.1995	49.99881363
7.2295	49.99823462
7.2595	49.99773063
7.2895	49.99754841
7.3195	49.99772576
7.3495	49.99821638
7.3795	49.99873036
7.4095	49.99907775
7.4395	49.99908682
7.4695	49.99891196
7.4995	49.99867104
7.5295	49.99859734
7.5595	49.99878258
7.5895	49.99933448
7.6195	50.00014314
7.6495	50.0010353
7.6795	50.00165956
7.7095	50.00185696
7.7395	50.00154986
7.7695	50.00099595
7.7995	50.00043073
7.8295	50.00017077
7.8595	50.00027132
7.8895	50.00075263
7.9195	50.00141977
7.9495	50.002109
7.9795	50.00255148
8.0095	50.00266011
8.0395	50.00237056
8.0695	50.00185966
8.0995	50.00127433
8.1295	50.00087569
8.1595	50.0007758
8.1895	50.00108637
8.2195	50.0016925
8.2495	50.00247189
8.2795	50.00314954
8.3095	50.00358556
8.3395	50.00360222
8.3695	50.00319873
8.3995	50.00240937
8.4295	50.00149292
8.4595	50.00072324
8.4895	50.0004308
8.5195	50.00069082
8.5495	50.00145358
8.5795	50.00239058
8.6095	50.00322235
8.6395	50.00364315
8.6695	50.00362583
8.6995	50.00319282
8.7295	50.00257888
8.7595	50.00192527
8.7895	50.0014582
8.8195	50.00124765
8.8495	50.00141425
8.8795	50.00189756
8.9095	50.0026304
8.9395	50.00334415
8.9695	50.00380188
8.9995	50.00376005
9.0295	50.00323653
9.0595	50.00235115
9.0895	50.00143277
9.1195	50.00071688
9.1495	50.00040922
9.1795	50.00045539
9.2095	50.00078069
9.2395	50.00115953
9.2695	50.00149529
9.2995	50.00162234
9.3295	50.00153093
9.3595	50.00116814
9.3895	50.00064984
9.4195	50.00004701
9.4495	49.99952811
9.4795	49.99912999
9.5095	49.99893783
9.5395	49.99889645
9.5695	49.99902587
9.5995	49.9992058
9.6295	49.99939721
9.6595	49.99950515
9.6895	49.99956029
9.7195	49.99952046
9.7495	49.99945259
9.7795	49.99933535
9.8095	49.99925039
9.8395	49.99919428
9.8695	49.99927416
9.8995	49.99946556
9.9295	49.99980379
9.9595	50.00023563
9.9895	50.00077878
10.0195	50.00612778
10.0495	50.01134647
10.0795	50.01527416
10.1095	50.00688023
10.1395	49.99310836
10.1695	49.98373902
10.1995	49.97979176
10.2295	49.98247997
10.2595	49.99375507
10.2895	50.00927409
10.3195	50.02134512
10.3495	50.02694238
10.3795	50.02429983
10.4095	50.01315652
10.4395	49.99781709
10.4695	49.98446773
10.4995	49.97708389
10.5295	49.9776787
10.5595	49.98574493
10.5895	49.99768163
10.6195	50.00853854
10.6495	50.01477055
10.6795	50.01481429
10.7095	50.0094988
10.7395	50.00169962
10.7695	49.9950413
10.7995	49.99200257
10.8295	49.99330254
10.8595	49.99764956
10.8895	50.00242998
10.9195	50.00480041
10.9495	50.0032124
10.9795	49.99788755
11.0095	49.9908924
11.0395	49.98519651
11.0695	49.98362075
11.0995	49.9873196
11.1295	49.99542697
11.1595	50.00515806
11.1895	50.01307056
11.2195	50.01624375
11.2495	50.01353403
11.2795	50.00581869
11.3095	49.99581993
11.3395	49.98687213
11.3695	49.98182612
11.3995	49.98189327
11.4295	49.986495
11.4595	49.99357317
11.4895	50.00053659
11.5195	50.00508488
11.5495	50.00615242
11.5795	50.00403097
11.6095	50.00029163
11.6395	49.99680792
11.6695	49.99504815
11.6995	49.99537546
11.7295	49.99714328
11.7595	49.99895991
11.7895	49.99948684
11.8195	49.99791263
11.8495	49.99455785
11.8795	49.99061651
11.9095	49.98782463
11.9395	49.98758005
11.9695	49.99051111
11.9995	49.9959664
12.0295	50.00236779
12.0595	50.00756636
12.0895	50.00985034
12.1195	50.00842104
12.1495	50.00382237
12.1795	49.99755267
12.2095	49.99167638
12.2395	49.98791361
12.2695	49.98722855
12.2995	49.98938947
12.3295	49.99332774
12.3595	49.9974705
12.3895	50.00051865
12.4195	50.00173156
12.4495	50.00126982
12.4795	49.9998382
12.5095	49.99845795
12.5395	49.99780662
12.5695	49.99807654
12.5995	49.9987865
12.6295	49.99920907
12.6595	49.99858056
12.6895	49.99667195
12.7195	49.99379784
12.7495	49.99095228
12.7795	49.98910466
12.8095	49.98983916
12.8395	49.99270371
12.8695	49.99700129
12.8995	50.00140129
12.9295	50.00457832
12.9595	50.00557633
12.9895	50.00374141
13.0195	50.00072441
13.0495	49.9972631
13.0795	49.99352035
13.1095	49.99171463
13.1395	49.99120825
13.1695	49.99221602
13.1995	49.99415614
13.2295	49.99633686
13.2595	49.99802774
13.2895	49.99890323
13.3195	49.99896915
13.3495	49.9986098
13.3795	49.99820315
13.4095	49.99804392
13.4395	49.99809574
13.4695	49.99819916
13.4995	49.9979813
13.5295	49.9972119
13.5595	49.99582502
13.5895	49.99415853
13.6195	49.99272426
13.6495	49.99209008
13.6795	49.99252506
13.7095	49.99405672
13.7395	49.99628378
13.7695	49.99863307
13.7995	50.00036454
13.8295	50.00097536
13.8595	50.00032844
13.8895	49.99874496
13.9195	49.99671989
13.9495	49.99482878
13.9795	49.99343881
14.0095	49.99282519
14.0395	49.99297838
14.0695	49.99378573
14.0995	49.99494427
14.1295	49.99621368
14.1595	49.99737875
14.1895	49.9983792
14.2195	49.99912378
14.2495	49.99962836
14.2795	49.99983451
14.3095	49.99975178
14.3395	49.99929744
14.3695	49.99846641
14.3995	49.9972954
14.4295	49.99604481
14.4595	49.99505055
14.4895	49.99471135
14.5195	49.99519185
14.5495	49.99643951
14.5795	49.99806956
14.6095	49.9996721
14.6395	50.00080739
14.6695	50.00128626
14.6995	50.00103909
14.7295	50.00026306
14.7595	49.9992566
14.7895	49.99840011
14.8195	49.997882
14.8495	49.99772863
14.8795	49.99772835
14.9095	49.99775439
14.9395	49.99772854
14.9695	49.99782175
14.9995	49.99816838
15.0295	49.9989137
15.0595	49.99997158
15.0895	50.00117437
15.1195	50.00217723
15.1495	50.00263584
15.1795	50.00221954
15.2095	50.00093885
15.2395	49.99905395
15.2695	49.9971691
15.2995	49.9958092
15.3295	49.99537886
15.3595	49.99590101
15.3895	49.99717351
15.4195	49.99872646
15.4495	50.0000994
15.4795	50.00087164
15.5095	50.00094939
15.5395	50.00041326
15.5695	49.99957046
15.5995	49.99868166
15.6295	49.99799796
15.6595	49.99760693
15.6895	49.99750981
15.7195	49.99751504
15.7495	49.99750103
15.7795	49.99736668
15.8095	49.99722093
15.8395	49.99720914
15.8695	49.99757453
15.8995	49.9983925
15.9295	49.9996293
15.9595	50.0009397
15.9895	50.00195191
16.0195	50.00227681
16.0495	50.00180777
16.0795	50.00062494
16.1095	49.99909137
16.1395	49.99759232
16.1695	49.99653718
16.1995	49.99612346
16.2295	49.99641751
16.2595	49.99718719
16.2895	49.99815655
16.3195	49.99897901
16.3495	49.99948049
16.3795	49.99955693
16.4095	49.99930377
16.4395	49.99884987
16.4695	49.99845882
16.4995	49.99822376
16.5295	49.99817796
16.5595	49.9981862
16.5895	49.99816543
16.6195	49.99801857
16.6495	49.99777587
16.6795	49.99747471
16.7095	49.99730744
16.7395	49.99739822
16.7695	49.99786111
16.7995	49.99858945
16.8295	49.99940259
16.8595	49.99996035
16.8895	50.00003037
16.9195	49.99945475
16.9495	49.99836505
16.9795	49.99701059
17.0095	49.99579696
17.0395	49.99504125
17.0695	49.99511892
17.0995	49.99597839
17.1295	49.99743794
17.1595	49.99904809
17.1895	50.0004161
17.2195	50.00121742
17.2495	50.00140029
17.2795	50.00104943
17.3095	50.00046055
17.3395	49.99987294
17.3695	49.99949679
17.3995	49.99933526
17.4295	49.99933668
17.4595	49.99930887
17.4895	49.99916718
17.5195	49.99886895
17.5495	49.99856701
17.5795	49.99841746
17.6095	49.99862431
17.6395	49.9992215
17.6695	50.0001725
17.6995	50.0012193
17.7295	50.00208752
17.7595	50.00243181
17.7895	50.00212117
17.8195	50.00117787
17.8495	49.99990387
17.8795	49.9986497
17.9095	49.99781537
17.9395	49.99759609
17.9695	49.99805622
17.9995	49.99898312
18.0295	50.0001015
18.0595	50.00105959
18.0895	50.00166906
18.1195	50.00183021
18.1495	50.00169727
18.1795	50.00146144
18.2095	50.00135895
18.2395	50.00140997
18.2695	50.00149577
18.2995	50.00139206
18.3295	50.00100366
18.3595	50.0002908
18.3895	49.99942517
18.4195	49.99860978
18.4495	49.99814574
18.4795	49.99818195
18.5095	49.99875268
18.5395	49.99966291
18.5695	50.00070758
18.5995	50.001571
18.6295	50.00205146
18.6595	50.00196294
18.6895	50.00136564
18.7195	50.00043279
18.7495	49.99955513
18.7795	49.99905751
18.8095	49.99916235
18.8395	49.99977507
18.8695	50.00063147
18.8995	50.00135098
18.9295	50.0017103
18.9595	50.00159619
18.9895	50.00115535
19.0195	50.00059574
19.0495	50.00018331
19.0795	50.00001128
19.1095	50.00009452
19.1395	50.00024875
19.1695	50.00029143
19.1995	50.0000177
19.2295	49.99941677
19.2595	49.99858358
19.2895	49.99779106
19.3195	49.997264
19.3495	49.99726926
19.3795	49.99787337
19.4095	49.99898267
19.4395	50.00022132
19.4695	50.00114845
19.4995	50.00138432
19.5295	50.00087947
19.5595	49.99987135
19.5895	49.99883224
19.6195	49.99814475
19.6495	49.99808098
19.6795	49.99860023
19.7095	49.99950584
19.7395	50.00035697
19.7695	50.0006919
19.7995	50.00023401
19.8295	49.99912583
19.8595	49.99783781
19.8895	49.99697242
19.9195	49.99686357
19.9495	49.99756942
19.9795	49.99874658
20.0095	49.99991669
20.0395	50.00054374
20.0695	50.00035511
20.0995	49.99936886
20.1295	49.99800249
20.1595	49.99682063
20.1895	49.99637905
20.2195	49.99687261
20.2495	49.99813487
20.2795	49.99960889
20.3095	50.00072094
20.3395	50.00100588
20.3695	50.00041202
20.3995	49.99916969
20.4295	49.99780174
20.4595	49.99679809
20.4895	49.99653861
20.5195	49.99704173
20.5495	49.99810271
20.5795	49.99927461
20.6095	50.00015893
20.6395	50.00043885
20.6695	50.00009429
20.6995	49.9993048
20.7295	49.99848027
20.7595	49.99801099
20.7895	49.99818014
20.8195	49.99892779
20.8495	49.99993498
20.8795	50.00067213
20.9095	50.00078512
20.9395	50.00015483
20.9695	49.99908356
20.9995	49.9980008
21.0295	49.99739664
21.0595	49.99751262
21.0895	49.99836375
21.1195	49.99962833
21.1495	50.00090751
21.1795	50.00176874
21.2095	50.00201174
21.2395	50.00161666
21.2695	50.00083961
21.2995	50.00000906
21.3295	49.99948837
21.3595	49.99935044
21.3895	49.99953376
21.4195	49.99979099
21.4495	49.99994306
21.4795	49.9998379
21.5095	49.99949707
21.5395	49.9990455
21.5695	49.99882217
21.5995	49.99903681
21.6295	49.99978264
21.6595	50.00084715
21.6895	50.00194603
21.7195	50.00273548
21.7495	50.00303563
21.7795	50.00278501
21.8095	50.00217293
21.8395	50.00145857
21.8695	50.00098752
21.8995	50.00093133
21.9295	50.00133647
21.9595	50.00199207
21.9895	50.00265914
22.0195	50.00307443
22.0495	50.00317293
22.0795	50.00299475
22.1095	50.00275464
22.1395	50.00260432
22.1695	50.00263357
22.1995	50.00277974
22.2295	50.00296928
22.2595	50.00309621
22.2895	50.00312732
22.3195	50.00300381
22.3495	50.00280536
22.3795	50.00261801
22.4095	50.00259748
22.4395	50.00277953
22.4695	50.00314137
22.4995	50.00355799
22.5295	50.00396073
22.5595	50.00430332
22.5895	50.0046205
22.6195	50.00479138
22.6495	50.00505039
22.6795	50.00504746
22.7095	50.00482681
22.7395	50.00438155
22.7695	50.00378139
22.7995	50.00310254
22.8295	50.00252205
22.8595	50.00218005
22.8895	50.0021998
22.9195	50.0025268
22.9495	50.00303554
22.9795	50.00347744
23.0095	50.0036992
23.0395	50.00359734
23.0695	50.00326326
23.0995	50.00281027
23.1295	50.00243123
23.1595	50.00223759
23.1895	50.00230745
23.2195	50.00255301
23.2495	50.00282083
23.2795	50.00287279
23.3095	50.00263062
23.3395	50.0021534
23.3695	50.00176979
23.3995	50.00172892
23.4295	50.00216513
23.4595	50.0027772
23.4895	50.0031986
23.5195	50.00308661
23.5495	50.00243797
23.5795	50.00145274
23.6095	50.0004851
23.6395	49.99979656
23.6695	49.99955777
23.6995	49.99971218
23.7295	50.00012551
23.7595	50.00058724
23.7895	50.00096705
23.8195	50.00115106
23.8495	50.00120233
23.8795	50.0012135
23.9095	50.00133901
23.9395	50.00163359
23.9695	50.00213987
23.9995	50.00274328
24.0295	50.00330027
24.0595	50.0034874
24.0895	50.00314019
24.1195	50.00225747
24.1495	50.00119166
24.1795	50.00038241
24.2095	50.00021481
24.2395	50.00076497
24.2695	50.00186905
24.2995	50.00312229
24.3295	50.00413892
24.3595	50.00457769
24.3895	50.00438072
24.4195	50.00368476
24.4495	50.00287617
24.4795	50.00231875
24.5095	50.00228417
24.5395	50.00273326
24.5695	50.00342284
24.5995	50.00397163
24.6295	50.00412814
24.6595	50.00378391
24.6895	50.00310696
24.7195	50.00236795
24.7495	50.00194251
24.7795	50.00204897
24.8095	50.00273537
24.8395	50.00374231
24.8695	50.00468192
24.8995	50.00513917
24.9295	50.00494368
24.9595	50.00418976
24.9895	50.00324243
25.0195	50.0024798
25.0495	50.00223228
25.0795	50.00256994
25.1095	50.00339251
25.1395	50.0043575
25.1695	50.00508614
25.1995	50.00526938
25.2295	50.0048795
25.2595	50.00409161
25.2895	50.00326966
25.3195	50.00270954
25.3495	50.00260623
25.3795	50.00289341
25.4095	50.00338499
25.4395	50.00375587
25.4695	50.00375985
25.4995	50.00327252
25.5295	50.00252476
25.5595	50.00166336
25.5895	50.0010961
25.6195	50.00100386
25.6495	50.00145287
25.6795	50.00225775
25.7095	50.00313292
25.7395	50.00371102
25.7695	50.00378051
25.7995	50.00327777
25.8295	50.00240465
25.8595	50.00143662
25.8895	50.00071648
25.9195	50.00042914
25.9495	50.00071167
25.9795	50.00149143
26.0095	50.0025632
26.0395	50.00355758
26.0695	50.00415711
26.0995	50.00417621
26.1295	50.00372591
26.1595	50.00309087
26.1895	50.00266287
26.2195	50.00266797
26.2495	50.00311683
26.2795	50.00373046
26.3095	50.00420346
26.3395	50.00423406
26.3695	50.00373797
26.3995	50.0028013
26.4295	50.00173789
26.4595	50.00085959
26.4895	50.0004504
26.5195	50.00056415
26.5495	50.00116458
26.5795	50.00203212
26.6095	50.00289846
26.6395	50.00345499
26.6695	50.00355901
26.6995	50.00320437
26.7295	50.0025968
26.7595	50.00191065
26.7895	50.00136012
26.8195	50.00103865
26.8495	50.00100859
26.8795	50.00118331
26.9095	50.00144052
26.9395	50.00160001
26.9695	50.00160654
26.9995	50.00144218
27.0295	50.00122125
27.0595	50.00104142
27.0895	50.00103516
27.1195	50.00121974
27.1495	50.00156467
27.1795	50.00191151
27.2095	50.00213418
27.2395	50.00208556
27.2695	50.00173416
27.2995	50.00110951
27.3295	50.00039257
27.3595	49.99980102
27.3895	49.99956007
27.4195	49.99971907
27.4495	50.00024346
27.4795	50.00094307
27.5095	50.00163168
27.5395	50.00209175
27.5695	50.00222324
27.5995	50.00201137
27.6295	50.00160699
27.6595	50.00116001
27.6895	50.00084614
27.7195	50.00071083
27.7495	50.00075679
27.7795	50.00086584
27.8095	50.00094419
27.8395	50.00087113
27.8695	50.00062916
27.8995	50.00025032
27.9295	49.99987564
27.9595	49.99953528
27.9895	49.9992723
28.0195	49.99904655
28.0495	49.99887177
28.0795	49.9987045
28.1095	49.99851551
28.1395	49.99826543
28.1695	49.99806802
28.1995	49.99798072
28.2295	49.9980728
28.2595	49.99829181
28.2895	49.99860598
28.3195	49.99893896
28.3495	49.99932436
28.3795	49.99977956
28.4095	50.00033647
28.4395	50.00091353
28.4695	50.00140823
28.4995	50.00168072
28.5295	50.0016827
28.5595	50.00131905
28.5895	50.00064142
28.6195	49.99976763
28.6495	49.998913
28.6795	49.99823014
28.7095	49.99785391
28.7395	49.99775693
28.7695	49.997838
28.7995	49.99790337
28.8295	49.99784776
28.8595	49.99771136
28.8895	49.99764142
28.9195	49.99770674
28.9495	49.99790136
28.9795	49.99807631
29.0095	49.99812669
29.0395	49.99797359
29.0695	49.99770914
29.0995	49.99742429
29.1295	49.997246
29.1595	49.997139
29.1895	49.99707024
29.2195	49.9969586
29.2495	49.99679667
29.2795	49.99656254
29.3095	49.9963036
29.3395	49.99605662
29.3695	49.99594644
29.3995	49.99599691
29.4295	49.99622086
29.4595	49.99660662
29.4895	49.99715108
29.5195	49.99775866
29.5495	49.99829523
29.5795	49.99857569
29.6095	49.99857176
29.6395	49.99834653
29.6695	49.99812343
29.6995	49.99806277
29.7295	49.99827731
29.7595	49.99870339
29.7895	49.99922421
29.8195	49.9996436
29.8495	49.9998366
29.8795	49.99972556
29.9095	49.99941083
29.9395	49.99906245
29.9695	49.99895223
29.9995	49.99921849
30.0295	49.99987007
30.0595	50.0005889
30.0895	50.00103958
30.1195	50.00095039
30.1495	50.00035644
30.1795	49.99947766
30.2095	49.99866375
30.2395	49.99818709
30.2695	49.99823987
30.2995	49.9987703
30.3295	49.99959585
30.3595	50.00037937
30.3895	50.00087183
30.4195	50.00093131
30.4495	50.00069492
30.4795	50.00041054
30.5095	50.00036756
30.5395	50.00064179
30.5695	50.00109192
30.5995	50.00143825
30.6295	50.0014787
30.6595	50.00115608
30.6895	50.00061079
30.7195	50.00003016
30.7495	49.99963074
30.7795	49.99950758
30.8095	49.99970874
30.8395	50.0001465
30.8695	50.00072202
30.8995	50.00125688
30.9295	50.00164438
30.9595	50.00185054
30.9895	50.0019548
31.0195	50.00201699
31.0495	50.00211356
31.0795	50.00223619
31.1095	50.00239779
31.1395	50.00253482
31.1695	50.00259767
31.1995	50.00253451
31.2295	50.00238956
31.2595	50.00217662
31.2895	50.00197274
31.3195	50.00181141
31.3495	50.00176078
31.3795	50.0018096
31.4095	50.00193695
31.4395	50.00203625
31.4695	50.00203145
31.4995	50.00184638
31.5295	50.00152737
31.5595	50.0012058
31.5895	50.00107298
31.6195	50.00120849
31.6495	50.00155462
31.6795	50.00188476
31.7095	50.00202921
31.7395	50.00184508
31.7695	50.00132735
31.7995	50.00054665
31.8295	49.99969886
31.8595	49.9989825
31.8895	49.99856915
31.9195	49.9984612
31.9495	49.9986649
31.9795	49.99910406
32.0095	49.99967755
32.0395	50.00019778
32.0695	50.00050555
32.0995	50.00051437
32.1295	50.00030779
32.1595	50.00001044
32.1895	49.99979447
32.2195	49.99972341
32.2495	49.9998288
32.2795	50.00002059
32.3095	50.00019139
32.3395	50.00019258
32.3695	49.99997706
32.3995	49.9995689
32.4295	49.99913948
32.4595	49.99888298
32.4895	49.99899192
32.5195	49.99949104
32.5495	50.0002676
32.5795	50.00104031
32.6095	50.00155944
32.6395	50.00162296
32.6695	50.00122568
32.6995	50.00047682
32.7295	49.9996274
32.7595	49.99888012
32.7895	49.99841528
32.8195	49.99826658
32.8495	49.99841765
32.8795	49.99874044
32.9095	49.99911172
32.9395	49.99938859
32.9695	49.99953368
32.9995	49.9995384
33.0295	49.99948268
33.0595	49.99940485
33.0895	49.99935849
33.1195	49.99931616
33.1495	49.99927885
33.1795	49.99920343
33.2095	49.99908854
33.2395	49.9989402
33.2695	49.99888358
33.2995	49.99899975
33.3295	49.99935522
33.3595	49.99982155
33.3895	50.00026811
33.4195	50.00055327
33.4495	50.00066392
33.4795	50.00062204
33.5095	50.00051416
33.5395	50.00036958
33.5695	50.0002145
33.5995	50.00001582
33.6295	49.99977706
33.6595	49.99945549
33.6895	49.99908587
33.7195	49.9987114
33.7495	49.99848817
33.7795	49.9985374
33.8095	49.99893094
33.8395	49.99959595
33.8695	50.00042117
33.8995	50.00120019
33.9295	50.00178212
33.9595	50.00208274
33.9895	50.00215588
34.0195	50.00208708
34.0495	50.00199844
34.0795	50.0019441
34.1095	50.001996
34.1395	50.00211342
34.1695	50.00219515
34.1995	50.00212874
34.2295	50.00191597
34.2595	50.00163341
34.2895	50.00143141
34.3195	50.00138608
34.3495	50.00151847
34.3795	50.00172147
34.4095	50.00189024
34.4395	50.00187824
34.4695	50.00160843
34.4995	50.00106623
34.5295	50.00038978
34.5595	49.99981738
34.5895	49.9995981
34.6195	49.99980521
34.6495	50.00034722
34.6795	50.00095274
34.7095	50.00138114
34.7395	50.00142552
34.7695	50.00103377
34.7995	50.00028401
34.8295	49.99943155
34.8595	49.99883374
34.8895	49.99878295
34.9195	49.99930032
34.9495	50.00021055
34.9795	50.00116285
35.0095	50.00185664
35.0395	50.0020814
35.0695	50.00184666
35.0995	50.00132492
35.1295	50.00083206
35.1595	50.00059982
35.1895	50.00075736
35.2195	50.0012156
35.2495	50.00181199
35.2795	50.00230646
35.3095	50.00252797
35.3395	50.00238193
35.3695	50.00195929
35.3995	50.00144368
35.4295	50.00111726
35.4595	50.00123533
35.4895	50.00194024
35.5195	50.00311953
35.5495	50.00449737
35.5795	50.00568035
35.6095	50.00639039
35.6395	50.00646448
35.6695	50.00593744
35.6995	50.00501553
35.7295	50.00404684
35.7595	50.00326166
35.7895	50.00280515
35.8195	50.00264735
35.8495	50.00275153
35.8795	50.00301958
35.9095	50.00335328
35.9395	50.003587
35.9695	50.00356461
35.9995	50.00322293
36.0295	50.00268382
36.0595	50.00220172
36.0895	50.00203532
36.1195	50.00224865
36.1495	50.00277664
36.1795	50.00339272
36.2095	50.00386294
36.2395	50.00395626
36.2695	50.00357454
36.2995	50.00279553
36.3295	50.00191892
36.3595	50.00134738
36.3895	50.00141808
36.4195	50.00217665
36.4495	50.00331659
36.4795	50.00426967
36.5095	50.00421994
36.5395	50.00420771
36.5695	50.00316522
36.5995	50.00195646
36.6295	50.00107721
36.6595	50.00080576
36.6895	50.0012056
36.7195	50.00205805
36.7495	50.00301632
36.7795	50.00369503
36.8095	50.00389269
36.8395	50.00361617
36.8695	50.00315233
36.8995	50.00282242
36.9295	50.00288611
36.9595	50.00329214
36.9895	50.00383673
37.0195	50.00421189
37.0495	50.00423053
37.0795	50.00383566
37.1095	50.00316619
37.1395	50.00239965
37.1695	50.00170074
37.1995	50.00118333
37.2295	50.00095375
37.2595	50.00111889
37.2895	50.00170101
37.3195	50.00253162
37.3495	50.00334651
37.3795	50.0038384
37.4095	50.00386497
37.4395	50.0034544
37.4695	50.00286869
37.4995	50.00238995
37.5295	50.00226521
37.5595	50.00253962
37.5895	50.00312385
37.6195	50.00378357
37.6495	50.00428548
37.6795	50.00443663
37.7095	50.00423212
37.7395	50.00378822
37.7695	50.0033474
37.7995	50.00310889
37.8295	50.00320958
37.8595	50.00363386
37.8895	50.0042635
37.9195	50.00486344
37.9495	50.00519978
37.9795	50.00508906
38.0095	50.00456428
38.0395	50.00375494
38.0695	50.00284241
38.0995	50.00200419
38.1295	50.00142274
38.1595	50.0012594
38.1895	50.00155833
38.2195	50.00214854
38.2495	50.00277461
38.2795	50.00315234
38.3095	50.00315214
38.3395	50.00281747
38.3695	50.00242983
38.3995	50.00226713
38.4295	50.00252129
38.4595	50.00305555
38.4895	50.00361134
38.5195	50.00388518
38.5495	50.00376309
38.5795	50.00328869
38.6095	50.00265755
38.6395	50.00209464
38.6695	50.0018402
38.6995	50.0019907
38.7295	50.00253094
38.7595	50.00330431
38.7895	50.00412529
38.8195	50.00478704
38.8495	50.00512035
38.8795	50.0050084
38.9095	50.00452722
38.9395	50.003851
38.9695	50.00323953
38.9995	50.002855
39.0295	50.00277754
39.0595	50.00301574
39.0895	50.00350896
39.1195	50.00408931
39.1495	50.00450324
39.1795	50.00449485
39.2095	50.0040529
39.2395	50.00335717
39.2695	50.00281668
39.2995	50.0026974
39.3295	50.00311263
39.3595	50.00390998
39.3895	50.00478764
39.4195	50.00537337
39.4495	50.00543706
39.4795	50.00492715
39.5095	50.00406349
39.5395	50.00317464
39.5695	50.00260224
39.5995	50.00253995
39.6295	50.00302615
39.6595	50.00390804
39.6895	50.00492304
39.7195	50.00573023
39.7495	50.00606383
39.7795	50.00578276
39.8095	50.00500555
39.8395	50.00398794
39.8695	50.00306576
39.8995	50.00248212
39.9295	50.00236169
39.9595	50.00262952
39.9895	50.00310217
40.0195	50.00484748
40.0495	50.00524607
40.0795	50.00431422
40.1095	50.00054973
40.1395	49.99779036
40.1695	49.99922078
40.1995	50.00294814
40.2295	50.00668959
40.2595	50.00873223
40.2895	50.00709018
40.3195	50.00219729
40.3495	49.99735825
40.3795	49.99537322
40.4095	49.99716714
40.4395	50.00189518
40.4695	50.00697811
40.4995	50.00955919
40.5295	50.00866657
40.5595	50.00539632
40.5895	50.00188517
40.6195	50.00006794
40.6495	50.00056861
40.6795	50.00231086
40.7095	50.00358658
40.7395	50.00335646
40.7695	50.00197632
40.7995	50.0007577
40.8295	50.00108294
40.8595	50.00323417
40.8895	50.00617035
40.9195	50.00812302
40.9495	50.00778079
40.9795	50.00510019
41.0095	50.00146173
41.0395	49.99881819
41.0695	49.99856764
41.0995	50.00071883
41.1295	50.00398472
41.1595	50.00651616
41.1895	50.00704889
41.2195	50.00552058
41.2495	50.00300853
41.2795	50.00091071
41.3095	50.00013395
41.3395	50.00061582
41.3695	50.00162301
41.3995	50.00228755
41.4295	50.00229071
41.4595	50.00198015
41.4895	50.00207111
41.5195	50.00298088
41.5495	50.00449067
41.5795	50.00577194
41.6095	50.00597025
41.6395	50.00509377
41.6695	50.00282538
41.6995	50.00071253
41.7295	49.99973069
41.7595	50.00033571
41.7895	50.0021281
41.8195	50.00406543
41.8495	50.00517249
41.8795	50.00503697
41.9095	50.00401982
41.9395	50.00285254
41.9695	50.00212032
41.9995	50.00192773
42.0295	50.00195211
42.0595	50.00176455
42.0895	50.00120545
42.1195	50.00049813
42.1495	50.00016996
42.1795	50.000624
42.2095	50.00185494
42.2395	50.0033292
42.2695	50.00432183
42.2995	50.0042747
42.3295	50.00319931
42.3595	50.00164212
42.3895	50.00043751
42.4195	50.00018935
42.4495	50.0009575
42.4795	50.00221158
42.5095	50.00323495
42.5395	50.00351913
42.5695	50.00311454
42.5995	50.00243943
42.6295	50.00202179
42.6595	50.00203024
42.6895	50.00229646
42.7195	50.00241774
42.7495	50.00211305
42.7795	50.00138105
42.8095	50.0005571
42.8395	50.00008537
42.8695	50.00031264
42.8995	50.00118206
42.9295	50.00230633
42.9595	50.00312425
42.9895	50.00328162
43.0195	50.00276786
43.0495	50.00195595
43.0795	50.0013121
43.1095	50.00116737
43.1395	50.00148563
43.1695	50.00194573
43.1995	50.00217136
43.2295	50.00200394
43.2595	50.00153239
43.2895	50.00103531
43.3195	50.00073307
43.3495	50.00073752
43.3795	50.00095775
43.4095	50.00122281
43.4395	50.00137164
43.4695	50.00139839
43.4995	50.00139982
43.5295	50.00150949
43.5595	50.00167852
43.5895	50.00175104
43.6195	50.00151431
43.6495	50.00093995
43.6795	50.00019274
43.7095	49.99960194
43.7395	49.99945708
43.7695	49.99989218
43.7995	50.00075212
43.8295	50.0017001
43.8595	50.00233166
43.8895	50.00241836
43.9195	50.00196422
43.9495	50.00126508
43.9795	50.0006947
44.0095	50.00055026
44.0395	50.00087063
44.0695	50.00148607
44.0995	50.00211801
44.1295	50.0025566
44.1595	50.00261515
44.1895	50.00226955
44.2195	50.00158602
44.2495	50.00081288
44.2795	50.00021957
44.3095	50.00001284
44.3395	50.00022632
44.3695	50.00074011
44.3995	50.00136079
44.4295	50.00189943
44.4595	50.00213377
44.4895	50.00191448
44.5195	50.00118325
44.5495	50.00016266
44.5795	49.99924129
44.6095	49.99883411
44.6395	49.99913772
44.6695	50.00003788
44.6995	50.00116778
44.7295	50.00209578
44.7595	50.00249901
44.7895	50.0022916
44.8195	50.00159626
44.8495	50.00068727
44.8795	49.99983773
44.9095	49.99929118
44.9395	49.9991537
44.9695	49.99945445
44.9995	50.00006708
45.0295	50.00081432
45.0595	50.00143785
45.0895	50.0017544
45.1195	50.00165161
45.1495	50.00114946
45.1795	50.00034151
45.2095	49.99942608
45.2395	49.99861871
45.2695	49.99814505
45.2995	49.99811914
45.3295	49.9985517
45.3595	49.99935404
45.3895	50.00034324
45.4195	50.00124265
45.4495	50.00183058
45.4795	50.00198184
45.5095	50.00175986
45.5395	50.00128637
45.5695	50.0006763
45.5995	50.00003299
45.6295	49.99947789
45.6595	49.99913125
45.6895	49.9990926
45.7195	49.99936193
45.7495	49.99995768
45.7795	50.0008319
45.8095	50.0018615
45.8395	50.00280817
45.8695	50.00341663
45.8995	50.0035213
45.9295	50.00315235
45.9595	50.00245201
45.9895	50.001685
46.0195	50.00110155
46.0495	50.00092931
46.0795	50.00124887
46.1095	50.00200084
46.1395	50.00292959
46.1695	50.00366947
46.1995	50.00391079
46.2295	50.00354373
46.2595	50.00267232
46.2895	50.00157611
46.3195	50.00056361
46.3495	49.99994228
46.3795	49.99988432
46.4095	50.0004142
46.4395	50.00135558
46.4695	50.00242701
46.4995	50.00328388
46.5295	50.00368138
46.5595	50.00355785
46.5895	50.00305871
46.6195	50.00242821
46.6495	50.00190974
46.6795	50.00163455
46.7095	50.00166797
46.7395	50.00196405
46.7695	50.00245202
46.7995	50.0029854
46.8295	50.00343187
46.8595	50.00364142
46.8895	50.00356025
46.9195	50.00320286
46.9495	50.00265977
46.9795	50.00202926
47.0095	50.00145191
47.0395	50.00107133
47.0695	50.00108281
47.0995	50.00154293
47.1295	50.00237643
47.1595	50.00329477
47.1895	50.00398814
47.2195	50.00420342
47.2495	50.00410154
47.2795	50.00332829
47.3095	50.00245903
47.3395	50.0017657
47.3695	50.00149649
47.3995	50.00173781
47.4295	50.00241979
47.4595	50.0032401
47.4895	50.00386921
47.5195	50.00403411
47.5495	50.00364987
47.5795	50.00279132
47.6095	50.00169644
47.6395	50.00066058
47.6695	50.00000638
47.6995	49.99990697
47.7295	50.00038566
47.7595	50.00130203
47.7895	50.0024159
47.8195	50.00341212
47.8495	50.00405212
47.8795	50.00420122
47.9095	50.00390242
47.9395	50.00331074
47.9695	50.0026757
47.9995	50.00223265
48.0295	50.00216338
48.0595	50.00246544
48.0895	50.00302717
48.1195	50.00363505
48.1495	50.00405278
48.1795	50.00406668
48.2095	50.00362078
48.2395	50.00278948
48.2695	50.0017911
48.2995	50.00086542
48.3295	50.00025682
48.3595	50.00019805
48.3895	50.00079363
48.4195	50.00192053
48.4495	50.0032765
48.4795	50.00444877
48.5095	50.00511535
48.5395	50.0050961
48.5695	50.00443891
48.5995	50.00336889
48.6295	50.00224358
48.6595	50.0013418
48.6895	50.0008664
48.7195	50.0008621
48.7495	50.00133061
48.7795	50.00217011
48.8095	50.00318568
48.8395	50.00408429
48.8695	50.00457578
48.8995	50.00448568
48.9295	50.00384154
48.9595	50.00278246
48.9895	50.00157958
49.0195	50.00052138
49.0495	49.99994412
49.0795	50.00006642
49.1095	50.00090154
49.1395	50.00218765
49.1695	50.00348066
49.1995	50.00432513
49.2295	50.00444056
49.2595	50.00376496
49.2895	50.00250615
49.3195	50.00103016
49.3495	49.99980777
49.3795	49.99921664
49.4095	49.99944168
49.4395	50.0003968
49.4695	50.00181346
49.4995	50.00327104
49.5295	50.00436717
49.5595	50.00478156
49.5895	50.00443139
49.6195	50.00345442
49.6495	50.00212936
49.6795	50.00076245
49.7095	49.99968027
49.7395	49.99912207
49.7695	49.99924196
49.7995	49.99996272
49.8295	50.00103888
49.8595	50.00209107
49.8895	50.00277587
49.9195	50.00285778
49.9495	50.00230944
49.9795	50.00127779
50.0095	50.0000752
50.0395	49.99907523
50.0695	49.99867142
50.0995	49.99904231
50.1295	50.00012359
50.1595	50.00153901
50.1895	50.00282124
50.2195	50.00354215
50.2495	50.00343444
50.2795	50.00244409
50.3095	50.00081305
50.3395	49.99902027
50.3695	49.99773194
50.3995	49.99742298
50.4295	49.99824074
50.4595	49.99981452
50.4895	50.00153177
50.5195	50.00274371
50.5495	50.00313371
50.5795	50.0027349
50.6095	50.0018444
50.6395	50.00085702
50.6695	50.00014448
50.6995	49.99995742
50.7295	50.00038991
50.7595	50.0013131
50.7895	50.00246483
50.8195	50.00350066
50.8495	50.00409134
50.8795	50.00400242
50.9095	50.00323907
50.9395	50.00203903
50.9695	50.00086897
50.9995	50.00015655
51.0295	50.00017163
51.0595	50.0008243
51.0895	50.00181917
51.1195	50.00275069
51.1495	50.00336226
51.1795	50.00356164
51.2095	50.00340687
51.2395	50.00302644
51.2695	50.00258934
51.2995	50.00225581
51.3295	50.00214726
51.3595	50.00217633
51.3895	50.00220319
51.4195	50.00208002
51.4495	50.00182933
51.4795	50.00157089
51.5095	50.00144028
51.5395	50.00152602
51.5695	50.00153751
51.5995	50.00144863
51.6295	50.00119426
51.6595	50.00092895
51.6895	50.00087264
51.7195	50.00115439
51.7495	50.00177017
51.7795	50.00256156
51.8095	50.00334007
51.8395	50.00389073
51.8695	50.00405385
51.8995	50.00377557
51.9295	50.00315201
51.9595	50.00231251
51.9895	50.00145364
52.0195	50.00075116
52.0495	50.00029157
52.0795	50.00002468
52.1095	49.99985963
52.1395	49.99967849
52.1695	49.99943222
52.1995	49.99907864
52.2295	49.99864064
52.2595	49.99822274
52.2895	49.99795669
52.3195	49.99790558
52.3495	49.99812982
52.3795	49.99862018
52.4095	49.99930231
52.4395	50.00002616
52.4695	50.00065125
52.4995	50.00105511
52.5295	50.00120518
52.5595	50.00112208
52.5895	50.00091365
52.6195	50.00070288
52.6495	50.00057359
52.6795	50.00052322
52.7095	50.00054204
52.7395	50.0005904
52.7695	50.00065787
52.7995	50.00071168
52.8295	50.00075019
52.8595	50.00081114
52.8895	50.00095499
52.9195	50.00119474
52.9495	50.00148462
52.9795	50.00171277
53.0095	50.00180793
53.0395	50.00176393
53.0695	50.00171711
53.0995	50.00178765
53.1295	50.00205471
53.1595	50.00240701
53.1895	50.00269964
53.2195	50.00279369
53.2495	50.00261511
53.2795	50.00214575
53.3095	50.00147635
53.3395	50.00073806
53.3695	50.00009249
53.3995	49.99964913
53.4295	49.99947388
53.4595	49.99956885
53.4895	49.99987907
53.5195	50.00026863
53.5495	50.00063921
53.5795	50.00091549
53.6095	50.00107182
53.6395	50.00106445
53.6695	50.00083556
53.6995	50.00037635
53.7295	49.99977837
53.7595	49.99922455
53.7895	49.99891226
53.8195	49.9989389
53.8495	49.99929513
53.8795	49.99984143
53.9095	50.00040089
53.9395	50.00081581
53.9695	50.00106733
53.9995	50.00117649
54.0295	50.00122229
54.0595	50.00126614
54.0895	50.00138011
54.1195	50.00159258
54.1495	50.0018468
54.1795	50.00200566
54.2095	50.00198336
54.2395	50.00173141
54.2695	50.00127892
54.2995	50.00069941
54.3295	50.00013127
54.3595	49.99975721
54.3895	49.99972731
54.4195	50.00006247
54.4495	50.0006977
54.4795	50.0014696
54.5095	50.0021945
54.5395	50.00267111
54.5695	50.00275173
54.5995	50.00239848
54.6295	50.00172501
54.6595	50.0009125
54.6895	50.00019215
54.7195	49.99974449
54.7495	49.99975201
54.7795	50.00029028
54.8095	50.00128238
54.8395	50.00244172
54.8695	50.00334158
54.8995	50.00362828
54.9295	50.00317353
54.9595	50.00209783
54.9895	50.00073497
55.0195	49.99948085
55.0495	49.99871455
55.0795	49.9986444
55.1095	49.99926926
55.1395	50.00036332
55.1695	50.00159692
55.1995	50.00259399
55.2295	50.00309045
55.2595	50.00302517
55.2895	50.00254451
55.3195	50.00190277
55.3495	50.00139274
55.3795	50.00122559
55.4095	50.00151309
55.4395	50.00220481
55.4695	50.00314143
55.4995	50.00407688
55.5295	50.00478846
55.5595	50.00510639
55.5895	50.00500327
55.6195	50.00456697
55.6495	50.00395075
55.6795	50.00330449
55.7095	50.00279722
55.7395	50.0025278
55.7695	50.00252195
55.7995	50.00270582
55.8295	50.00296002
55.8595	50.00310598
55.8895	50.003014
55.9195	50.00262107
55.9495	50.00205285
55.9795	50.00152791
56.0095	50.00125889
56.0395	50.00137212
56.0695	50.00192022
56.0995	50.00280498
56.1295	50.00383055
56.1595	50.00468016
56.1895	50.00510079
56.2195	50.00496727
56.2495	50.004332
56.2795	50.00337577
56.3095	50.00238809
56.3395	50.00163622
56.3695	50.00130488
56.3995	50.0014246
56.4295	50.0019103
56.4595	50.00262484
56.4895	50.00339865
56.5195	50.00403562
56.5495	50.00442339
56.5795	50.00453125
56.6095	50.00443189
56.6395	50.00420599
56.6695	50.00390223
56.6995	50.00357162
56.7295	50.00328903
56.7595	50.00311447
56.7895	50.00314799
56.8195	50.00329841
56.8495	50.00356773
56.8795	50.00392953
56.9095	50.00434066
56.9395	50.00469223
56.9695	50.00483094
56.9995	50.0046549
57.0295	50.00418649
57.0595	50.00358374
57.0895	50.00306902
57.1195	50.00281519
57.1495	50.0029233
57.1795	50.00336586
57.2095	50.0040248
57.2395	50.00469155
57.2695	50.00514707
57.2995	50.00523101
57.3295	50.00492273
57.3595	50.004339
57.3895	50.00369876
57.4195	50.00321808
57.4495	50.0030887
57.4795	50.00338747
57.5095	50.0040675
57.5395	50.0049107
57.5695	50.00558361
57.5995	50.00579944
57.6295	50.0054482
57.6595	50.00465333
57.6895	50.00370242
57.7195	50.00290815
57.7495	50.00253119
57.7795	50.00267575
57.8095	50.00329183
57.8395	50.0041816
57.8695	50.00510451
57.8995	50.0058071
57.9295	50.00611722
57.9595	50.00591891
57.9895	50.0052565
58.0195	50.00430499
58.0495	50.00333143
58.0795	50.00258384
58.1095	50.00224306
58.1395	50.00234707
58.1695	50.00281357
58.1995	50.00343768
58.2295	50.00400033
58.2595	50.00439282
58.2895	50.00460104
58.3195	50.00465477
58.3495	50.0045956
58.3795	50.00445046
58.4095	50.00428431
58.4395	50.00415523
58.4695	50.00412264
58.4995	50.0042014
58.5295	50.00438964
58.5595	50.00467965
58.5895	50.00505489
58.6195	50.00545866
58.6495	50.00578899
58.6795	50.00592044
58.7095	50.00580628
58.7395	50.00546897
58.7695	50.00501783
58.7995	50.00458214
58.8295	50.00430686
58.8595	50.00422731
58.8895	50.00432735
58.9195	50.00453597
58.9495	50.00472229
58.9795	50.00472641
59.0095	50.00446275
59.0395	50.00396459
59.0695	50.00343866
59.0995	50.00308789
59.1295	50.00306741
59.1595	50.00342804
59.1895	50.00411487
59.2195	50.0049608
59.2495	50.00573351
59.2795	50.00619628
59.3095	50.00622912
59.3395	50.00584842
59.3695	50.00522814
59.3995	50.00460111
59.4295	50.00419805
59.4595	50.00411791
59.4895	50.00435482
59.5195	50.00479222
59.5495	50.00524258
59.5795	50.00549276
59.6095	50.00541079
59.6395	50.0049563
59.6695	50.0042042
59.6995	50.00330819
59.7295	50.00248719
59.7595	50.00201269
59.7895	50.0020732
59.8195	50.00266982
59.8495	50.00357733
59.8795	50.00441882
59.9095	50.00486209
59.9395	50.00468322
59.9695	50.00383381
59.9995	50.00246397
60.0295	50.00090569
60.0595	49.99961607
60.0895	49.99898509
60.1195	49.99917346
60.1495	50.00013311
60.1795	50.00159823
60.2095	50.0031649
60.2395	50.00440647
60.2695	50.00503419
60.2995	50.00495218
60.3295	50.00429038
60.3595	50.00328238
60.3895	50.00225536
60.4195	50.00151939
60.4495	50.00127097
60.4795	50.00152045
60.5095	50.00213195
60.5395	50.00287856
60.5695	50.00356787
60.5995	50.00402606
60.6295	50.00416157
60.6595	50.00393643
60.6895	50.00342632
60.7195	50.00278135
60.7495	50.0021473
60.7795	50.00161261
60.8095	50.00124134
60.8395	50.0010908
60.8695	50.00127701
60.8995	50.00180436
60.9295	50.00257183
60.9595	50.00334347
60.9895	50.00388669
61.0195	50.00403799
61.0495	50.00374217
61.0795	50.00305334
61.1095	50.00215652
61.1395	50.00131983
61.1695	50.00086559
61.1995	50.0009799
61.2295	50.0016697
61.2595	50.00272431
61.2895	50.00382922
61.3195	50.00465628
61.3495	50.00498987
61.3795	50.00477002
61.4095	50.00423241
61.4395	50.00333308
61.4695	50.00250374
61.4995	50.00195521
61.5295	50.0018188
61.5595	50.00209249
61.5895	50.00265878
61.6195	50.00330551
61.6495	50.00376225
61.6795	50.00378274
61.7095	50.00327545
61.7395	50.00234397
61.7695	50.00130178
61.7995	50.00048275
61.8295	50.00015045
61.8595	50.00041828
61.8895	50.00122123
61.9195	50.00232114
61.9495	50.00339992
61.9795	50.00414686
62.0095	50.00437466
62.0395	50.00401287
62.0695	50.00309203
62.0995	50.00180237
62.1295	50.00044915
62.1595	49.99932892
62.1895	49.99866013
62.2195	49.99850693
62.2495	49.99885438
62.2795	49.99958123
62.3095	50.00046009
62.3395	50.00121705
62.3695	50.0016358
62.3995	50.00160597
62.4295	50.00116786
62.4595	50.00046992
62.4895	49.99974158
62.5195	49.99920645
62.5495	49.99905427
62.5795	49.99936035
62.6095	50.00006162
62.6395	50.00096893
62.6695	50.00185021
62.6995	50.0024825
62.7295	50.00273605
62.7595	50.00259335
62.7895	50.0021683
62.8195	50.00165099
62.8495	50.00125836
62.8795	50.00115057
62.9095	50.00140032
62.9395	50.00195683
62.9695	50.00268051
62.9995	50.00337653
63.0295	50.00387925
63.0595	50.00411855
63.0895	50.00412645
63.1195	50.00399607
63.1495	50.00380017
63.1795	50.00357071
63.2095	50.0033563
63.2395	50.00321036
63.2695	50.0032102
63.2995	50.00337988
63.3295	50.00369934
63.3595	50.00410959
63.3895	50.00453678
63.4195	50.00489292
63.4495	50.00500633
63.4795	50.00469247
63.5095	50.00391446
63.5395	50.00283202
63.5695	50.00182252
63.5995	50.00122771
63.6295	50.0012453
63.6595	50.00180778
63.6895	50.00267159
63.7195	50.00350136
63.7495	50.00401016
63.7795	50.00402857
63.8095	50.0035544
63.8395	50.00276387
63.8695	50.00199914
63.8995	50.00157922
63.9295	50.00169898
63.9595	50.00229474
63.9895	50.0031437
64.0195	50.00394341
64.0495	50.00438324
64.0795	50.00423797
64.1095	50.00348077
64.1395	50.00228138
64.1695	50.00097229
64.1995	49.99990283
64.2295	49.9993479
64.2595	49.99944309
64.2895	50.00013268
64.3195	50.0011675
64.3495	50.00214248
64.3795	50.0026309
64.4095	50.00238074
64.4395	50.00142128
64.4695	50.00011073
64.4995	49.99890376
64.5295	49.99821033
64.5595	49.99824151
64.5895	49.99897635
64.6195	50.00016502
64.6495	50.00136859
64.6795	50.00210509
64.7095	50.00206279
64.7395	50.00117952
64.7695	49.99966838
64.7995	49.99792421
64.8295	49.99642246
64.8595	49.9956355
64.8895	49.99582675
64.9195	49.9969368
64.9495	49.99863199
64.9795	50.00040398
65.0095	50.00174543
65.0395	50.00225802
65.0695	50.0017455
65.0995	50.0003272
65.1295	49.99841886
65.1595	49.99663527
65.1895	49.99555418
65.2195	49.99550525
65.2495	49.9964844
65.2795	49.99815482
65.3095	49.999982
65.3395	50.00138767
65.3695	50.00193807
65.3995	50.00147515
65.4295	50.00017739
65.4595	49.99851508
65.4895	49.99707364
65.5195	49.99634129
65.5495	49.99657359
65.5795	49.99770817
65.6095	49.9994091
65.6395	50.00113024
65.6695	50.00226482
65.6995	50.00239996
65.7295	50.00147267
65.7595	49.99984252
65.7895	49.99810744
65.8195	49.99686913
65.8495	49.99653662
65.8795	49.9971973
65.9095	49.99863135
65.9395	50.00036363
65.9695	50.00181894
65.9995	50.0025215
66.0295	50.00225958
66.0595	50.00114892
66.0895	49.99958003
66.1195	49.99806656
66.1495	49.99710008
66.1795	49.99698204
66.2095	49.99774455
66.2395	49.9991149
66.2695	50.0006011
66.2995	50.00168366
66.3295	50.00201578
66.3595	50.00161863
66.3895	50.00078098
66.4195	49.9999113
66.4495	49.99938087
66.4795	49.99940544
66.5095	50.00002612
66.5395	50.00106856
66.5695	50.00219493
66.5995	50.00304433
66.6295	50.00335846
66.6595	50.00302265
66.6895	50.00212966
66.7195	50.00093915
66.7495	49.99985752
66.7795	49.99927851
66.8095	49.99943129
66.8395	50.00026789
66.8695	50.00146389
66.8995	50.00258326
66.9295	50.00324665
66.9595	50.0032883
66.9895	50.00276626
67.0195	50.00190476
67.0495	50.0009839
67.0795	50.00024919
67.1095	49.99988534
67.1395	49.99999901
67.1695	50.00065765
67.1995	50.00175644
67.2295	50.0030551
67.2595	50.0042037
67.2895	50.00490548
67.3195	50.00500555
67.3495	50.00448275
67.3795	50.00345509
67.4095	50.00220007
67.4395	50.00106155
67.4695	50.00036538
67.4995	50.0002823
67.5295	50.00081433
67.5595	50.00191154
67.5895	50.00339315
67.6195	50.00495589
67.6495	50.00622713
67.6795	50.00688682
67.7095	50.00682354
67.7395	50.00615773
67.7695	50.00521667
67.7995	50.00467321
67.8295	50.00424444
67.8595	50.00449259
67.8895	50.00537566
67.9195	50.00665845
67.9495	50.0079501
67.9795	50.00882925
68.0095	50.00902817
68.0395	50.00847814
68.0695	50.00731583
68.0995	50.00585581
68.1295	50.00451743
68.1595	50.0037641
68.1895	50.00389284
68.2195	50.00490313
68.2495	50.0064102
68.2795	50.00779508
68.3095	50.00850549
68.3395	50.00822468
68.3695	50.00698637
68.3995	50.00511764
68.4295	50.0031471
68.4595	50.00167358
68.4895	50.00114147
68.5195	50.00167713
68.5495	50.0030477
68.5795	50.00474118
68.6095	50.00616906
68.6395	50.00686819
68.6695	50.0066834
68.6995	50.00573924
68.7295	50.00439865
68.7595	50.0031257
68.7895	50.00235141
68.8195	50.00232793
68.8495	50.00304299
68.8795	50.00422766
68.9095	50.00548145
68.9395	50.00639599
68.9695	50.00670106
68.9995	50.00632166
69.0295	50.00541204
69.0595	50.00432218
69.0895	50.00346221
69.1195	50.00314634
69.1495	50.00342945
69.1795	50.00410822
69.2095	50.00486828
69.2395	50.00541181
69.2695	50.00560229
69.2995	50.00541789
69.3295	50.00494321
69.3595	50.00423624
69.3895	50.00340282
69.4195	50.00258064
69.4495	50.00195514
69.4795	50.00133464
69.5095	50.00155835
69.5395	50.00204519
69.5695	50.00266074
69.5995	50.00321717
69.6295	50.00355049
69.6595	50.00357341
69.6895	50.00330291
69.7195	50.00284121
69.7495	50.00238218
69.7795	50.00212974
69.8095	50.00221993
69.8395	50.00262811
69.8695	50.00314372
69.8995	50.00351905
69.9295	50.00358031
69.9595	50.00335557
69.9895	50.00299256
