0.0295	1.004961629
0.0595	1.004553835
0.0895	1.003557626
0.1195	1.002186621
0.1495	1.000764205
0.1795	0.99962451
0.2095	0.999108323
0.2395	0.999288656
0.2695	1.000142984
0.2995	1.001392492
0.3295	1.002789753
0.3595	1.003987622
0.3895	1.004706655
0.4195	1.004725082
0.4495	1.004126278
0.4795	1.003037559
0.5095	1.001793794
0.5395	1.00059686
0.5695	0.999773421
0.5995	0.99949964
0.6295	0.999917079
0.6595	1.000913082
0.6895	1.002254996
0.7195	1.00355959
0.7495	1.004620441
0.7795	1.005122752
0.8095	1.004975698
0.8395	1.00399612
0.8695	1.002424352
0.8995	1.000644998
0.9295	0.99921912
0.9595	0.998546268
0.9895	0.998839117
1.0195	0.998890088
1.0495	1.000602952
1.0795	1.002286353
1.1095	1.003654501
1.1395	1.004184073
1.1695	1.003706407
1.1995	1.002275045
1.2295	1.000326669
1.2595	0.998363317
1.2895	0.996954789
1.3195	0.996428741
1.3495	0.996957789
1.3795	0.998346315
1.4095	1.000260198
1.4395	1.002193608
1.4695	1.003693525
1.4995	1.004318089
1.5295	1.003948477
1.5595	1.002642476
1.5895	1.000802726
1.6195	0.998902269
1.6495	0.997597384
1.6795	0.997197533
1.7095	0.997849069
1.7395	0.999214103
1.7695	1.000925976
1.7995	1.002480049
1.8295	1.003488796
1.8595	1.003620592
1.8895	1.002890197
1.9195	1.001457522
1.9495	0.999762833
1.9795	0.998219229
2.0095	0.997284856
2.0395	0.997310423
2.0695	0.998378704
2.0995	1.000154333
2.1295	1.0022098
2.1595	1.00396369
2.1895	1.004995636
2.2195	1.004967352
2.2495	1.00378737
2.2795	1.001730851
2.3095	0.999396988
2.3395	0.997368015
2.3695	0.99622672
2.3995	0.996229167
2.4295	0.997415312
2.4595	0.999425463
2.4895	1.001755027
2.5195	1.003724061
2.5495	1.004795338
2.5795	1.004643021
2.6095	1.003356985
2.6395	1.001235364
2.6695	0.99888859
2.6995	0.996903696
2.7295	0.995852161
2.7595	0.995968259
2.7895	0.997250191
2.8195	0.99930144
2.8495	1.001609636
2.8795	1.003511048
2.9095	1.004539099
2.9395	1.004386236
2.9695	1.003143221
2.9995	1.001108825
3.0295	0.998842363
3.0595	0.996868971
3.0895	0.995753395
3.1195	0.995770293
3.1495	0.997079735
3.1795	0.99928591
3.2095	1.001830442
3.2395	1.003927121
3.2695	1.005036723
3.2995	1.004829967
3.3295	1.00339993
3.3595	1.001081797
3.3895	0.998542417
3.4195	0.996467815
3.4495	0.995684562
3.4795	0.996368579
3.5095	0.998367056
3.5395	1.000908809
3.5695	1.003282783
3.5995	1.004816196
3.6295	1.005195407
3.6595	1.004356644
3.6895	1.00257559
3.7195	1.000292794
3.7495	0.998129108
3.7795	0.996624679
3.8095	0.996216509
3.8395	0.996863668
3.8695	0.998385405
3.8995	1.002205967
3.9295	1.003754321
3.9595	1.005234658
3.9895	1.00601791
4.0195	1.005775462
4.0495	1.004704623
4.0795	1.003090464
4.1095	1.001442722
4.1395	1.000144053
4.1695	0.999579446
4.1995	0.999855694
4.2295	1.000902517
4.2595	1.002346757
4.2895	1.003839496
4.3195	1.004962253
4.3495	1.005587904
4.3795	1.005520047
4.4095	1.004825896
4.4395	1.003498435
4.4695	1.001884729
4.4995	1.000377174
4.5295	0.999433324
4.5595	0.999276977
4.5895	0.999983893
4.6195	1.00133808
4.6495	1.003136972
4.6795	1.004860631
4.7095	1.00609139
4.7395	1.00645927
4.7695	1.005913659
4.7995	1.004568141
4.8295	1.002749211
4.8595	1.00079706
4.8895	0.999274037
4.9195	0.998539893
4.9495	0.99881349
4.9795	0.999968633
5.0095	1.001727119
5.0395	1.003692026
5.0695	1.005417605
5.0995	1.006402538
5.1295	1.006371639
5.1595	1.005223218
5.1895	1.003311164
5.2195	1.001113067
5.2495	0.999268734
5.2795	0.998228382
5.3095	0.998302933
5.3395	0.99944491
5.3695	1.001385312
5.3995	1.003555361
5.4295	1.005372392
5.4595	1.006261227
5.4895	1.00602803
5.5195	1.004701668
5.5495	1.00157983
5.5795	0.998761513
5.6095	0.99674528
5.6395	0.995938856
5.6695	0.996491611
5.6995	0.998150325
5.7295	1.000404019
5.7595	1.002509332
5.7895	1.003946322
5.8195	1.004315512
5.8495	1.003608245
5.8795	1.001990657
5.9095	0.999937963
5.9395	0.998017791
5.9695	0.996795856
5.9995	0.99656096
6.0295	0.997382775
6.0595	0.998971498
6.0895	1.000928938
6.1195	1.002691371
6.1495	1.003809408
6.1795	1.003954925
6.2095	1.003132159
6.2395	1.001608358
6.2695	0.999858346
6.2995	0.998321801
6.3295	0.997338214
6.3595	0.996991458
6.3895	0.997400274
6.4195	0.998428268
6.4495	0.999905382
6.4795	1.001402247
6.5095	1.002552416
6.5395	1.003088447
6.5695	1.002931193
6.5995	1.002097117
6.6295	1.000873287
6.6595	0.999591258
6.6895	0.998631628
6.7195	0.998198422
6.7495	0.998326701
6.7795	0.998939959
6.8095	0.999903893
6.8395	1.002915347
6.8695	1.00359631
6.8995	1.004305801
6.9295	1.004562796
6.9595	1.004097654
6.9895	1.003074092
7.0195	1.001780478
7.0495	1.000727804
7.0795	1.00018359
7.1095	1.000333875
7.1395	1.000930477
7.1695	1.001785332
7.1995	1.002628016
7.2295	1.003308029
7.2595	1.003661838
7.2895	1.003632977
7.3195	1.00322067
7.3495	1.002707386
7.3795	1.002204238
7.4095	1.00188474
7.4395	1.001760853
7.4695	1.00188822
7.4995	1.002196438
7.5295	1.002513393
7.5595	1.002551122
7.5895	1.00233207
7.6195	1.001899919
7.6495	1.001525179
7.6795	1.001276357
7.7095	1.001252851
7.7395	1.001395556
7.7695	1.001688397
7.7995	1.00201419
7.8295	1.00232186
7.8595	1.00249712
7.8895	1.002526695
7.9195	1.002386519
7.9495	1.00225215
7.9795	1.00213017
8.0095	1.00208977
8.0395	1.002167656
8.0695	1.002399276
8.0995	1.002689067
8.1295	1.002906954
8.1595	1.002844131
8.1895	1.002551779
8.2195	1.002117808
8.2495	1.001921676
8.2795	1.001994667
8.3095	1.002353481
8.3395	1.002834748
8.3695	1.003333165
8.3995	1.003684569
8.4295	1.003778017
8.4595	1.003486591
8.4895	1.002924796
8.5195	1.002222201
8.5495	1.001654574
8.5795	1.001343652
8.6095	1.001404046
8.6395	1.000981204
8.6695	1.000948289
8.6995	1.001189589
8.7295	1.001508279
8.7595	1.001684586
8.7895	1.001652498
8.8195	1.001389505
8.8495	1.001053214
8.8795	1.000714981
8.9095	1.000500972
8.9395	1.000423609
8.9695	1.000526519
8.9995	1.00075103
9.0295	1.001029187
9.0595	1.001208465
9.0895	1.001268441
9.1195	1.001194587
9.1495	1.001202509
9.1795	1.001270445
9.2095	1.001409847
9.2395	1.001435209
9.2695	1.001327121
9.2995	1.001086559
9.3295	1.000898983
9.3595	1.00090905
9.3895	1.001144343
9.4195	1.001495295
9.4495	1.001796169
9.4795	1.001934296
9.5095	1.001901751
9.5395	1.001651988
9.5695	1.001271615
9.5995	1.000835385
9.6295	1.000479783
9.6595	1.00025959
9.6895	1.000259768
9.7195	1.000437929
9.7495	1.000708649
9.7795	1.000965656
9.8095	1.00116738
9.8395	1.001375382
9.8695	1.001612481
9.8995	1.001788403
9.9295	1.001798818
9.9595	1.001499844
9.9895	1.000998933
10.0195	0.978139454
10.0495	0.986717101
10.0795	0.992092143
10.1095	0.996918604
10.1395	1.002116525
10.1695	1.007521568
10.1995	1.012367104
10.2295	1.015900111
10.2595	1.017530173
10.2895	1.017001948
10.3195	1.014361113
10.3495	1.010092081
10.3795	1.004735818
10.4095	0.999015116
10.4395	0.993614025
10.4695	0.989233558
10.4995	0.986389335
10.5295	0.985419903
10.5595	0.986357814
10.5895	0.989088031
10.6195	0.993224926
10.6495	0.993886387
10.6795	0.999068204
10.7095	1.003753161
10.7395	1.007473838
10.7695	1.009806086
10.7995	1.010423446
10.8295	1.009256632
10.8595	1.006435134
10.8895	1.002341474
10.9195	0.997469692
10.9495	0.992389099
10.9795	0.987720131
11.0095	0.984066033
11.0395	0.981904751
11.0695	0.981527163
11.0995	0.982941416
11.1295	0.985993995
11.1595	0.990299028
11.1895	0.995318156
11.2195	1.000411198
11.2495	1.005052177
11.2795	1.00865267
11.3095	1.010793764
11.3395	1.011095747
11.3695	1.009522581
11.3995	1.006275293
11.4295	1.001919132
11.4595	0.997158308
11.4895	0.99261971
11.5195	0.988803144
11.5495	0.985901397
11.5795	0.984237808
11.6095	0.984025285
11.6395	0.985384014
11.6695	0.988186993
11.6995	0.992046166
11.7295	0.996467943
11.7595	1.000854671
11.7895	1.004673993
11.8195	1.007430841
11.8495	1.008779673
11.8795	1.008549349
11.9095	1.006806399
11.9395	1.003887912
11.9695	1.000233697
11.9995	0.996295804
12.0295	0.99247478
12.0595	0.989076573
12.0895	0.98653985
12.1195	0.985185167
12.1495	0.985343323
12.1795	0.986967884
12.2095	0.989855087
12.2395	0.993553914
12.2695	0.997587022
12.2995	1.001426036
12.3295	1.004649261
12.3595	1.006897505
12.3895	1.007919277
12.4195	1.007558257
12.4495	1.005750139
12.4795	1.00271338
12.5095	0.998858496
12.5395	0.994695258
12.5695	0.990779217
12.5995	0.987583265
12.6295	0.985505818
12.6595	0.984761183
12.6895	0.985443984
12.7195	0.987435844
12.7495	0.990499163
12.7795	0.994217736
12.8095	0.998131853
12.8395	1.001750235
12.8695	1.004645605
12.8995	1.006445957
12.9295	1.006951692
12.9595	1.006092862
12.9895	1.004009303
13.0195	1.000963677
13.0495	0.997390241
13.0795	0.993728644
13.1095	0.990458862
13.1395	0.988033636
13.1695	0.986788579
13.1995	0.986851931
13.2295	0.98814488
13.2595	0.990375046
13.2895	0.993265058
13.3195	0.996439124
13.3495	0.9995856
13.3795	1.002296062
13.4095	1.004252196
13.4395	1.005186757
13.4695	1.005006161
13.4995	1.003729301
13.5295	1.00158281
13.5595	0.998879756
13.5895	0.995984293
13.6195	0.993214951
13.6495	0.99076088
13.6795	0.993250027
13.7095	0.992340513
13.7395	0.992463741
13.7695	0.993460793
13.7995	0.995175609
13.8295	0.997440756
13.8595	1.000010229
13.8895	1.002584959
13.9195	1.004860732
13.9495	1.006679798
13.9795	1.007814138
14.0095	1.008136348
14.0395	1.007535371
14.0695	1.006080899
14.0995	1.003955706
14.1295	1.001435074
14.1595	0.998820709
14.1895	0.996450257
14.2195	0.994592793
14.2495	0.993395088
14.2795	0.992984872
14.3095	0.993411477
14.3395	0.994685531
14.3695	0.996673224
14.3995	0.999105398
14.4295	1.001673904
14.4595	1.004038544
14.4895	1.005912244
14.5195	1.007053506
14.5495	1.007323554
14.5795	1.006688166
14.6095	1.005246875
14.6395	1.00330578
14.6695	1.001167172
14.6995	0.99909461
14.7295	0.997348869
14.7595	0.996126472
14.7895	0.995585356
14.8195	0.99575106
14.8495	0.996456858
14.8795	0.997590888
14.9095	0.999012652
14.9395	1.000608373
14.9695	1.002210245
14.9995	1.003607722
15.0295	1.004632411
15.0595	1.005146822
15.0895	1.005100663
15.1195	1.004498636
15.1495	1.003435997
15.1795	1.002043382
15.2095	1.000509959
15.2395	0.999146319
15.2695	0.99817529
15.2995	0.997708473
15.3295	0.997740567
15.3595	0.998163122
15.3895	0.998926433
15.4195	0.99989577
15.4495	1.000813179
15.4795	1.00154686
15.5095	1.002012995
15.5395	1.002240195
15.5695	1.002242151
15.5995	1.002011804
15.6295	1.001637756
15.6595	1.001226731
15.6895	0.996630704
15.7195	0.995578359
15.7495	0.995107968
15.7795	0.995038307
15.8095	0.995204263
15.8395	0.995488121
15.8695	0.995830582
15.8995	0.996195961
15.9295	0.996548987
15.9595	0.996850194
15.9895	0.997068577
16.0195	0.997145809
16.0495	0.996896283
16.0795	0.996343279
16.1095	0.995558149
16.1395	0.99476111
16.1695	0.994094426
16.1995	0.993638999
16.2295	0.993425992
16.2595	0.993446238
16.2895	0.993694127
16.3195	0.994149926
16.3495	0.994837483
16.3795	0.995671342
16.4095	0.996547112
16.4395	0.9973876
16.4695	0.998100877
16.4995	0.998599505
16.5295	0.99876191
16.5595	0.998487077
16.5895	0.997813846
16.6195	0.996832091
16.6495	0.995679969
16.6795	0.994503671
16.7095	0.993452352
16.7395	0.992722107
16.7695	0.992424919
16.7995	0.992593151
16.8295	0.9932116
16.8595	0.994211301
16.8895	0.995463648
16.9195	0.996802064
16.9495	0.998022521
16.9795	0.998971371
17.0095	0.999533146
17.0395	0.999639521
17.0695	0.999282371
17.0995	0.998511827
17.1295	0.997422421
17.1595	0.996144238
17.1895	0.994840511
17.2195	0.993678219
17.2495	0.992818554
17.2795	0.992366975
17.3095	0.992375468
17.3395	0.99277764
17.3695	0.993497257
17.3995	0.99443901
17.4295	0.995594764
17.4595	0.996968439
17.4895	0.998388817
17.5195	0.999645877
17.5495	1.000405656
17.5795	1.000569956
17.6095	1.000125793
17.6395	0.999252508
17.6695	0.998106732
17.6995	0.99683692
17.7295	0.995573765
17.7595	0.994434077
17.7895	0.993560919
17.8195	0.993049038
17.8495	0.992890634
17.8795	0.993097873
17.9095	0.9936401
17.9395	0.994468479
17.9695	0.995483639
17.9995	0.996555199
18.0295	0.997562268
18.0595	0.998398239
18.0895	0.998960776
18.1195	0.999174783
18.1495	0.998975801
18.1795	0.998391226
18.2095	0.997499706
18.2395	0.996491854
18.2695	0.995522776
18.2995	0.994714706
18.3295	0.994181149
18.3595	0.994003861
18.3895	0.994203086
18.4195	0.994718452
18.4495	0.99530853
18.4795	0.995888699
18.5095	0.996384463
18.5395	0.99678807
18.5695	0.997068115
18.5995	0.997189664
18.6295	0.997190603
18.6595	0.997141399
18.6895	0.997050732
18.7195	0.996900925
18.7495	0.996547529
18.7795	0.996028067
18.8095	0.995407058
18.8395	0.994750285
18.8695	0.994134842
18.8995	0.993635355
18.9295	0.993348866
18.9595	0.993357288
18.9895	0.993655839
19.0195	0.994199793
19.0495	0.994901404
19.0795	0.995668722
19.1095	0.998145739
19.1395	0.998394526
19.1695	0.998670487
19.1995	0.998921126
19.2295	0.9990414
19.2595	0.998963082
19.2895	0.998662686
19.3195	0.998154313
19.3495	0.99739942
19.3795	0.996496984
19.4095	0.995559684
19.4395	0.994687242
19.4695	0.993976321
19.4995	0.993516442
19.5295	0.993409162
19.5595	0.993735653
19.5895	0.994446561
19.6195	0.995451604
19.6495	0.996617598
19.6795	0.997799652
19.7095	0.998845515
19.7395	0.999625885
19.7695	1.000041347
19.7995	1.000047678
19.8295	0.999611325
19.8595	0.998749968
19.8895	0.997571884
19.9195	0.996256327
19.9495	0.995100446
19.9795	0.994258846
20.0095	0.993831337
20.0395	0.993788176
20.0695	0.99409824
20.0995	0.994722113
20.1295	0.995560226
20.1595	0.996489315
20.1895	0.997386959
20.2195	0.9981404
20.2495	0.998636845
20.2795	0.99881864
20.3095	0.998663107
20.3395	0.998273107
20.3695	0.997723501
20.3995	0.99708898
20.4295	0.996455015
20.4595	0.995915832
20.4895	0.995535759
20.5195	0.995356746
20.5495	0.995350634
20.5795	0.995517734
20.6095	0.995833519
20.6395	0.99640588
20.6695	0.997208788
20.6995	0.998144422
20.7295	0.998955678
20.7595	0.999363835
20.7895	0.999316098
20.8195	0.998840705
20.8495	0.998079691
20.8795	0.997138802
20.9095	0.996136441
20.9395	0.995297546
20.9695	0.994756197
20.9995	0.994581804
21.0295	0.994722344
21.0595	0.995070261
21.0895	0.995574673
21.1195	0.996188222
21.1495	0.996910408
21.1795	0.997656913
21.2095	0.998330033
21.2395	0.998768365
21.2695	0.998887441
21.2995	0.998678791
21.3295	0.998234118
21.3595	0.997703329
21.3895	0.997152492
21.4195	0.995825542
21.4495	0.994849699
21.4795	0.994229703
21.5095	0.993887457
21.5395	0.993759633
21.5695	0.993799643
21.5995	0.993993715
21.6295	0.994301367
21.6595	0.994683916
21.6895	0.995089659
21.7195	0.995486611
21.7495	0.995870708
21.7795	0.996203545
21.8095	0.996438437
21.8395	0.996680633
21.8695	0.99693776
21.8995	0.997186904
21.9295	0.997280686
21.9595	0.997069126
21.9895	0.996573152
22.0195	0.995889558
22.0495	0.9952325
22.0795	0.994698958
22.1095	0.994347135
22.1395	0.994080316
22.1695	0.993871973
22.1995	0.993753756
22.2295	0.993764535
22.2595	0.993952652
22.2895	0.994284507
22.3195	0.994718732
22.3495	0.995167606
22.3795	0.995579569
22.4095	0.995896203
22.4395	0.996179814
22.4695	0.996420975
22.4995	0.996597682
22.5295	0.996622724
22.5595	0.996422978
22.5895	0.996017476
22.6195	0.995469855
22.6495	0.994864522
22.6795	0.994285847
22.7095	0.993799558
22.7395	0.993540695
22.7695	0.99355594
22.7995	0.99384789
22.8295	0.994426273
22.8595	0.995298779
22.8895	0.996348279
22.9195	0.997405276
22.9495	0.998088016
22.9795	0.99830973
23.0095	0.998037581
23.0395	0.997315955
23.0695	0.996231143
23.0995	0.994928692
23.1295	0.993619348
23.1595	0.992545525
23.1895	0.991832919
23.2195	0.991584084
23.2495	0.998128557
23.2795	0.998206294
23.3095	0.999159513
23.3395	1.000623569
23.3695	1.002230127
23.3995	1.003720438
23.4295	1.004872824
23.4595	1.005559581
23.4895	1.005700543
23.5195	1.005298467
23.5495	1.004341837
23.5795	1.002969986
23.6095	1.001346091
23.6395	0.999780958
23.6695	0.998488222
23.6995	0.997642887
23.7295	0.99731144
23.7595	0.997516128
23.7895	0.998211438
23.8195	0.999312
23.8495	1.000621811
23.8795	1.00198622
23.9095	1.00321856
23.9395	1.004180115
23.9695	1.004739104
23.9995	1.004844116
24.0295	1.004483364
24.0595	1.00373564
24.0895	1.00268565
24.1195	1.001486329
24.1495	1.000292504
24.1795	0.999269769
24.2095	0.998532559
24.2395	0.998250549
24.2695	0.998464268
24.2995	0.999156826
24.3295	1.000149095
24.3595	1.001228411
24.3895	1.00224284
24.4195	1.003081106
24.4495	1.003637997
24.4795	1.003860772
24.5095	1.003711049
24.5395	1.003228574
24.5695	1.002464647
24.5995	1.001531829
24.6295	1.000520958
24.6595	0.999554295
24.6895	0.998738145
24.7195	0.998186626
24.7495	0.997953553
24.7795	0.998077447
24.8095	0.998524292
24.8395	0.99926578
24.8695	1.000197473
24.8995	1.001212934
24.9295	1.002239544
24.9595	1.003255817
24.9895	1.004123174
25.0195	1.004750364
25.0495	1.005051763
25.0795	1.005008946
25.1095	1.00461756
25.1395	1.003786102
25.1695	1.00255508
25.1995	1.001096629
25.2295	0.999622036
25.2595	0.998382647
25.2895	0.997518691
25.3195	0.997115985
25.3495	0.997034719
25.3795	0.997283777
25.4095	0.997814121
25.4395	0.998802941
25.4695	1.00018947
25.4995	1.001808371
25.5295	1.003389659
25.5595	1.004680058
25.5895	1.005507591
25.6195	1.005781869
25.6495	1.005434355
25.6795	1.004527327
25.7095	1.003168418
25.7395	1.001608717
25.7695	1.00005568
25.7995	0.998718155
25.8295	0.997718291
25.8595	0.997149357
25.8895	0.997064594
25.9195	0.997510533
25.9495	0.998566912
25.9795	1.000115874
26.0095	1.001944418
26.0395	1.002111774
26.0695	1.003976071
26.0995	1.004909819
26.1295	1.00499995
26.1595	1.004396894
26.1895	1.003224216
26.2195	1.001686247
26.2495	1.000091371
26.2795	0.998653017
26.3095	0.997528796
26.3395	0.996795543
26.3695	0.996499708
26.3995	0.996689337
26.4295	0.997375173
26.4595	0.99855453
26.4895	1.000060413
26.5195	1.001695843
26.5495	1.003129451
26.5795	1.004193274
26.6095	1.0047426
26.6395	1.004764794
26.6695	1.004260671
26.6995	1.003314843
26.7295	1.002003649
26.7595	1.000466938
26.7895	0.998884724
26.8195	0.99749544
26.8495	0.998126389
26.8795	0.997268448
26.9095	0.997418125
26.9395	0.998104927
26.9695	0.998998697
26.9995	0.999943274
27.0295	1.000845275
27.0595	1.001690541
27.0895	1.002365587
27.1195	1.002826235
27.1495	1.00308568
27.1795	1.003135514
27.2095	1.002955559
27.2395	1.002618571
27.2695	1.002162622
27.2995	1.001664202
27.3295	1.001134238
27.3595	1.00060907
27.3895	1.000137182
27.4195	0.999802971
27.4495	0.999678019
27.4795	0.999795274
27.5095	1.000120162
27.5395	1.000563866
27.5695	1.001030211
27.5995	1.001476552
27.6295	1.001861085
27.6595	1.002194694
27.6895	1.002419798
27.7195	1.002514049
27.7495	1.002384666
27.7795	1.002063286
27.8095	1.001577207
27.8395	1.001173526
27.8695	1.000945348
27.8995	1.000937827
27.9295	1.001059808
27.9595	1.001211773
27.9895	1.00135737
28.0195	1.001497155
28.0495	1.001609996
28.0795	1.001699167
28.1095	1.001737575
28.1395	1.001737637
28.1695	1.001683637
28.1995	1.001599312
28.2295	1.001537703
28.2595	1.001601197
28.2895	1.001766766
28.3195	1.002006465
28.3495	1.002144537
28.3795	1.002174785
28.4095	1.002077854
28.4395	1.001906691
28.4695	1.001675668
28.4995	1.001430477
28.5295	1.001111586
28.5595	1.000675429
28.5895	1.000159087
28.6195	0.99964076
28.6495	0.999162266
28.6795	0.99879634
28.7095	0.998570604
28.7395	0.998623587
28.7695	0.99896245
28.7995	0.999555965
28.8295	1.000397293
28.8595	1.001510668
28.8895	1.002740511
28.9195	1.0039148
28.9495	1.004688321
28.9795	1.004975219
29.0095	1.004728754
29.0395	1.004070006
29.0695	1.003094947
29.0995	1.001945565
29.1295	1.000744257
29.1595	0.999646564
29.1895	0.998774298
29.2195	0.998242905
29.2495	0.998059519
29.2795	0.998256305
29.3095	0.998788787
29.3395	0.999657262
29.3695	1.000752915
29.3995	1.001950838
29.4295	1.003006077
29.4595	1.003697923
29.4895	1.003925713
29.5195	1.003715122
29.5495	1.003273257
29.5795	1.002683558
29.6095	1.002008222
29.6395	1.001279027
29.6695	1.000549341
29.6995	0.999926544
29.7295	0.999478316
29.7595	0.999281412
29.7895	0.999342897
29.8195	0.999640812
29.8495	0.999978429
29.8795	1.000318972
29.9095	1.000604149
29.9395	1.000994488
29.9695	1.001488323
29.9995	1.002037639
30.0295	1.002501774
30.0595	1.002762447
30.0895	1.002773604
30.1195	1.002561154
30.1495	1.002193925
30.1795	1.001737503
30.2095	1.001234649
30.2395	1.000650311
30.2695	1.000003622
30.2995	0.999389759
30.3295	0.998918484
30.3595	0.998726586
30.3895	0.998820468
30.4195	0.99919828
30.4495	0.999789208
30.4795	1.000530282
30.5095	1.001311779
30.5395	1.002052229
30.5695	1.002645487
30.5995	1.003032887
30.6295	1.003066615
30.6595	1.002643394
30.6895	1.00180344
30.7195	1.000690942
30.7495	0.999554506
30.7795	0.998556201
30.8095	0.997806838
30.8395	0.997490499
30.8695	0.997655704
30.8995	0.9982908
30.9295	0.999262568
30.9595	1.000413263
30.9895	1.001581433
31.0195	1.002634962
31.0495	1.003435233
31.0795	1.003898772
31.1095	1.003955818
31.1395	1.003529678
31.1695	1.002633646
31.1995	1.001397937
31.2295	1.000063804
31.2595	0.998943971
31.2895	0.998165318
31.3195	0.997819775
31.3495	0.997839098
31.3795	0.99822587
31.4095	0.998912551
31.4395	0.999815092
31.4695	1.000800735
31.4995	1.00175776
31.5295	1.002563104
31.5595	1.003145271
31.5895	1.003420206
31.6195	1.003385493
31.6495	1.003116149
31.6795	1.002667339
31.7095	1.002085831
31.7395	1.00144383
31.7695	1.00080471
31.7995	1.000263608
31.8295	0.999862579
31.8595	0.99964776
31.8895	0.99963131
31.9195	0.999814808
31.9495	1.000094899
31.9795	1.000445002
32.0095	1.000805298
32.0395	1.001091044
32.0695	1.001234593
32.0995	1.001231116
32.1295	1.001139585
32.1595	1.001080547
32.1895	1.001049323
32.2195	1.0010465
32.2495	1.00096864
32.2795	1.000834499
32.3095	1.000646915
32.3395	1.000416346
32.3695	1.000149161
32.3995	0.99989101
32.4295	0.999704962
32.4595	0.99968571
32.4895	0.999821522
32.5195	1.000083215
32.5495	1.000297958
32.5795	1.000444388
32.6095	1.000348037
32.6395	1.000042658
32.6695	1.000051844
32.6995	1.000344342
32.7295	1.000750784
32.7595	1.001127055
32.7895	1.001380747
32.8195	1.001482592
32.8495	1.001379369
32.8795	1.001104579
32.9095	1.000683342
32.9395	1.000199805
32.9695	0.999705802
32.9995	0.99927906
33.0295	0.998998048
33.0595	0.998965934
33.0895	0.999171141
33.1195	0.999596853
33.1495	1.000146916
33.1795	1.000765669
33.2095	1.001360435
33.2395	1.001837972
33.2695	1.002113696
33.2995	1.002170697
33.3295	1.001972205
33.3595	1.001536874
33.3895	1.000907287
33.4195	1.000182378
33.4495	0.999456743
33.4795	0.998837087
33.5095	0.998386204
33.5395	0.998189669
33.5695	0.998260887
33.5995	0.998602582
33.6295	0.999135487
33.6595	0.999779145
33.6895	1.000436668
33.7195	1.001060761
33.7495	1.001674574
33.7795	1.002222288
33.8095	1.002622884
33.8395	1.00275491
33.8695	1.002560813
33.8995	1.002083398
33.9295	1.001347702
33.9595	1.00043035
33.9895	0.999433671
34.0195	0.998527213
34.0495	0.99797161
34.0795	0.997856089
34.1095	0.998177973
34.1395	0.998817211
34.1695	0.999645517
34.1995	1.000571084
34.2295	1.001442179
34.2595	1.002135829
34.2895	1.002552429
34.3195	1.002651606
34.3495	1.002387078
34.3795	1.001807976
34.4095	1.00097635
34.4395	1.000035128
34.4695	0.999097623
34.4995	0.998294719
34.5295	0.997676999
34.5595	0.997286068
34.5895	0.997153096
34.6195	0.997314265
34.6495	0.997788285
34.6795	0.998527205
34.7095	0.999420478
34.7395	1.000312596
34.7695	1.001058051
34.7995	1.001576714
34.8295	1.001832376
34.8595	1.001863036
34.8895	1.001654355
34.9195	1.001265719
34.9495	1.000827742
34.9795	1.000414958
35.0095	1.000066164
35.0395	0.999709189
35.0695	0.999330924
35.0995	0.98779356
35.1295	0.987829854
35.1595	0.987985027
35.1895	0.98811184
35.2195	0.988256808
35.2495	0.98854452
35.2795	0.989006214
35.3095	0.989591448
35.3395	0.990371123
35.3695	0.991270799
35.3995	0.992193423
35.4295	0.99286291
35.4595	0.993024956
35.4895	0.992644152
35.5195	0.991809967
35.5495	0.990720691
35.5795	0.989538553
35.6095	0.98839627
35.6395	0.987430866
35.6695	0.986736043
35.6995	0.986413023
35.7295	0.986529253
35.7595	0.98714748
35.7895	0.988168427
35.8195	0.989467729
35.8495	0.990811532
35.8795	0.992045372
35.9095	0.992996389
35.9395	0.993431814
35.9695	0.993238071
35.9995	0.992461696
36.0295	0.99130328
36.0595	0.990083005
36.0895	0.988940577
36.1195	0.988029583
36.1495	0.987405078
36.1795	0.987158093
36.2095	0.987299884
36.2395	0.987864785
36.2695	0.988775076
36.2995	0.989930328
36.3295	0.991171733
36.3595	0.99236631
36.3895	0.99334976
36.4195	0.993984414
36.4495	0.993992686
36.4795	0.993387284
36.5095	0.992233389
36.5395	0.990785648
36.5695	0.989243036
36.5995	0.987816506
36.6295	0.986647504
36.6595	0.985869197
36.6895	0.985558063
36.7195	0.985770576
36.7495	0.986495389
36.7795	0.987653112
36.8095	0.989076631
36.8395	0.990577476
36.8695	0.991941865
36.8995	0.993015587
36.9295	0.993671945
36.9595	0.993877549
36.9895	0.993596293
37.0195	0.992904461
37.0495	0.991980303
37.0795	0.990965348
37.1095	0.989974028
37.1395	0.98906303
37.1695	0.988301721
37.1995	0.987800941
37.2295	0.987630455
37.2595	0.987857584
37.2895	0.988434836
37.3195	0.989285316
37.3495	0.990192763
37.3795	0.991053421
37.4095	0.991743648
37.4395	0.99223638
37.4695	0.992471208
37.4995	0.992437229
37.5295	0.992135091
37.5595	0.991633116
37.5895	0.990982073
37.6195	0.990299993
37.6495	0.989756637
37.6795	0.989441026
37.7095	0.989376919
37.7395	0.989514944
37.7695	0.989796614
37.7995	0.990201428
37.8295	0.99067087
37.8595	0.991172062
37.8895	0.991627536
37.9195	0.991963228
37.9495	0.991944106
37.9795	0.991581561
38.0095	0.990909709
38.0395	0.990229351
38.0695	0.989680677
38.0995	0.989347131
38.1295	0.989179948
38.1595	0.98911425
38.1895	0.989140987
38.2195	0.989262156
38.2495	0.989404157
38.2795	0.989560365
38.3095	0.9896968
38.3395	0.98998336
38.3695	0.990428214
38.3995	0.990989531
38.4295	0.991510474
38.4595	0.991846002
38.4895	0.991940413
38.5195	0.991798917
38.5495	0.991427241
38.5795	0.990888968
38.6095	0.990237689
38.6395	0.989517978
38.6695	0.988786936
38.6995	0.988149712
38.7295	0.987640654
38.7595	0.987296683
38.7895	0.987141603
38.8195	0.987226587
38.8495	0.9876402
38.8795	0.988345778
38.9095	0.989236568
38.9395	0.990192685
38.9695	0.991071338
38.9995	0.991776718
39.0295	0.992147432
39.0595	0.99207392
39.0895	0.991552957
39.1195	0.990697694
39.1495	0.989769764
39.1795	0.988908741
39.2095	0.988208077
39.2395	0.987684793
39.2695	0.987358872
39.2995	0.987282382
39.3295	0.987469937
39.3595	0.987938836
39.3895	0.988612369
39.4195	0.989409436
39.4495	0.990173445
39.4795	0.990819723
39.5095	0.991251867
39.5395	0.991352057
39.5695	0.991068121
39.5995	0.990451626
39.6295	0.989647496
39.6595	0.988878151
39.6895	0.988226868
39.7195	0.987780607
39.7495	0.987538264
39.7795	0.987539337
39.8095	0.98776637
39.8395	0.988198352
39.8695	0.988763293
39.8995	0.98940171
39.9295	0.990046264
39.9595	0.99066662
39.9895	0.991172193
40.0195	1.009123931
40.0495	1.001804652
40.0795	0.994624448
40.1095	0.986981951
40.1395	0.979864492
40.1695	0.974927925
40.1995	0.97361397
40.2295	0.976451442
40.2595	0.982833657
40.2895	0.991071891
40.3195	0.998978857
40.3495	1.004431565
40.3795	1.006005052
40.4095	1.003291531
40.4395	0.996978422
40.4695	0.988735804
40.4995	0.980799942
40.5295	0.975301052
40.5595	0.973731512
40.5895	0.976468839
40.6195	0.982766857
40.6495	0.990971234
40.6795	0.998884369
40.7095	1.008721972
40.7395	1.009724011
40.7695	1.006929748
40.7995	1.000832814
40.8295	0.988450746
40.8595	0.981103234
40.8895	0.976132774
40.9195	0.974851876
40.9495	0.977643321
40.9795	0.986553927
41.0095	0.995036901
41.0395	1.002744482
41.0695	1.007712884
41.0995	1.008792603
41.1295	1.005712896
41.1595	0.999279824
41.1895	0.991215456
41.2195	0.983729817
41.2495	0.978947514
41.2795	0.978156357
41.3095	0.981514418
41.3395	0.988119636
41.3695	0.996155087
41.3995	1.003473993
41.4295	1.008121746
41.4595	1.008919218
41.4895	1.005665388
41.5195	0.999280157
41.5495	0.991489062
41.5795	0.984411597
41.6095	0.979926945
41.6395	0.979238405
41.6695	0.982479697
41.6995	0.98876273
41.7295	0.996343521
41.7595	1.003185302
41.7895	1.007447888
41.8195	1.00802321
41.8495	1.004704702
41.8795	0.998420806
41.9095	0.990852808
41.9395	0.984077482
41.9695	0.979898262
41.9995	0.979437633
42.0295	0.982786652
42.0595	0.989051862
42.0895	0.996505619
42.1195	1.002840386
42.1495	1.006458429
42.1795	1.006647896
42.2095	1.003265751
42.2395	0.997167058
42.2695	0.989928768
42.2995	0.983492927
42.3295	0.979561539
42.3595	0.979191793
42.3895	0.982442499
42.4195	0.98843174
42.4495	0.995532977
42.4795	1.001853376
42.5095	1.005695836
42.5395	1.006060057
42.5695	1.002856018
42.5995	0.996983022
42.6295	0.990010542
42.6595	0.983826846
42.6895	0.980073005
42.7195	0.979752595
42.7495	0.982880607
42.7795	0.988600157
42.8095	0.995334505
42.8395	1.001214911
42.8695	1.00463495
42.8995	1.00471749
42.9295	1.001543234
42.9595	0.996125687
42.9895	0.98991787
43.0195	0.98460702
43.0495	0.981587197
43.0795	0.981670398
43.1095	0.984794008
43.1395	0.990096047
43.1695	0.996115039
43.1995	1.001250187
43.2295	1.004092496
43.2595	1.003879368
43.2895	1.000675769
43.3195	0.995385007
43.3495	0.989471412
43.3795	0.98454553
43.4095	0.981910169
43.4395	0.982303728
43.4695	0.985591324
43.4995	0.990880773
43.5295	0.996691679
43.5595	1.001441419
43.5895	1.003854045
43.6195	1.003300826
43.6495	0.999833899
43.6795	0.994409805
43.7095	0.988478453
43.7395	0.983764123
43.7695	0.981549716
43.7995	0.98242614
43.8295	0.986052837
43.8595	0.991360886
43.8895	0.996892967
43.9195	1.001181951
43.9495	1.003091584
43.9795	1.002145257
44.0095	0.998601092
44.0395	0.993475843
44.0695	0.988150431
44.0995	0.98406979
44.1295	0.982293434
44.1595	0.983278667
44.1895	0.986720184
44.2195	0.991694022
44.2495	0.996883455
44.2795	1.000914084
44.3095	1.002702632
44.3395	1.001745884
44.3695	0.998284198
44.3995	0.99327564
44.4295	0.98810898
44.4595	0.984255732
44.4895	0.982728044
44.5195	0.983933934
44.5495	0.987513599
44.5795	0.992500292
44.6095	0.997529189
44.6395	1.001178539
44.6695	1.002437805
44.6995	1.001003915
44.7295	0.997303297
44.7595	0.992407938
44.7895	0.987625156
44.8195	0.984260478
44.8495	0.983230118
44.8795	0.984809856
44.9095	0.988540101
44.9395	0.993424248
44.9695	0.998132864
44.9995	1.001423558
45.0295	1.0024609
45.0595	1.001062321
45.0895	0.997610216
45.1195	0.993042485
45.1495	0.988477733
45.1795	0.985152318
45.2095	0.983938804
45.2395	0.985287344
45.2695	0.988846659
45.2995	0.993658961
45.3295	0.998319968
45.3595	1.001476572
45.3895	1.002282805
45.4195	1.000559075
45.4495	0.996788638
45.4795	0.992010741
45.5095	0.987497398
45.5395	0.984303978
45.5695	0.983201944
45.5995	0.984479672
45.6295	0.98790913
45.6595	0.992768105
45.6895	0.99772883
45.7195	1.001449281
45.7495	1.002784276
45.7795	1.001401349
45.8095	0.997674732
45.8395	0.994161897
45.8695	0.989319308
45.8995	0.985575191
45.9295	0.984131529
45.9595	0.985418866
45.9895	0.989022973
46.0195	0.993934243
46.0495	0.998808395
46.0795	1.002342199
46.1095	1.003579535
46.1395	1.002031277
46.1695	0.998048333
46.1995	0.992726248
46.2295	0.987604955
46.2595	0.984234176
46.2895	0.983492696
46.3195	0.985554615
46.3495	0.98972813
46.3795	0.994881495
46.4095	0.999607847
46.4395	1.002715862
46.4695	1.003392852
46.4995	1.001491827
46.5295	0.997494105
46.5595	0.992457406
46.5895	0.987724309
46.6195	0.984569918
46.6495	0.983772504
46.6795	0.985537763
46.7095	0.989351737
46.7395	0.994168234
46.7695	0.998664511
46.7995	1.001652467
46.8295	1.002336841
46.8595	1.000575872
46.8895	0.996843544
46.9195	0.992167512
46.9495	0.987794387
46.9795	0.98215324
47.0095	0.980875233
47.0395	0.98223508
47.0695	0.985668936
47.0995	0.994594506
47.1295	0.998548799
47.1595	1.001095758
47.1895	1.001612684
47.2195	0.999975018
47.2495	0.996753312
47.2795	0.990035902
47.3095	0.98578365
47.3395	0.983027568
47.3695	0.98233226
47.3995	0.98373272
47.4295	0.986744642
47.4595	0.990480713
47.4895	0.996703728
47.5195	0.999568546
47.5495	1.000370939
47.5795	0.999049596
47.6095	0.99612428
47.6395	0.988028585
47.6695	0.985010046
47.6995	0.983242971
47.7295	0.983119922
47.7595	0.984652836
47.7895	0.987472812
47.8195	0.995343507
47.8495	0.99826755
47.8795	1.000084853
47.9095	1.000386634
47.9395	0.999134568
47.9695	0.996667042
47.9995	0.993607806
48.0295	0.990715233
48.0595	0.988662002
48.0895	0.988008208
48.1195	0.988905416
48.1495	0.991095786
48.1795	0.993968395
48.2095	0.996761423
48.2395	0.998756565
48.2695	0.999454615
48.2995	0.998667263
48.3295	0.996636657
48.3595	0.993912534
48.3895	0.991244059
48.4195	0.989317603
48.4495	0.988566214
48.4795	0.989163294
48.5095	0.990948496
48.5395	0.99349858
48.5695	0.996163275
48.5995	0.998214596
48.6295	0.999098788
48.6595	0.99854627
48.6895	0.996727278
48.7195	0.99413581
48.7495	0.991542343
48.7795	0.989632624
48.8095	0.988924504
48.8395	0.989470286
48.8695	0.99108222
48.8995	0.993303127
48.9295	0.995643129
48.9595	0.997596081
48.9895	0.998655801
49.0195	0.998516519
49.0495	0.997142997
49.0795	0.99489449
49.1095	0.992391733
49.1395	0.990378428
49.1695	0.989432873
49.1995	0.989788618
49.2295	0.991290695
49.2595	0.993431892
49.2895	0.995642418
49.3195	0.997304141
49.3495	0.997926998
49.3795	0.99733457
49.4095	0.995704522
49.4395	0.993540409
49.4695	0.991462542
49.4995	0.990014191
49.5295	0.989562992
49.5595	0.990172723
49.5895	0.991680547
49.6195	0.993647526
49.6495	0.995483333
49.6795	0.996678824
49.7095	0.996928339
49.7395	0.996226721
49.7695	0.994803581
49.7995	0.993032838
49.8295	0.991399243
49.8595	0.990322768
49.8895	0.990098906
49.9195	0.990781939
49.9495	0.992263339
49.9795	0.994132199
50.0095	0.995896986
50.0395	0.997010782
50.0695	0.997170229
50.0995	0.996329422
50.1295	0.994718884
50.1595	0.992745404
50.1895	0.990952289
50.2195	0.989826243
50.2495	0.989774397
50.2795	0.990797615
50.3095	0.992626208
50.3395	0.994698937
50.3695	0.996452157
50.3995	0.997409435
50.4295	0.997369289
50.4595	0.996388391
50.4895	0.994751543
50.5195	0.99289198
50.5495	0.991311522
50.5795	0.990423043
50.6095	0.990473051
50.6395	0.99140432
50.6695	0.99296338
50.6995	0.994717809
50.7295	0.996192241
50.7595	0.996962319
50.7895	0.996839705
50.8195	0.995872058
50.8495	0.994431696
50.8795	0.992904834
50.9095	0.991714856
50.9395	0.991076036
50.9695	0.99113443
50.9995	0.991858277
51.0295	0.993090945
51.0595	0.99452977
51.0895	0.995799682
51.1195	0.99654455
51.1495	0.996541049
51.1795	0.995783453
51.2095	0.994492331
51.2395	0.993075599
51.2695	0.99195003
51.2995	0.991405616
51.3295	0.991564147
51.3595	0.992325013
51.3895	0.993489426
51.4195	0.994714806
51.4495	0.995597992
51.4795	0.995887928
51.5095	0.99552075
51.5395	0.994691594
51.5695	0.993672693
51.5995	0.992727368
51.6295	0.992134884
51.6595	0.992062246
51.6895	0.9925358
51.7195	0.993370574
51.7495	0.994120245
51.7795	0.99455807
51.8095	0.994575633
51.8395	0.994328149
51.8695	0.993952593
51.8995	0.993538571
51.9295	0.993244531
51.9595	0.993188198
51.9895	0.993394539
52.0195	0.993778656
52.0495	0.994150645
52.0795	0.994394771
52.1095	0.994455602
52.1395	0.994340662
52.1695	0.994103656
52.1995	0.993798269
52.2295	0.993473453
52.2595	0.993147349
52.2895	0.992915171
52.3195	0.992837271
52.3495	0.993001245
52.3795	0.9933531
52.4095	0.993807191
52.4395	0.994252923
52.4695	0.994588902
52.4995	0.994716013
52.5295	0.994603139
52.5595	0.994260475
52.5895	0.993791725
52.6195	0.993305946
52.6495	0.992902949
52.6795	0.992677417
52.7095	0.992698292
52.7395	0.993010195
52.7695	0.993559567
52.7995	0.994188019
52.8295	0.994758164
52.8595	0.99513702
52.8895	0.995236853
52.9195	0.995012733
52.9495	0.994471172
52.9795	0.993747473
53.0095	0.993046914
53.0395	0.992534379
53.0695	0.992351147
53.0995	0.992534137
53.1295	0.993015169
53.1595	0.993618029
53.1895	0.994188709
53.2195	0.994582302
53.2495	0.994801738
53.2795	0.99478597
53.3095	0.994551463
53.3395	0.994061624
53.3695	0.993426679
53.3995	0.992807876
53.4295	0.992434131
53.4595	0.992466593
53.4895	0.992904493
53.5195	0.993637898
53.5495	0.994579735
53.5795	0.995474814
53.6095	0.996094536
53.6395	0.99606501
53.6695	0.995337377
53.6995	0.994101895
53.7295	0.992683488
53.7595	0.991428076
53.7895	0.990677513
53.8195	0.990622932
53.8495	0.991312521
53.8795	0.992545239
53.9095	0.993993595
53.9395	0.995258031
53.9695	0.996009475
53.9995	0.996039889
54.0295	0.995438924
54.0595	0.994475638
54.0895	0.993423094
54.1195	0.992546985
54.1495	0.992037597
54.1795	0.99201781
54.2095	0.992499228
54.2395	0.99336813
54.2695	0.994408676
54.2995	0.995332908
54.3295	0.995880185
54.3595	0.995866096
54.3895	0.990969729
54.4195	0.990658667
54.4495	0.989699498
54.4795	0.988644332
54.5095	0.987944114
54.5395	0.987811115
54.5695	0.988285513
54.5995	0.989199008
54.6295	0.990311534
54.6595	0.991310834
54.6895	0.991942125
54.7195	0.992034446
54.7495	0.99164497
54.7795	0.990871068
54.8095	0.989939814
54.8395	0.989011807
54.8695	0.988324631
54.8995	0.988044427
54.9295	0.988289796
54.9595	0.98901743
54.9895	0.990044171
55.0195	0.99105532
55.0495	0.991679909
55.0795	0.991730536
55.1095	0.99121227
55.1395	0.990358824
55.1695	0.98945448
55.1995	0.988726845
55.2295	0.988366584
55.2595	0.988427173
55.2895	0.988903932
55.3195	0.989642819
55.3495	0.990419652
55.3795	0.991007702
55.4095	0.991265198
55.4395	0.991143529
55.4695	0.990704868
55.4995	0.990053836
55.5295	0.98935881
55.5595	0.988760586
55.5895	0.988432598
55.6195	0.988428978
55.6495	0.988679218
55.6795	0.989092286
55.7095	0.989570755
55.7395	0.990181664
55.7695	0.990851023
55.7995	0.991386133
55.8295	0.991618241
55.8595	0.991416357
55.8895	0.990854005
55.9195	0.990084362
55.9495	0.989400747
55.9795	0.988977144
56.0095	0.988941644
56.0395	0.98920313
56.0695	0.989674789
56.0995	0.990214494
56.1295	0.990755721
56.1595	0.991225227
56.1895	0.991515642
56.2195	0.991527168
56.2495	0.991213171
56.2795	0.99064439
56.3095	0.989989665
56.3395	0.989337746
56.3695	0.988851609
56.3995	0.988645299
56.4295	0.988810222
56.4595	0.989317311
56.4895	0.990042158
56.5195	0.990749547
56.5495	0.991132748
56.5795	0.991068098
56.6095	0.99058873
56.6395	0.989939764
56.6695	0.989355704
56.6995	0.98897813
56.7295	0.98887503
56.7595	0.98899594
56.7895	0.989318787
56.8195	0.989733702
56.8495	0.990109942
56.8795	0.990328974
56.9095	0.990346452
56.9395	0.990259832
56.9695	0.990147857
56.9995	0.99002703
57.0295	0.98991171
57.0595	0.989775507
57.0895	0.989668331
57.1195	0.989628667
57.1495	0.989809704
57.1795	0.990155886
57.2095	0.990587833
57.2395	0.990822389
57.2695	0.990757294
57.2995	0.990397753
57.3295	0.989871764
57.3595	0.989329277
57.3895	0.988928625
57.4195	0.988772775
57.4495	0.988974391
57.4795	0.989466297
57.5095	0.990130618
57.5395	0.990891584
57.5695	0.991601794
57.5995	0.992061294
57.6295	0.992109155
57.6595	0.991649063
57.6895	1.000922143
57.7195	0.999715207
57.7495	0.998776647
57.7795	0.998138674
57.8095	0.997933975
57.8395	0.998319077
57.8695	0.999271
57.8995	1.000533765
57.9295	1.00179573
57.9595	1.002704201
57.9895	1.003038004
58.0195	1.002691642
58.0495	1.00176693
58.0795	1.000497572
58.1095	0.999244763
58.1395	0.998336581
58.1695	0.998035685
58.1995	0.998400649
58.2295	0.999266292
58.2595	1.000270836
58.2895	1.001157758
58.3195	1.001667423
58.3495	1.001670068
58.3795	1.001147575
58.4095	1.000259284
58.4395	0.999300699
58.4695	0.998571277
58.4995	0.99824573
58.5295	0.998394377
58.5595	0.9989147
58.5895	0.999678758
58.6195	1.000468094
58.6495	1.001128982
58.6795	1.001468924
58.7095	1.001416409
58.7395	1.001015984
58.7695	1.000410717
58.7995	0.999747615
58.8295	0.99924968
58.8595	0.99906956
58.8895	0.999271913
58.9195	0.999762944
58.9495	1.00031397
58.9795	1.000753785
59.0095	1.00112425
59.0395	1.001447942
59.0695	1.001266289
59.0995	1.000699206
59.1295	1.00014997
59.1595	0.99998863
59.1895	1.000306872
59.2195	1.000976727
59.2495	1.001677564
59.2795	1.002190177
59.3095	1.002394867
59.3395	1.002304394
59.3695	1.001995693
59.3995	1.001536437
59.4295	1.00100786
59.4595	1.000448518
59.4895	1.000026974
59.5195	0.999860456
59.5495	1.000140585
59.5795	1.00077845
59.6095	1.001620591
59.6395	1.002323858
59.6695	1.002685396
59.6995	1.00259266
59.7295	1.002066705
59.7595	1.001197859
59.7895	1.000238673
59.8195	0.999447379
59.8495	0.999160817
59.8795	0.999439391
59.9095	1.000222455
59.9395	1.001183939
59.9695	1.002049174
59.9995	1.002567593
60.0295	1.002664316
60.0595	1.002356776
60.0895	1.001749573
60.1195	1.000975755
60.1495	1.000186936
60.1795	0.999571644
60.2095	0.999310097
60.2395	0.999461811
60.2695	1.000003801
60.2995	1.00076826
60.3295	1.001607198
60.3595	1.002332597
60.3895	1.002770145
60.4195	1.002804922
60.4495	1.002540567
60.4795	1.002039698
60.5095	1.001459781
60.5395	1.000926597
60.5695	1.000597938
60.5995	1.000545148
60.6295	0.996263448
60.6595	0.9960321
60.6895	0.996110995
60.7195	0.996328104
60.7495	0.996442228
60.7795	0.99632848
60.8095	0.995993537
60.8395	0.995517649
60.8695	0.995045807
60.8995	0.994699166
60.9295	0.994586547
60.9595	0.994731065
60.9895	0.995101876
61.0195	0.995585505
61.0495	0.996056979
61.0795	0.996378074
61.1095	0.996472149
61.1395	0.996252136
61.1695	0.995769438
61.1995	0.995142974
61.2295	0.994603576
61.2595	0.994355324
61.2895	0.99447287
61.3195	0.994911995
61.3495	0.995565449
61.3795	0.996246317
61.4095	0.996781821
61.4395	0.996993531
61.4695	0.9968281
61.4995	0.996322523
61.5295	0.995639723
61.5595	0.994973917
61.5895	0.994513968
61.6195	0.994375914
61.6495	0.99462612
61.6795	0.995186141
61.7095	0.995915646
61.7395	0.996700988
61.7695	0.997376146
61.7995	0.997754128
61.8295	0.997681607
61.8595	0.997083686
61.8895	0.996134712
61.9195	0.995088216
61.9495	0.994267227
61.9795	0.993882691
62.0095	0.995354672
62.0395	0.995677906
62.0695	0.996552328
62.0995	0.997517665
62.1295	0.99822916
62.1595	0.99844431
62.1895	0.99814373
62.2195	0.997414307
62.2495	0.996463479
62.2795	0.99553589
62.3095	0.994891936
62.3395	0.994715746
62.3695	0.995071753
62.3995	0.995843993
62.4295	0.996808505
62.4595	0.997656786
62.4895	0.998172998
62.5195	0.998200406
62.5495	0.997717766
62.5795	0.996841039
62.6095	0.995818205
62.6395	0.994887309
62.6695	0.994299843
62.6995	0.994194511
62.7295	0.99465161
62.7595	0.99558999
62.7895	0.996766666
62.8195	0.997860136
62.8495	0.998640314
62.8795	0.998891249
62.9095	0.998563288
62.9395	0.997651855
62.9695	0.996388805
62.9995	0.995102533
63.0295	0.994188822
63.0595	0.993928166
63.0895	0.994399531
63.1195	0.995479936
63.1495	0.996999631
63.1795	0.998544295
63.2095	0.999717547
63.2395	1.000190726
63.2695	0.999856695
63.2995	0.998803246
63.3295	0.997351018
63.3595	0.995905387
63.3895	0.994871624
63.4195	0.994485339
63.4495	0.994698229
63.4795	0.995428885
63.5095	0.996490159
63.5395	0.997651643
63.5695	0.998639311
63.5995	0.999179319
63.6295	0.999080077
63.6595	0.998275295
63.6895	0.996997252
63.7195	0.995606101
63.7495	0.994631929
63.7795	0.994329364
63.8095	0.994787919
63.8395	0.995778671
63.8695	0.997012652
63.8995	0.998144702
63.9295	0.998934974
63.9595	0.999230563
63.9895	0.998970054
64.0195	0.998210223
64.0495	0.997136544
64.0795	0.996025903
64.1095	0.995189967
64.1395	0.994935111
64.1695	0.995372529
64.1995	0.996369297
64.2295	0.997636997
64.2595	0.998782431
64.2895	0.99951235
64.3195	0.999600996
64.3495	0.998922788
64.3795	0.997645706
64.4095	0.996125778
64.4395	0.994792884
64.4695	0.994024898
64.4995	0.994009333
64.5295	0.994725054
64.5595	0.99592125
64.5895	0.997281388
64.6195	0.998432558
64.6495	0.999119235
64.6795	0.999149343
64.7095	0.998530969
64.7395	0.997498044
64.7695	0.996368504
64.7995	0.99543399
64.8295	0.9949512
64.8595	0.995029237
64.8895	0.995654063
64.9195	0.996656881
64.9495	0.99785629
64.9795	0.99892321
65.0095	0.999584535
65.0395	0.999513987
65.0695	0.998697117
65.0995	0.997345992
65.1295	0.995879664
65.1595	0.99473708
65.1895	0.994233703
65.2195	0.994499613
65.2495	0.995530025
65.2795	0.997035324
65.3095	0.998620164
65.3395	0.999773507
65.3695	1.000175059
65.3995	0.999712339
65.4295	0.998543409
65.4595	0.996997375
65.4895	0.995503416
65.5195	0.994462774
65.5495	0.994224369
65.5795	0.994839433
65.6095	0.996147951
65.6395	0.997689708
65.6695	0.999027815
65.6995	0.999794414
65.7295	0.999718242
65.7595	0.998705263
65.7895	0.997040616
65.8195	0.995170148
65.8495	0.993655402
65.8795	0.992888772
65.9095	0.993079552
65.9395	0.994225664
65.9695	0.99604595
65.9995	0.998035011
66.0295	0.999744121
66.0595	1.00080856
66.0895	1.000963151
66.1195	1.000159787
66.1495	0.998599811
66.1795	0.996697325
66.2095	0.994976804
66.2395	0.993797238
66.2695	0.99344977
66.2995	0.99401064
66.3295	0.995333474
66.3595	0.997047665
66.3895	0.998700861
66.4195	0.999822881
66.4495	1.000037004
66.4795	0.999276419
66.5095	0.997763481
66.5395	0.996094484
66.5695	0.994799428
66.5995	0.994214767
66.6295	0.994501176
66.6595	0.995562164
66.6895	0.997120283
66.7195	0.998734574
66.7495	0.999922616
66.7795	1.000357889
66.8095	0.999939961
66.8395	0.998698847
66.8695	0.996955578
66.8995	0.995170326
66.9295	0.993828666
66.9595	0.99327187
66.9895	0.993651647
67.0195	0.994869816
67.0495	0.996724918
67.0795	0.998711108
67.1095	1.000306255
67.1395	1.001007938
67.1695	1.000621444
67.1995	0.999248758
67.2295	0.997237413
67.2595	0.995070217
67.2895	0.993337132
67.3195	0.992498813
67.3495	0.99284102
67.3795	0.994253993
67.4095	0.996358089
67.4395	0.998521736
67.4695	1.000155087
67.4995	1.000813388
67.5295	1.000375415
67.5595	0.999008184
67.5895	0.997094889
67.6195	0.995144204
67.6495	0.993698233
67.6795	0.99313163
67.7095	0.993598482
67.7395	0.994909466
67.7695	0.99669872
67.7995	0.998471896
67.8295	0.999767487
67.8595	1.000238212
67.8895	0.999773646
67.9195	0.998493817
67.9495	0.996749179
67.9795	0.995000262
68.0095	0.993725936
68.0395	0.993315938
68.0695	0.993904991
68.0995	0.995317952
68.1295	0.997142765
68.1595	0.998828913
68.1895	0.999934802
68.2195	1.00018476
68.2495	0.999663549
68.2795	0.998516609
68.3095	0.997068676
68.3395	0.995659199
68.3695	0.994661856
68.3995	0.994333497
68.4295	0.994700852
68.4595	0.99556128
68.4895	0.996687444
68.5195	0.997772568
68.5495	0.99857735
68.5795	0.998880844
68.6095	0.998614638
68.6395	0.99782063
68.6695	0.996715727
68.6995	0.995588454
68.7295	0.994733972
68.7595	0.994348054
68.7895	0.994537888
68.8195	0.995233662
68.8495	0.996234265
68.8795	0.997257067
68.9095	0.998035813
68.9395	0.998402922
68.9695	0.998289285
68.9995	0.997719676
69.0295	0.996890518
69.0595	0.996059165
69.0895	0.995459207
69.1195	0.995233592
69.1495	0.995405183
69.1795	0.995914009
69.2095	0.996632725
69.2395	0.997529672
69.2695	0.998435654
69.2995	0.999103251
69.3295	0.999306884
69.3595	0.998907391
69.3895	0.998027668
69.4195	0.996906689
69.4495	0.995890456
69.4795	0.995245996
69.5095	0.995154388
69.5395	0.995596133
69.5695	0.996447404
69.5995	0.997469213
69.6295	0.998363417
69.6595	0.998032471
69.6895	0.997514225
69.7195	0.996768847
69.7495	0.995909685
69.7795	0.995064077
69.8095	0.994422782
69.8395	0.994223289
69.8695	0.994556846
69.8995	0.995335714
69.9295	0.996288969
69.9595	0.997063099
69.9895	0.997456951
70.0195	0.997351161
70.0495	0.996721892
70.0795	0.995731625
70.1095	0.994652577
70.1395	0.993905836
70.1695	0.993742296
70.1995	0.994196591
70.2295	0.995120323
70.2595	0.996221423
70.2895	0.997207704
70.3195	0.997812435
70.3495	0.997890364
70.3795	0.997420171
70.4095	0.99653687
70.4395	0.995492609
70.4695	0.994579252
70.4995	0.994035709
70.5295	0.99405172
70.5595	0.994670771
70.5895	0.995728398
70.6195	0.996904281
70.6495	0.997729261
70.6795	0.997970715
70.7095	0.997570297
70.7395	0.996651289
70.7695	0.99547286
70.7995	0.994346089
70.8295	0.993600999
70.8595	0.99346238
70.8895	0.993966386
70.9195	0.994976628
70.9495	0.996273268
70.9795	0.997504414
71.0095	0.99834412
71.0395	0.998440458
71.0695	0.997732295
71.0995	0.996408806
71.1295	0.994790586
71.1595	0.993251147
71.1895	0.992202481
71.2195	0.991935981
71.2495	0.992640264
71.2795	0.994118008
71.3095	0.99596972
71.3395	0.997649005
71.3695	0.998695892
71.3995	0.998829041
71.4295	0.998083687
71.4595	0.996742252
71.4895	0.997436237
71.5195	0.99577476
71.5495	0.994445861
71.5795	0.993872109
71.6095	0.994153449
71.6395	0.995129058
71.6695	0.996478605
71.6995	0.997810605
71.7295	0.998817342
71.7595	0.999308079
71.7895	0.999160737
71.8195	0.998402621
71.8495	0.997135256
71.8795	0.995696206
71.9095	0.994473182
71.9395	0.993881586
71.9695	0.994108168
71.9995	0.995086081
72.0295	0.99654883
72.0595	0.99810123
72.0895	0.999329256
72.1195	0.99995113
72.1495	1.000036217
72.1795	0.999583578
72.2095	0.998726202
72.2395	0.997562873
72.2695	0.996364113
72.2995	0.995455479
72.3295	0.995068298
72.3595	0.995285393
72.3895	0.996046514
72.4195	0.9971205
72.4495	0.998091148
72.4795	0.998691645
72.5095	0.998762052
72.5395	0.998225668
72.5695	0.99720822
72.5995	0.99598276
72.6295	0.994980996
72.6595	0.994606238
72.6895	0.994956634
72.7195	0.995955016
72.7495	0.997448158
72.7795	0.999040317
72.8095	1.000305425
72.8395	1.000648373
72.8695	0.999892952
72.8995	0.998247413
72.9295	0.996207636
72.9595	0.99438729
72.9895	0.993272513
73.0195	0.993151448
73.0495	0.994031387
73.0795	0.995664229
73.1095	0.997605514
73.1395	0.999409908
73.1695	1.000623567
73.1995	1.00092536
73.2295	1.000250627
73.2595	0.998797873
73.2895	0.996963815
73.3195	0.995237872
73.3495	0.994057073
73.3795	0.993731541
73.4095	0.994341655
73.4395	0.995701128
73.4695	0.997434204
73.4995	0.999071181
73.5295	1.000146271
73.5595	1.000336744
73.5895	0.999597105
73.6195	0.998140491
73.6495	0.996419296
73.6795	0.994117796
73.7095	0.99350454
73.7395	0.993295534
73.7695	0.993777142
73.7995	0.994894362
73.8295	0.99636569
73.8595	0.997810604
73.8895	0.998810809
73.9195	0.999065216
73.9495	0.998381433
73.9795	0.996942924
74.0095	0.995136694
74.0395	0.993517282
74.0695	0.992537348
74.0995	0.992456042
74.1295	0.993290618
74.1595	0.99481985
74.1895	0.996624355
74.2195	0.998221391
74.2495	0.999189293
74.2795	0.99927668
74.3095	0.998464891
74.3395	0.996997477
74.3695	0.995276523
74.3995	0.993768703
74.4295	0.992869907
74.4595	0.992812775
74.4895	0.993603841
74.5195	0.995021462
74.5495	0.99664899
74.5795	0.998049651
74.6095	0.998848872
74.6395	0.998925438
74.6695	0.998293926
74.6995	0.997134004
74.7295	0.995703774
74.7595	0.994316912
74.7895	0.993342683
74.8195	0.99305107
74.8495	0.993560958
74.8795	0.994734995
74.9095	0.996249658
74.9395	0.997554365
74.9695	0.998246547
74.9995	0.998146413
75.0295	0.99742342
75.0595	0.996466787
75.0895	0.995536992
75.1195	0.994868616
75.1495	0.998717381
75.1795	0.99954723
75.2095	1.000283032
75.2395	1.001038798
75.2695	1.001793342
75.2995	1.002406371
75.3295	1.002748147
75.3595	1.002739055
75.3895	1.002376193
75.4195	1.001732592
75.4495	1.000907993
75.4795	1.000115755
75.5095	0.999572663
75.5395	0.999404567
75.5695	0.999653512
75.5995	1.000244276
75.6295	1.001057096
75.6595	1.001917184
75.6895	1.002599265
75.7195	1.00291705
75.7495	1.002788316
75.7795	1.00224677
75.8095	1.001445852
75.8395	1.0005898
75.8695	0.999910547
75.8995	0.999584309
75.9295	0.999682681
75.9595	1.000147226
75.9895	1.000853784
76.0195	1.001595031
76.0495	1.002121639
76.0795	1.002284659
76.1095	1.002046345
76.1395	1.001548511
76.1695	1.000958763
76.1995	1.000430623
76.2295	1.000055869
76.2595	0.999856786
76.2895	0.999886845
76.3195	1.000143537
76.3495	1.000636035
76.3795	1.001228519
76.4095	1.001764789
76.4395	1.0020604
76.4695	1.002028583
76.4995	1.001674455
76.5295	1.001090738
76.5595	1.00179747
76.5895	1.000901882
76.6195	1.000580742
76.6495	1.000749601
76.6795	1.001280222
76.7095	1.002022599
76.7395	1.002756448
76.7695	1.003292875
76.7995	1.003500058
76.8295	1.003312541
76.8595	1.002757429
76.8895	1.001985408
76.9195	1.001223578
76.9495	1.000794635
76.9795	1.000816051
77.0095	1.001280235
77.0395	1.001945606
77.0695	1.002593585
77.0995	1.003048474
77.1295	1.003228047
77.1595	1.003134546
77.1895	1.002797494
77.2195	1.002288363
77.2495	1.001640992
77.2795	1.001022079
77.3095	1.000597481
77.3395	1.000523991
77.3695	1.000836032
77.3995	1.001445075
77.4295	1.002193851
77.4595	1.00288859
77.4895	1.003345798
77.5195	1.003451779
77.5495	1.003223307
77.5795	1.002726566
77.6095	1.002101183
77.6395	1.001559916
77.6695	1.001266767
77.6995	1.001299955
77.7295	1.001600675
77.7595	1.002017917
77.7895	1.002441017
77.8195	1.002783767
77.8495	1.00310453
77.8795	1.003327242
77.9095	1.003398609
77.9395	1.003236869
77.9695	1.00286843
77.9995	1.002394975
78.0295	1.001929516
78.0595	1.001572501
78.0895	1.001421271
78.1195	1.001512456
78.1495	1.001811985
78.1795	1.00223665
78.2095	1.002675534
78.2395	1.003138859
78.2695	1.00355146
78.2995	1.003804953
78.3295	1.003745108
78.3595	1.00326799
78.3895	1.002505144
78.4195	1.001691706
78.4495	1.001208658
78.4795	1.001191722
78.5095	1.001645827
78.5395	1.002400048
78.5695	1.003236366
78.5995	1.003929666
78.6295	1.00426618
78.6595	1.004115586
78.6895	1.003522406
78.7195	1.002650557
78.7495	1.001756929
78.7795	1.001080071
78.8095	1.000798515
78.8395	1.000862644
78.8695	1.00120872
78.8995	1.001736312
78.9295	1.002336344
78.9595	1.002891069
78.9895	1.003250807
79.0195	1.003319465
79.0495	1.00309555
79.0795	1.002638391
79.1095	1.002073085
79.1395	1.001646669
79.1695	1.001507696
79.1995	1.0016898
79.2295	1.002149516
79.2595	1.002768874
79.2895	1.003382856
79.3195	1.003818065
79.3495	1.003916918
79.3795	1.003652022
79.4095	1.003096724
79.4395	1.002306227
79.4695	1.001460756
79.4995	1.000783743
79.5295	1.000442371
79.5595	1.000505517
79.5895	1.000951021
79.6195	1.001666956
79.6495	1.002537941
79.6795	1.003330686
79.7095	1.003834197
79.7395	1.003895739
79.7695	1.003496616
79.7995	1.002745412
79.8295	1.001890391
79.8595	1.00121823
79.8895	1.000910699
79.9195	1.001042219
79.9495	1.001548964
79.9795	1.002290307
80.0095	1.003067273
80.0395	1.003635595
80.0695	1.00383419
80.0995	1.003612001
80.1295	1.003061264
80.1595	1.002368425
80.1895	1.001723531
80.2195	1.001285309
80.2495	1.001097314
80.2795	1.001203125
80.3095	1.001571567
80.3395	1.002013532
80.3695	1.002379401
80.3995	1.002568585
80.4295	1.002612665
80.4595	1.002607486
80.4895	1.002558179
80.5195	1.002488855
80.5495	1.002475428
80.5795	1.002525287
80.6095	1.002629929
80.6395	1.002799161
80.6695	1.00300504
80.6995	1.003194787
80.7295	1.003256096
80.7595	1.003086046
80.7895	1.002734013
80.8195	1.002344063
80.8495	1.002281397
80.8795	1.00257755
80.9095	1.003154198
80.9395	1.003507249
80.9695	1.003422107
80.9995	1.002922203
81.0295	1.002205513
81.0595	1.001544903
81.0895	1.001117536
81.1195	1.001027253
81.1495	1.001261957
81.1795	1.001751224
81.2095	1.002362068
81.2395	1.002992497
81.2695	1.003497077
81.2995	1.0037398
81.3295	1.003608456
81.3595	1.003071814
81.3895	1.002275589
81.4195	1.001448952
81.4495	1.000905496
81.4795	1.000791236
81.5095	1.001133829
81.5395	1.001775461
81.5695	1.002520296
81.5995	1.003164629
81.6295	1.003533055
81.6595	1.003521768
81.6895	1.003135958
81.7195	1.002482409
81.7495	1.001758544
81.7795	1.001157029
81.8095	1.000838661
81.8395	1.000917899
81.8695	1.001382752
81.8995	1.002103427
81.9295	1.002867692
81.9595	1.003444647
81.9895	1.003681434
82.0195	1.003510608
82.0495	1.002958146
82.0795	1.002171308
82.1095	1.001363714
82.1395	1.000813838
82.1695	1.000690849
82.1995	1.001023151
82.2295	1.00168439
82.2595	1.002446242
82.2895	1.003104043
82.3195	1.003464971
82.3495	1.003354038
82.3795	1.002797203
82.4095	1.00194826
82.4395	1.001201775
82.4695	1.000818023
82.4995	1.000897198
82.5295	1.001330638
82.5595	1.001882908
82.5895	1.002404682
82.6195	1.002768989
82.6495	1.002959544
82.6795	1.002929921
82.7095	1.00269307
82.7395	1.002354095
82.7695	1.00202178
82.7995	1.001785809
82.8295	1.001725637
82.8595	1.001875194
82.8895	1.002196869
82.9195	1.002568983
82.9495	1.002706632
82.9795	1.002563217
83.0095	1.002179477
83.0395	1.001756657
83.0695	1.001444481
83.0995	1.001324977
83.1295	1.001412062
83.1595	1.00165534
83.1895	1.001989812
83.2195	1.002359038
83.2495	1.002850094
83.2795	1.003342365
83.3095	1.003709182
83.3395	1.003746187
83.3695	1.003411385
83.3995	1.002798445
83.4295	1.002118671
83.4595	1.001611581
83.4895	1.001416236
83.5195	1.001565043
83.5495	1.001917148
83.5795	1.002371027
83.6095	1.002805117
83.6395	1.003102483
83.6695	1.003185894
83.6995	1.003033603
83.7295	1.002715998
83.7595	1.002354063
83.7895	1.002047425
83.8195	1.001886407
83.8495	1.001961732
83.8795	1.002254095
83.9095	1.002685553
83.9395	1.003082156
83.9695	1.003319341
83.9995	1.003333865
84.0295	1.003139169
84.0595	1.00280731
84.0895	1.002429622
84.1195	1.002114443
84.1495	1.001988195
84.1795	1.002084845
84.2095	1.002377658
84.2395	1.002715649
84.2695	1.000847498
84.2995	1.001149552
84.3295	1.001349537
84.3595	1.001213031
84.3895	1.000805499
84.4195	1.000309458
84.4495	1.00000625
84.4795	1.00000065
84.5095	1.000302386
84.5395	1.000728833
84.5695	1.001130011
84.5995	1.001388736
84.6295	1.001500628
84.6595	1.00151633
84.6895	1.001435665
84.7195	1.001286371
84.7495	1.001165237
84.7795	1.001103768
84.8095	1.001122308
84.8395	1.001169082
84.8695	1.001220268
84.8995	1.001258216
84.9295	1.001267886
84.9595	1.001231106
84.9895	1.001161364
85.0195	1.001086939
85.0495	1.001103877
85.0795	1.001207738
85.1095	1.00137376
85.1395	1.001434206
85.1695	1.001334765
85.1995	1.00109838
85.2295	1.000836359
85.2595	1.000673787
85.2895	1.000657742
85.3195	1.000768642
85.3495	1.000877856
85.3795	1.000945711
85.4095	1.000956575
85.4395	1.000956124
85.4695	1.000966396
85.4995	1.000980388
85.5295	1.000983187
85.5595	1.000950507
85.5895	1.00089456
85.6195	1.000817751
85.6495	1.000698544
85.6795	1.000561986
85.7095	1.000446818
85.7395	1.000372505
85.7695	1.000358822
85.7995	1.000403965
85.8295	1.00057552
85.8595	1.000926453
85.8895	1.001367792
85.9195	1.001777064
85.9495	1.002038841
85.9795	1.002082308
86.0095	1.001901622
86.0395	1.001414496
86.0695	1.000711792
86.0995	0.999979539
86.1295	0.999471536
86.1595	0.999390988
86.1895	0.999761254
86.2195	1.000470422
86.2495	1.001295246
86.2795	1.002009091
86.3095	1.002427023
86.3395	1.00252165
86.3695	1.002305863
86.3995	1.001839034
86.4295	1.001201781
86.4595	1.000494191
86.4895	0.99991043
86.5195	0.999603192
86.5495	0.999657779
86.5795	1.000053456
86.6095	1.000685911
86.6395	1.001430222
86.6695	1.002108026
86.6995	1.002535909
86.7295	1.00258938
86.7595	1.002232381
86.7895	1.001567881
86.8195	1.000772185
86.8495	1.000057094
86.8795	0.999610053
86.9095	0.999551415
86.9395	0.999832707
86.9695	1.00035793
86.9995	1.000979328
87.0295	1.001514325
87.0595	1.001792021
87.0895	1.00174092
87.1195	1.001407012
87.1495	1.001072183
87.1795	1.000833467
87.2095	1.00075915
87.2395	1.000770232
87.2695	1.00083316
87.2995	1.00092709
87.3295	1.000982265
87.3595	1.000916342
87.3895	1.000748244
87.4195	1.000543207
87.4495	1.000493204
87.4795	1.000613742
87.5095	1.000877561
87.5395	1.001323716
87.5695	0.995776643
87.5995	0.996852846
87.6295	0.997494407
87.6595	0.997531442
87.6895	0.997089189
87.7195	0.99636758
87.7495	0.995643239
87.7795	0.995112748
87.8095	0.994925234
87.8395	0.995081947
87.8695	0.995533228
87.8995	0.996142966
87.9295	0.996762289
87.9595	0.997223434
87.9895	0.997414697
88.0195	0.997276272
88.0495	0.996854429
88.0795	0.996254005
88.1095	0.995647088
88.1395	0.995165031
88.1695	0.994938267
88.1995	0.995014626
88.2295	0.995342391
88.2595	0.995769126
88.2895	0.996186932
88.3195	0.996498291
88.3495	0.996772355
88.3795	0.996933537
88.4095	0.996949661
88.4395	0.996693175
88.4695	0.996203523
88.4995	0.995602312
88.5295	0.995121584
88.5595	0.994960955
88.5895	0.995171833
88.6195	0.995683415
88.6495	0.996356091
88.6795	0.996998398
88.7095	0.997448016
88.7395	0.997517269
88.7695	0.997179262
88.7995	0.996517384
88.8295	0.995767524
88.8595	0.995184141
88.8895	0.994933556
88.9195	0.995064066
88.9495	0.995507764
88.9795	0.996131723
89.0095	0.996776914
89.0395	0.997259699
89.0695	0.997461574
89.0995	0.997321312
89.1295	0.99683506
89.1595	0.996053384
89.1895	0.995195324
89.2195	0.994494093
89.2495	0.994220156
89.2795	0.994437188
89.3095	0.995091656
89.3395	0.99593108
89.3695	0.996714721
89.3995	0.997221923
89.4295	0.997395134
89.4595	0.997271819
89.4895	0.996898496
89.5195	0.996347306
89.5495	0.995661952
89.5795	0.995011107
89.6095	0.994577414
89.6395	0.994529438
89.6695	0.994908853
89.6995	0.99560127
89.7295	0.99642318
89.7595	0.99713766
89.7895	0.997563856
89.8195	0.997583437
89.8495	0.997216459
89.8795	0.996556464
89.9095	0.995791916
89.9395	0.995064908
89.9695	0.994559639
89.9995	0.994400156
90.0295	0.994700222
90.0595	0.995454034
90.0895	0.996467303
90.1195	0.997436994
90.1495	0.997996107
90.1795	0.99798297
90.2095	0.997413812
90.2395	0.996459053
90.2695	0.99539456
90.2995	0.994497424
90.3295	0.994071189
90.3595	0.994292198
90.3895	0.995107507
90.4195	0.996250305
90.4495	0.997227665
90.4795	0.997758695
90.5095	0.997710227
90.5395	0.997095503
90.5695	0.99609267
90.5995	0.994962367
90.6295	0.994079507
90.6595	0.993754776
90.6895	0.994080598
90.7195	0.994969595
90.7495	0.99626002
90.7795	0.997599525
90.8095	0.998637857
90.8395	0.998927871
90.8695	0.998348276
90.8995	0.997051332
90.9295	0.995441136
90.9595	0.994000652
90.9895	0.993123608
91.0195	0.993036267
91.0495	0.993786976
91.0795	0.995160207
91.1095	0.996791039
91.1395	0.998191901
91.1695	0.99898369
91.1995	0.998950438
91.2295	0.998056433
91.2595	1.000666144
91.2895	0.999537756
91.3195	0.998177142
91.3495	0.997393395
91.3795	0.997568535
91.4095	0.99871386
91.4395	1.000437831
91.4695	0.996126504
91.4995	0.998048038
91.5295	0.99903633
91.5595	0.998994613
91.5895	0.998070563
91.6195	0.996605866
91.6495	0.995112539
91.6795	0.993999568
91.7095	0.997749636
91.7395	0.994520068
91.7695	0.997299273
91.7995	0.996984266
91.8295	0.995833427
91.8595	0.997024647
91.8895	0.99801763
91.9195	0.99831064
91.9495	0.997803576
91.9795	0.996617262
92.0095	0.995204259
92.0395	0.997999999
92.0695	0.997818912
92.0995	0.993597272
92.1295	0.995931168
92.1595	0.995836965
92.1895	0.997001249
92.2195	0.998199978
92.2495	0.999047895
92.2795	0.999053944
92.3095	0.998239019
92.3395	0.996894487
92.3695	0.995575088
92.3995	0.994518676
92.4295	0.994053396
92.4595	0.994077082
92.4895	0.994703055
92.5195	0.995629574
92.5495	0.996660153
92.5795	0.997395176
92.6095	0.997757666
92.6395	0.997553177
92.6695	0.996965319
92.6995	0.996036236
92.7295	0.9950831
92.7595	0.9941734
92.7895	0.993665213
92.8195	0.993598648
92.8495	0.994245582
92.8795	0.995317299
92.9095	0.996640674
92.9395	0.997710828
92.9695	0.998348315
92.9995	0.998270209
93.0295	0.997591458
93.0595	0.996345635
93.0895	0.994985227
93.1195	0.993759411
93.1495	0.993109595
93.1795	0.993089474
93.2095	0.993814509
93.2395	0.995078256
93.2695	0.996691143
93.2995	0.99810543
93.3295	0.999063369
93.3595	0.999205431
93.3895	0.998616095
93.4195	0.9973205
93.4495	0.995640677
93.4795	0.993908797
93.5095	0.992702299
93.5395	0.992359646
93.5695	0.993125747
93.5995	0.99467504
93.6295	0.996660833
93.6595	0.998385442
93.6895	0.999501126
93.7195	0.999612773
93.7495	0.99886148
93.7795	0.997347989
93.8095	0.995596818
93.8395	0.993993144
93.8695	0.993086476
93.8995	0.993005931
93.9295	0.99384361
93.9595	0.995211931
93.9895	0.996849328
94.0195	0.998210212
94.0495	0.999068499
94.0795	0.999091059
94.1095	0.998388052
94.1395	0.997020529
94.1695	0.995460295
94.1995	0.994018402
94.2295	0.993195986
94.2595	0.993109924
94.2895	0.993885157
94.3195	0.995206343
94.3495	0.996863529
94.3795	0.998304986
94.4095	0.999252634
94.4395	0.999217116
94.4695	0.998274381
94.4995	0.996574974
94.5295	0.994684596
94.5595	0.993002991
94.5895	0.992082769
94.6195	0.992058578
94.6495	0.993047969
94.6795	0.994669594
94.7095	0.998326902
94.7395	0.999577303
94.7695	1.000416682
94.7995	1.000457483
94.8295	0.999708632
94.8595	0.998214624
94.8895	0.996452462
94.9195	0.994793688
94.9495	0.993817876
94.9795	0.993687892
95.0095	0.994535767
95.0395	0.995947044
95.0695	0.997610472
95.0995	0.998977992
95.1295	0.999814074
95.1595	0.999838434
95.1895	0.99915112
95.2195	0.997845993
95.2495	0.996392134
95.2795	0.995083335
95.3095	0.994369627
95.3395	0.994352109
95.3695	0.995133705
95.3995	0.996401347
95.4295	0.997941018
95.4595	0.999282453
95.4895	1.000168703
95.5195	1.000253614
95.5495	0.999526706
95.5795	0.9980879
95.6095	0.996424754
95.6395	0.994854041
95.6695	0.993880753
95.6995	0.993664006
95.7295	0.994367741
95.7595	0.995720363
95.7895	0.997449749
95.8195	0.999006859
95.8495	1.000144819
95.8795	1.000471673
95.9095	1.000004783
95.9395	0.998830052
95.9695	0.997382394
95.9995	0.99595964
96.0295	0.994976606
96.0595	0.994514788
96.0895	0.994787755
96.1195	0.995620268
96.1495	0.996871825
96.1795	0.998108302
96.2095	0.999091941
96.2395	0.999498352
96.2695	0.999327646
96.2995	0.998536416
96.3295	0.99742556
96.3595	0.996189753
96.3895	0.995253612
96.4195	0.994771402
96.4495	0.99495571
96.4795	0.995657961
96.5095	0.996778434
96.5395	0.998030115
96.5695	0.99920791
96.5995	0.999906409
96.6295	0.99997573
96.6595	0.99923155
96.6895	0.997969956
96.7195	0.996436085
96.7495	0.995107189
96.7795	0.994244351
96.8095	0.99416395
96.8395	0.994776167
96.8695	0.995994838
96.8995	0.997395583
96.9295	0.998654391
96.9595	0.999295954
96.9895	0.999239426
97.0195	0.998420702
97.0495	0.997195728
97.0795	0.995806403
97.1095	0.994713342
97.1395	0.994089186
97.1695	0.994174395
97.1995	0.994848939
97.2295	0.996050103
97.2595	0.997410725
97.2895	0.998652464
97.3195	0.999354737
97.3495	0.999420403
97.3795	0.998748811
97.4095	0.997613789
97.4395	0.996271981
97.4695	0.995185635
97.4995	0.994557867
97.5295	0.994718815
97.5595	0.995637511
97.5895	0.997153129
97.6195	0.998739439
97.6495	0.999886219
97.6795	1.000196116
97.7095	0.999677914
97.7395	0.998341995
97.7695	0.9966209
97.7995	0.994892745
97.8295	0.993706176
97.8595	0.99328931
97.8895	0.993832188
97.9195	0.995098145
97.9495	0.996841042
97.9795	0.998505165
98.0095	0.99973145
98.0395	1.000221184
98.0695	0.999974256
98.0995	0.998980868
98.1295	0.997549938
98.1595	0.995919925
98.1895	0.994613803
98.2195	0.99390438
98.2495	0.994103446
98.2795	0.995070209
98.3095	0.996623311
98.3395	0.998236126
98.3695	0.999551407
98.3995	1.000137261
98.4295	0.999980463
98.4595	0.998339283
98.4895	0.997397889
98.5195	0.995929955
98.5495	0.994517981
98.5795	0.993532859
98.6095	0.993302605
98.6395	0.993702542
98.6695	0.994643401
98.6995	0.995771868
98.7295	0.996952265
98.7595	0.997921848
98.7895	0.99850274
98.8195	0.998473642
98.8495	0.997956735
98.8795	0.997021238
98.9095	0.996000731
98.9395	0.995137543
98.9695	0.994755886
98.9995	0.994880691
99.0295	0.995476844
99.0595	0.996204124
99.0895	0.996940896
99.1195	0.997421143
99.1495	0.997636533
99.1795	0.997457988
99.2095	0.997010926
99.2395	0.996292243
99.2695	0.99555291
99.2995	0.994914934
99.3295	0.994632175
99.3595	0.994715809
99.3895	0.995213133
99.4195	0.99592308
99.4495	0.996787262
99.4795	0.997501533
99.5095	0.99794819
99.5395	0.997844518
99.5695	0.997262288
99.5995	0.996285926
99.6295	0.99530727
99.6595	0.994589385
99.6895	0.994395714
99.7195	0.994707641
99.7495	0.995544191
99.7795	0.996606593
99.8095	1.003791575
99.8395	1.003872883
99.8695	1.003613339
99.8995	1.002917543
99.9295	1.001952021
99.9595	1.000876827
99.9895	1.000008163
100.0195	0.999467676
100.0495	0.999274461
100.0795	0.999406224
100.1095	0.999888993
100.1395	1.000580637
100.1695	1.001374791
100.1995	1.001991395
100.2295	1.002347711
100.2595	1.002312252
100.2895	1.001959545
100.3195	1.001312404
100.3495	1.000554232
100.3795	0.999821893
100.4095	0.999373289
100.4395	0.999366822
100.4695	0.99989939
100.4995	1.000762118
100.5295	1.00176331
100.5595	1.002545299
100.5895	1.002962208
100.6195	1.003561805
100.6495	1.003492023
100.6795	1.002807517
100.7095	1.001922996
100.7395	1.001028596
100.7695	1.000442857
100.7995	1.000267005
100.8295	1.000625321
100.8595	1.001375938
100.8895	1.002371049
100.9195	1.003285487
100.9495	1.003988839
100.9795	1.004235392
101.0095	1.004026327
101.0395	1.003314806
101.0695	1.002342327
101.0995	1.001310417
101.1295	1.000552325
101.1595	1.000199807
101.1895	1.000405451
101.2195	1.001036512
101.2495	1.001918741
101.2795	1.002748311
101.3095	1.003363843
101.3395	1.003641448
101.3695	1.003605854
101.3995	1.002108111
101.4295	1.000935967
101.4595	1.000082657
101.4895	0.999624448
101.5195	0.999466572
101.5495	0.999568081
101.5795	0.9998199
101.6095	1.000224489
101.6395	1.000662194
101.6695	1.001102275
101.6995	1.001368694
101.7295	1.001445202
101.7595	1.001235475
101.7895	1.000861056
101.8195	1.000358606
101.8495	0.999911013
101.8795	0.999575156
101.9095	0.999503306
101.9395	0.999711333
101.9695	1.000225256
101.9995	1.000844487
102.0295	1.001459723
102.0595	1.001839058
102.0895	1.001945096
102.1195	1.001684356
102.1495	1.001152301
102.1795	1.000431216
102.2095	0.999775422
102.2395	0.999248523
102.2695	1.001731467
102.2995	1.001271724
102.3295	1.001324677
102.3595	1.001749344
102.3895	1.002366185
102.4195	1.00287599
102.4495	1.003178108
102.4795	1.003128146
102.5095	1.002795461
102.5395	1.002266738
102.5695	1.001756622
102.5995	1.001352252
102.6295	1.001275373
102.6595	1.001575401
102.6895	1.002223103
102.7195	1.002965229
102.7495	1.003508599
102.7795	1.003650141
102.8095	1.003402886
102.8395	1.002694752
102.8695	1.001735844
102.8995	1.000731522
102.9295	1.000041566
102.9595	0.999852745
102.9895	1.000260375
103.0195	1.001081788
103.0495	1.002053119
103.0795	1.002855151
103.1095	1.003320429
103.1395	1.003298289
103.1695	1.002853768
103.1995	1.002057453
103.2295	1.001263809
103.2595	1.000757542
103.2895	1.000723605
103.3195	1.001085856
103.3495	1.00218054
103.3795	1.003153368
103.4095	1.003738124
103.4395	1.003948507
103.4695	1.003906367
103.4995	1.003630653
103.5295	1.003351187
103.5595	1.003219764
103.5895	1.003314241
103.6195	1.003526043
103.6495	1.003663818
103.6795	1.003636022
103.7095	1.003496313
103.7395	1.003252045
103.7695	1.003020581
103.7995	1.002819208
103.8295	1.002753136
103.8595	1.002802048
103.8895	1.002997837
103.9195	1.003267969
103.9495	1.003718604
103.9795	1.004193025
104.0095	1.00461231
104.0395	1.004757739
104.0695	1.004616665
104.0995	1.0041875
104.1295	1.003620864
104.1595	1.003009892
104.1895	1.002564102
104.2195	1.002360523
104.2495	1.002504237
104.2795	1.00291185
104.3095	1.003515844
104.3395	1.004051888
104.3695	1.004399774
104.3995	1.004424194
104.4295	1.004149408
104.4595	1.003588223
104.4895	1.002934867
104.5195	1.002329331
104.5495	1.002019423
104.5795	1.002044819
104.6095	1.001704638
104.6395	1.002669426
104.6695	1.003629472
104.6995	1.004303997
104.7295	1.004641209
104.7595	1.004574421
104.7895	1.00420589
104.8195	1.003607735
104.8495	1.00302176
104.8795	1.002556471
104.9095	1.002377305
104.9395	1.002341435
104.9695	1.002451459
104.9995	1.002626777
105.0295	1.002941371
105.0595	1.003365918
105.0895	1.003832115
105.1195	1.004174224
105.1495	1.004379085
105.1795	1.004349064
105.2095	1.004139562
105.2395	1.0036729
105.2695	1.003089559
105.2995	1.002500208
105.3295	1.002156055
105.3595	1.00216666
105.3895	1.002572508
105.4195	1.003229064
105.4495	1.00406828
105.4795	1.004823922
105.5095	1.005338236
105.5395	1.005201129
105.5695	1.004416407
105.5995	1.00315218
105.6295	1.001866055
105.6595	1.000954471
105.6895	1.000703167
105.7195	1.001149841
105.7495	1.002321365
105.7795	1.003860728
105.8095	1.005397535
105.8395	1.0063684
105.8695	1.006523827
105.8995	1.005785246
105.9295	1.004360305
105.9595	1.00253718
105.9895	1.000848987
106.0195	0.999725419
106.0495	0.999628993
106.0795	1.000540715
106.1095	1.002252377
106.1395	1.004257702
106.1695	1.006061372
106.1995	1.007140184
106.2295	1.00726503
106.2595	1.006381886
106.2895	1.009317131
106.3195	1.007386428
106.3495	1.005868532
106.3795	1.004983153
106.4095	1.005002151
106.4395	1.005860343
106.4695	1.007390834
106.4995	1.009150977
106.5295	1.010708823
106.5595	1.011580164
106.5895	1.011584061
106.6195	1.010672099
106.6495	1.009121317
106.6795	1.007301783
106.7095	1.005750382
106.7395	1.004833463
106.7695	1.004839298
106.7995	1.005710127
106.8295	1.007240341
106.8595	1.008950198
106.8895	1.010425864
106.9195	1.011249761
106.9495	1.01138215
106.9795	1.010753815
107.0095	1.00958869
107.0395	1.008149135
107.0695	1.006868827
107.0995	1.006044876
107.1295	1.005896009
107.1595	1.006348136
107.1895	1.007320663
107.2195	1.008506453
107.2495	1.009658469
107.2795	1.010423288
107.3095	1.010643807
107.3395	1.010108061
107.3695	1.008970754
107.3995	1.007493035
107.4295	1.00615495
107.4595	1.005317063
107.4895	1.005244741
107.5195	1.00589983
107.5495	1.007121175
107.5795	1.008528391
107.6095	1.009785326
107.6395	1.010432965
107.6695	1.010318576
107.6995	1.009430959
107.7295	1.008096906
107.7595	1.006684448
107.7895	1.005616972
107.8195	1.005149594
107.8495	1.005539166
107.8795	1.006635097
107.9095	1.00818514
107.9395	1.009775483
107.9695	1.011043973
107.9995	1.011612151
108.0295	1.011288953
108.0595	1.010002495
108.0895	1.008148078
108.1195	1.006193799
108.1495	1.004769774
108.1795	1.004213406
108.2095	1.004712743
108.2395	1.006119906
108.2695	1.008108654
108.2995	1.010098828
108.3295	1.005577815
108.3595	1.006731828
108.3895	1.006775693
108.4195	1.005699204
108.4495	1.003951247
108.4795	1.002039162
108.5095	1.000573468
108.5395	0.999869575
108.5695	1.00014805
108.5995	1.001273685
108.6295	1.002948685
108.6595	1.004619665
108.6895	1.005887403
108.7195	1.006399278
108.7495	1.006252337
108.7795	1.005454089
108.8095	1.00427713
108.8395	1.002927224
108.8695	1.00179614
108.8995	1.001138233
108.9295	1.001212483
108.9595	1.001992905
108.9895	1.003316636
109.0195	1.004758496
109.0495	1.005879575
109.0795	1.006328561
109.1095	1.006038544
109.1395	1.005011839
109.1695	1.003565931
109.1995	1.002041698
109.2295	1.000915675
109.2595	1.000463494
109.2895	1.000848876
109.3195	1.001922134
109.3495	1.003489727
109.3795	1.005081769
109.4095	1.006319936
109.4395	1.006796977
109.4695	1.006428445
109.4995	1.005271134
109.5295	1.003641656
109.5595	1.001868183
109.5895	1.000471971
109.6195	0.998850484
109.6495	0.999844661
109.6795	1.001387662
109.7095	1.003305905
109.7395	1.005108658
109.7695	1.006396377
109.7995	1.006802288
109.8295	1.006279512
109.8595	1.00494673
109.8895	1.003200309
109.9195	1.001464278
109.9495	1.000245572
109.9795	0.999823732
	
