X   Y
0	60
0.0199999999999996	60
0.0399999999999992	60
0.0600000000000023	60
0.0800000000000019	60
0.100000000000001	60
0.120000000000001	60
0.140000000000001	60
0.160000000000000	60
0.180000000000000	60
0.199999999999999	60
0.219999999999999	60
0.240000000000002	60
0.260000000000002	60
0.280000000000001	60
0.300000000000001	60
0.320000000000000	60
0.340000000000000	60
0.359999999999999	60
0.379999999999999	60
0.400000000000002	60
0.420000000000002	60
0.440000000000001	60
0.460000000000001	60
0.480000000000000	60
0.500000000000000	60
0.520000000000000	60
0.539999999999999	60
0.560000000000002	60
0.580000000000002	60
0.600000000000001	60
0.620000000000001	60
0.640000000000001	60
0.660000000000000	60
0.680000000000000	60
0.699999999999999	60
0.719999999999999	60
0.740000000000002	60
0.760000000000002	60
0.780000000000001	60
0.800000000000001	60
0.820000000000000	60
0.840000000000000	60
0.859999999999999	60
0.879999999999999	60
0.900000000000002	60
0.920000000000002	60
0.940000000000001	60
0.960000000000001	60
0.980000000000000	60
1	60
1.02000000000000	60
1.04000000000000	60
1.06000000000000	60
1.08000000000000	60
1.10000000000000	60
1.12000000000000	60
1.14000000000000	60
1.16000000000000	60
1.18000000000000	60
1.20000000000000	60
1.22000000000000	60
1.24000000000000	60
1.26000000000000	60
1.28000000000000	60
1.30000000000000	60
1.32000000000000	60
1.34000000000000	60
1.36000000000000	60
1.38000000000000	60
1.40000000000000	60
1.42000000000000	60
1.44000000000000	60
1.46000000000000	60
1.48000000000000	60
1.50000000000000	60
1.52000000000000	60
1.54000000000000	60
1.56000000000000	60
1.58000000000000	60
1.60000000000000	60
1.62000000000000	60
1.64000000000000	60
1.66000000000000	60
1.68000000000000	60
1.70000000000000	60
1.72000000000000	60
1.74000000000000	60
1.76000000000000	60
1.78000000000000	60
1.80000000000000	60
1.82000000000000	60
1.84000000000000	60
1.86000000000000	60
1.88000000000000	60
1.90000000000000	60
1.92000000000000	60
1.94000000000000	60
1.96000000000000	60
1.98000000000000	60
2	60
2.02000000000000	59.9867366208685
2.04000000000000	59.9777575108965
2.06000000000000	59.9673880625079
2.08000000000000	59.9628128435440
2.10000000000000	59.9542223658852
2.12000000000000	59.9469884708576
2.14000000000000	59.9414695290623
2.16000000000000	59.9337883872972
2.18000000000000	59.9299668676751
2.20000000000000	59.9246370234955
2.22000000000000	59.9190956205867
2.24000000000000	59.9151052854332
2.26000000000000	59.9089906187928
2.28000000000000	59.9067556585263
2.30000000000000	59.9042656819437
2.32000000000000	59.8997560999768
2.34000000000000	59.8964735927627
2.36000000000000	59.8919784509198
2.38000000000000	59.8912023796884
2.40000000000000	59.8901230626913
2.42000000000000	59.8870533273744
2.44000000000000	59.8850851521489
2.46000000000000	59.8816024579199
2.48000000000000	59.8822572148380
2.50000000000000	59.8824340280795
2.52000000000000	59.8802122070639
2.54000000000000	59.8789640954338
2.56000000000000	59.8789631605197
2.58000000000000	59.8766153576597
2.60000000000000	59.8781016582240
2.62000000000000	59.8790369794250
2.64000000000000	59.8772093104874
2.66000000000000	59.8777490722401
2.68000000000000	59.8759450277394
2.70000000000000	59.8778470534419
2.72000000000000	59.8791737269599
2.74000000000000	59.8783681140194
2.76000000000000	59.8784264036736
2.78000000000000	59.8767399265675
2.80000000000000	59.8791199733049
2.82000000000000	59.8808082408060
2.84000000000000	59.8798725538718
2.86000000000000	59.8797844397388
2.88000000000000	59.8808193557658
2.90000000000000	59.8793414193070
2.92000000000000	59.8816530479665
2.94000000000000	59.8820158447847
2.96000000000000	59.8818994716096
2.98000000000000	59.8828669089622
3	59.8813863290008
3.02000000000000	59.8835638984707
3.04000000000000	59.8851069721528
3.06000000000000	59.8842126265804
3.08000000000000	59.8842317992109
3.10000000000000	59.8824989674324
3.12000000000000	59.8848137819942
3.14000000000000	59.8862946438075
3.16000000000000	59.8851733563676
3.18000000000000	59.8847528452105
3.20000000000000	59.8852386139684
3.22000000000000	59.8854069992064
3.24000000000000	59.8867828802394
3.26000000000000	59.8853090480037
3.28000000000000	59.8848104537098
3.30000000000000	59.8854238083746
3.32000000000000	59.8836215141797
3.34000000000000	59.8855123454140
3.36000000000000	59.8867505987716
3.38000000000000	59.8853817139252
3.40000000000000	59.8850603055359
3.42000000000000	59.8830743056839
3.44000000000000	59.8850193783264
3.46000000000000	59.8860619447469
3.48000000000000	59.8844667084437
3.50000000000000	59.8835660580613
3.52000000000000	59.8816176703438
3.54000000000000	59.8832706553323
3.56000000000000	59.8840678785274
3.58000000000000	59.8818896946334
3.60000000000000	59.8806413838428
3.62000000000000	59.8805741388004
3.64000000000000	59.8780245656745
3.66000000000000	59.8790529892545
3.68000000000000	59.8794246350907
3.70000000000000	59.8771485754993
3.72000000000000	59.8759171588489
3.74000000000000	59.8730410486548
3.76000000000000	59.8740517342186
3.78000000000000	59.8742082876268
3.80000000000000	59.8717520319059
3.82000000000000	59.8699824934540
3.84000000000000	59.8672261868993
3.86000000000000	59.8680742300670
3.88000000000000	59.8681332120943
3.90000000000000	59.8653020602125
3.92000000000000	59.8634173177942
3.94000000000000	59.8627282037563
3.96000000000000	59.8596054152945
3.98000000000000	59.8600868085417
4	59.8599520725615
4.02000000000000	59.8573165458850
4.04000000000000	59.8556721919928
4.06000000000000	59.8523472151443
4.08000000000000	59.8529977989355
4.10000000000000	59.8529029366945
4.12000000000000	59.8500354276721
4.14000000000000	59.8480806811073
4.16000000000000	59.8473597019749
4.18000000000000	59.8441653600279
4.20000000000000	59.8447062867280
4.22000000000000	59.8446340552099
4.24000000000000	59.8422646641326
4.26000000000000	59.8409125573891
4.28000000000000	59.8381522178030
4.30000000000000	59.8389268188268
4.32000000000000	59.8391679190101
4.34000000000000	59.8372047616692
4.36000000000000	59.8358981152504
4.38000000000000	59.8355992354419
4.40000000000000	59.8331291028276
4.42000000000000	59.8358143291342
4.44000000000000	59.8340592648644
4.46000000000000	59.8332624244300
4.48000000000000	59.8337308315332
4.50000000000000	59.8318941436952
4.52000000000000	59.8337986916817
4.54000000000000	59.8351939648224
4.56000000000000	59.8344728263460
4.58000000000000	59.8344296426666
4.60000000000000	59.8333453104937
4.62000000000000	59.8360720264381
4.64000000000000	59.8381931348958
4.66000000000000	59.8378026424900
4.68000000000000	59.8383866642377
4.70000000000000	59.8402003009468
4.72000000000000	59.8397178568968
4.74000000000000	59.8430162205666
4.76000000000000	59.8457506990329
4.78000000000000	59.8463218640904
4.80000000000000	59.8478987885974
4.82000000000000	59.8478327891551
4.84000000000000	59.8518907688249
4.86000000000000	59.8552159293330
4.88000000000000	59.8559202897651
4.90000000000000	59.8576296037021
4.92000000000000	59.8605005425003
4.94000000000000	59.8609867545977
4.96000000000000	59.8652390960090
4.98000000000000	59.8688698175463
5	59.8700862173797
5.02000000000000	59.8723489757092
5.04000000000000	59.8729290364212
5.06000000000000	59.8775193969673
5.08000000000000	59.8812269227907
5.10000000000000	59.8824271492075
5.12000000000000	59.8843675932680
5.14000000000000	59.8851921916856
5.16000000000000	59.8897046149351
5.18000000000000	59.8933590609914
5.20000000000000	59.8940564272661
5.22000000000000	59.8957970879690
5.24000000000000	59.8986113357643
5.26000000000000	59.8989237028690
5.28000000000000	59.9028399532349
5.30000000000000	59.9060222765138
5.32000000000000	59.9065008332224
5.34000000000000	59.9082791360343
5.36000000000000	59.9081059044284
5.38000000000000	59.9114900770451
5.40000000000000	59.9141332230658
5.42000000000000	59.9140363499231
5.44000000000000	59.9149497599024
5.46000000000000	59.9141417468538
5.48000000000000	59.9171511421597
5.50000000000000	59.9191582857762
5.52000000000000	59.9183084381788
5.54000000000000	59.9181744069090
5.56000000000000	59.9169506603580
5.58000000000000	59.9191678510586
5.60000000000000	59.9204411738986
5.62000000000000	59.9186127050897
5.64000000000000	59.9177439611914
5.66000000000000	59.9179644739180
5.68000000000000	59.9156085154948
5.70000000000000	59.9166940691800
5.72000000000000	59.9156059169021
5.74000000000000	59.9139960270940
5.76000000000000	59.9135125892673
5.78000000000000	59.9104644590184
5.80000000000000	59.9109253822068
5.82000000000000	59.9107110515738
5.84000000000000	59.9078075218055
5.86000000000000	59.9058616900488
5.88000000000000	59.9022093352825
5.90000000000000	59.9024140292951
5.92000000000000	59.9017062522124
5.94000000000000	59.8983976295575
5.96000000000000	59.8960008397463
5.98000000000000	59.8919286338941
6	59.8917696976052
6.02000000000000	59.8908595804405
6.04000000000000	59.8871232210610
6.06000000000000	59.8842573722069
6.08000000000000	59.8826200334070
6.10000000000000	59.8784946555315
6.12000000000000	59.8780812363740
6.14000000000000	59.8757728366613
6.16000000000000	59.8729750532457
6.18000000000000	59.8714796954524
6.20000000000000	59.8676300120063
6.22000000000000	59.8674264374032
6.24000000000000	59.8667362076080
6.26000000000000	59.8638831327018
6.28000000000000	59.8619380943873
6.30000000000000	59.8584294100233
6.32000000000000	59.8590113022412
6.34000000000000	59.8590310061916
6.36000000000000	59.8566020931507
6.38000000000000	59.8550938583219
6.40000000000000	59.8549005673111
6.42000000000000	59.8524918179369
6.44000000000000	59.8538113734441
6.46000000000000	59.8546797794666
6.48000000000000	59.8535941901503
6.50000000000000	59.8535293610984
6.52000000000000	59.8518995448265
6.54000000000000	59.8544590383166
6.56000000000000	59.8562761444179
6.58000000000000	59.8561792573085
6.60000000000000	59.8567910164264
6.62000000000000	59.8584116317663
6.64000000000000	59.8598736506940
6.66000000000000	59.8627622417582
6.68000000000000	59.8632963868041
6.70000000000000	59.8648359344341
6.72000000000000	59.8676183278256
6.74000000000000	59.8681431735783
6.76000000000000	59.8724984177354
6.78000000000000	59.8763278157455
6.80000000000000	59.8780600350678
6.82000000000000	59.8808239544181
6.84000000000000	59.8819519233208
6.86000000000000	59.8872398824543
6.88000000000000	59.8917929943800
6.90000000000000	59.8939592192899
6.92000000000000	59.8969492481826
6.94000000000000	59.8987996731806
6.96000000000000	59.9044643702392
6.98000000000000	59.9093557767239
7	59.9114545681895
7.02000000000000	59.9146252409633
7.04000000000000	59.9188910319151
7.06000000000000	59.9206324207425
7.08000000000000	59.9261437073464
7.10000000000000	59.9294908394162
7.12000000000000	59.9324664653868
7.14000000000000	59.9364544405102
7.16000000000000	59.9379434527571
7.18000000000000	59.9430603526710
7.20000000000000	59.9474112221062
7.22000000000000	59.9489959935170
7.24000000000000	59.9518930992864
7.26000000000000	59.9527644586835
7.28000000000000	59.9571332653854
7.30000000000000	59.9607675801642
7.32000000000000	59.9615517605838
7.34000000000000	59.9633691033907
7.36000000000000	59.9636495149830
7.38000000000000	59.9670951433927
7.40000000000000	59.9697462681844
7.42000000000000	59.9695246135369
7.44000000000000	59.9703277897111
7.46000000000000	59.9694165921866
7.48000000000000	59.9720495480148
7.50000000000000	59.9736734259688
7.52000000000000	59.9723683878717
7.54000000000000	59.9720712525886
7.56000000000000	59.9700733704486
7.58000000000000	59.9717036973976
7.60000000000000	59.9722587384512
7.62000000000000	59.9699381195305
7.64000000000000	59.9685535007975
7.66000000000000	59.9654593373531
7.68000000000000	59.9660585282053
7.70000000000000	59.9656523678164
7.72000000000000	59.9623491639992
7.74000000000000	59.9599894156865
7.76000000000000	59.9558734570719
7.78000000000000	59.9554637626340
7.80000000000000	59.9541798259909
7.82000000000000	59.9500653664646
7.84000000000000	59.9464786353097
7.86000000000000	59.9418539742794
7.88000000000000	59.9406518360264
7.90000000000000	59.9385966952556
7.92000000000000	59.9336021704558
7.94000000000000	59.9294048121497
7.96000000000000	59.9264215066138
7.98000000000000	59.9226958931717
8	59.9202007325079
8.02000000000000	59.9148803177999
8.04000000000000	59.9103393873878
8.06000000000000	59.9071387786587
8.08000000000000	59.9015109105991
8.10000000000000	59.8994544557443
8.12000000000000	59.8956536608133
8.14000000000000	59.8913009608377
8.16000000000000	59.8883157588118
8.18000000000000	59.8830328321975
8.20000000000000	59.8814501966701
8.22000000000000	59.8794203548232
8.24000000000000	59.8753987775653
8.26000000000000	59.8722940596068
8.28000000000000	59.8677315775363
8.30000000000000	59.8672405952225
8.32000000000000	59.8662892400950
8.34000000000000	59.8634483672990
8.36000000000000	59.8612505723982
8.38000000000000	59.8601423712907
8.40000000000000	59.8572009478880
8.42000000000000	59.8580934415037
8.44000000000000	59.8575727332098
8.46000000000000	59.8567733985865
8.48000000000000	59.8573467911344
8.50000000000000	59.8559495686336
8.52000000000000	59.8582667339046
8.54000000000000	59.8601900137976
8.56000000000000	59.8605424943936
8.58000000000000	59.8618245984615
8.60000000000000	59.8616344708589
8.62000000000000	59.8655795161685
8.64000000000000	59.8690695980036
8.66000000000000	59.8704607265929
8.68000000000000	59.8728423677213
8.70000000000000	59.8764810457228
8.72000000000000	59.8780046262679
8.74000000000000	59.8833514349580
8.76000000000000	59.8882157072302
8.78000000000000	59.8912137597692
8.80000000000000	59.8952450357020
8.82000000000000	59.8977136977849
8.84000000000000	59.9043177521707
8.86000000000000	59.9101727904429
8.88000000000000	59.9139066884413
8.90000000000000	59.9186784395285
8.92000000000000	59.9218099620463
8.94000000000000	59.9290679972240
8.96000000000000	59.9355599082943
8.98000000000000	59.9395153514772
9	59.9446067258241
9.02000000000000	59.9479284364163
9.04000000000000	59.9552884877814
9.06000000000000	59.9617469836687
9.08000000000000	59.9654253380743
9.10000000000000	59.9702265345271
9.12000000000000	59.9732107795945
9.14000000000000	59.9800517876680
9.16000000000000	59.9858588628019
9.18000000000000	59.9887048577825
9.20000000000000	59.9926437035124
9.22000000000000	59.9947593970599
9.24000000000000	60.0005242860413
9.26000000000000	60.0051696851242
9.28000000000000	60.0067639763036
9.30000000000000	60.0094230409355
9.32000000000000	60.0102953940131
9.34000000000000	60.0146399463456
9.36000000000000	60.0178412281374
9.38000000000000	60.0179857257809
9.40000000000000	60.0191759811229
9.42000000000000	60.0186372376406
9.44000000000000	60.0214624313814
9.46000000000000	60.0231717130694
9.48000000000000	60.0218644090933
9.50000000000000	60.0215579978607
9.52000000000000	60.0195924026513
9.54000000000000	60.0210024308738
9.56000000000000	60.0212672787533
9.58000000000000	60.0185939592372
9.60000000000000	60.0168666356247
9.62000000000000	60.0134971454796
9.64000000000000	60.0135400044209
9.66000000000000	60.0124994838009
9.68000000000000	60.0085167523326
9.70000000000000	60.0054162481738
9.72000000000000	60.0006334529532
9.74000000000000	59.9993558489680
9.76000000000000	59.9970601230245
9.78000000000000	59.9917972036742
9.80000000000000	59.9873786851876
9.82000000000000	59.9812837082460
9.84000000000000	59.9787678848506
9.86000000000000	59.9752467709951
9.88000000000000	59.9688764409489
9.90000000000000	59.9632934461059
9.92000000000000	59.9560216132020
9.94000000000000	59.9525242059710
9.96000000000000	59.9480670132782
9.98000000000000	59.9409721588751
10	59.9346475101798
10.0200000000000	59.9266999077617
10.0400000000000	59.9227250617787
10.0600000000000	59.9178877739905
10.0800000000000	59.9107794768691
10.1000000000000	59.9044430994271
10.1200000000000	59.8965537115866
10.1400000000000	59.8927273848429
10.1600000000000	59.8884816624555
10.1800000000000	59.8822537548908
10.2000000000000	59.8765275505588
10.2200000000000	59.8700161797777
10.2400000000000	59.8672632703556
10.2600000000000	59.8642619253206
10.2800000000000	59.8593687444288
10.3000000000000	59.8552979771755
10.3200000000000	59.8527693091866
10.3400000000000	59.8484868953014
10.3600000000000	59.8478100364062
10.3800000000000	59.8468960554908
10.4000000000000	59.8448616851613
10.4200000000000	59.8436671344399
10.4400000000000	59.8412739062537
10.4600000000000	59.8428317510100
10.4800000000000	59.8441883115390
10.5000000000000	59.8440243772541
10.5200000000000	59.8453089457649
10.5400000000000	59.8467209990040
10.5600000000000	59.8468437814109
10.5800000000000	59.8508589885603
10.6000000000000	59.8545747845885
10.6200000000000	59.8566693388561
10.6400000000000	59.8596769777366
10.6600000000000	59.8639429176854
10.6800000000000	59.8664008704255
10.7000000000000	59.8725047225122
10.7200000000000	59.8782019653522
10.7400000000000	59.8825063598692
10.7600000000000	59.8877559098526
10.7800000000000	59.8915543016609
10.8000000000000	59.8995250177470
10.8200000000000	59.9069414212276
10.8400000000000	59.9124004763212
10.8600000000000	59.9190107515099
10.8800000000000	59.9240075407531
10.9000000000000	59.9332488437678
10.9200000000000	59.9417054731996
10.9400000000000	59.9479827090931
10.9600000000000	59.9553448507492
10.9800000000000	59.9610677374428
11	59.9708067717490
11.0200000000000	59.9795915935266
11.0400000000000	59.9857463944536
11.0600000000000	59.9933346418642
11.0800000000000	59.9987425469545
11.1000000000000	60.0077222173327
11.1200000000000	60.0143279698307
11.1400000000000	60.0205040111709
11.1600000000000	60.0273452854636
11.1800000000000	60.0315473900176
11.2000000000000	60.0404053750973
11.2200000000000	60.0438206184811
11.2400000000000	60.0481743359661
11.2600000000000	60.0531759934994
11.2800000000000	60.0574526116842
11.3000000000000	60.0620596155749
11.3200000000000	60.0633319475322
11.3400000000000	60.0656958964298
11.3600000000000	60.0668512714961
11.3800000000000	60.0705899016718
11.4000000000000	60.0730252669284
11.4200000000000	60.0724626838450
11.4400000000000	60.0729850075470
11.4600000000000	60.0719763985098
11.4800000000000	60.0738045064969
11.5000000000000	60.0744488215143
11.5200000000000	60.0722652476992
11.5400000000000	60.0710927309256
11.5600000000000	60.0685113798470
11.5800000000000	60.0687533182992
11.6000000000000	60.0680454023447
11.6200000000000	60.0643965506325
11.6400000000000	60.0617633862145
11.6600000000000	60.0579296287942
11.6800000000000	60.0565062693247
11.7000000000000	60.0543413088032
11.7200000000000	60.0492013807964
11.7400000000000	60.0452462439463
11.7600000000000	60.0394287714422
11.7800000000000	60.0363727399574
11.8000000000000	60.0325788778595
11.8200000000000	60.0249584196426
11.8400000000000	60.0198509251516
11.8600000000000	60.0120773960328
11.8800000000000	60.0086266532867
11.9000000000000	60.0001551934183
11.9200000000000	59.9920977049006
11.9400000000000	59.9852270262350
11.9600000000000	59.9773308755566
11.9800000000000	59.9705231493734
12	59.9606109696949
12.0200000000000	59.9512189647337
12.0400000000000	59.9431541600079
12.0600000000000	59.9341429630043
12.0800000000000	59.9265542951637
12.1000000000000	59.9163814442276
12.1200000000000	59.9068679994152
12.1400000000000	59.8988958181266
12.1600000000000	59.8902672635021
12.1800000000000	59.8833581691897
12.2000000000000	59.8745366945172
12.2200000000000	59.8665329334181
12.2400000000000	59.8602049638743
12.2600000000000	59.8522999390050
12.2800000000000	59.8479268059094
12.3000000000000	59.8435104525688
12.3200000000000	59.8384327732908
12.3400000000000	59.8342048966003
12.3600000000000	59.8291147083605
12.3800000000000	59.8277987272546
12.4000000000000	59.8265806236145
12.4200000000000	59.8245323044024
12.4400000000000	59.8232533902651
12.4600000000000	59.8234330485610
12.4800000000000	59.8221616647139
12.5000000000000	59.8242727403005
12.5200000000000	59.8264053716433
12.5400000000000	59.8281540905747
12.5600000000000	59.8302490090081
12.5800000000000	59.8327182945278
12.6000000000000	59.8359359967666
12.6200000000000	59.8381811655140
12.6400000000000	59.8432669523523
12.6600000000000	59.8483919898745
12.6800000000000	59.8530039980779
12.7000000000000	59.8577469320653
12.7200000000000	59.8629835743065
12.7400000000000	59.8689867837993
12.7600000000000	59.8736421179788
12.7800000000000	59.8817947255720
12.8000000000000	59.8895754862000
12.8200000000000	59.8959031710587
12.8400000000000	59.9041526655744
12.8600000000000	59.9105728710532
12.8800000000000	59.9220341578308
12.9000000000000	59.9297202547945
12.9200000000000	59.9391193848409
12.9400000000000	59.9469755082298
12.9600000000000	59.9586845328279
12.9800000000000	59.9686302167119
13	59.9789378853322
13.0200000000000	59.9874005888632
13.0400000000000	59.9999022981394
13.0600000000000	60.0100488140460
13.0800000000000	60.0199219439740
13.1000000000000	60.0286232209442
13.1200000000000	60.0406158425607
13.1400000000000	60.0511886129741
13.1600000000000	60.0586964641265
13.1800000000000	60.0671700700069
13.2000000000000	60.0738411355033
13.2200000000000	60.0830259290192
13.2400000000000	60.0910370874856
13.2600000000000	60.0953183367438
13.2800000000000	60.1013374439973
13.3000000000000	60.1047888350939
13.3200000000000	60.1117553532596
13.3400000000000	60.1134944790699
13.3600000000000	60.1161274142223
13.3800000000000	60.1177564985459
13.4000000000000	60.1212342407853
13.4200000000000	60.1232617269337
13.4400000000000	60.1224847462655
13.4600000000000	60.1228353833283
13.4800000000000	60.1220315968556
13.5000000000000	60.1233268222962
13.5200000000000	60.1234360478511
13.5400000000000	60.1211590991382
13.5600000000000	60.1200571990470
13.5800000000000	60.1180997072173
13.6000000000000	60.1181499505908
13.6200000000000	60.1174708679034
13.6400000000000	60.1143302224060
13.6600000000000	60.1127595907252
13.6800000000000	60.1097572342798
13.7000000000000	60.1089252065530
13.7200000000000	60.1059492645766
13.7400000000000	60.1029202358151
13.7600000000000	60.1007135812304
13.7800000000000	60.0979257093745
13.8000000000000	60.0954350547659
13.8200000000000	60.0898960954386
13.8400000000000	60.0855208917436
13.8600000000000	60.0792856969561
13.8800000000000	60.0757487973415
13.9000000000000	60.0711689993700
13.9200000000000	60.0633340281032
13.9400000000000	60.0558592776759
13.9600000000000	60.0468343212855
13.9800000000000	60.0401231474235
14	60.0325032681511
14.0200000000000	60.0207202713368
14.0400000000000	60.0113410735819
14.0600000000000	59.9990093159132
14.0800000000000	59.9910628054704
14.1000000000000	59.9782992899980
14.1200000000000	59.9656742248762
14.1400000000000	59.9544373277906
14.1600000000000	59.9421513461538
14.1800000000000	59.9314035010265
14.2000000000000	59.9184876451022
14.2200000000000	59.9064226185605
14.2400000000000	59.8935266491343
14.2600000000000	59.8841715521036
14.2800000000000	59.8749967965010
14.3000000000000	59.8647754871361
14.3200000000000	59.8553608248569
14.3400000000000	59.8478562746777
14.3600000000000	59.8393916669474
14.3800000000000	59.8343180216602
14.4000000000000	59.8295809900934
14.4200000000000	59.8251979941695
14.4400000000000	59.8215701388933
14.4600000000000	59.8176188352424
14.4800000000000	59.8168178345298
14.5000000000000	59.8161766266810
14.5200000000000	59.8163398554417
14.5400000000000	59.8170981528994
14.5600000000000	59.8176755674451
14.5800000000000	59.8198003681249
14.6000000000000	59.8218909258705
14.6200000000000	59.8234195755217
14.6400000000000	59.8266062217411
14.6600000000000	59.8305652352102
14.6800000000000	59.8344577289181
14.7000000000000	59.8382741290393
14.7200000000000	59.8426828331576
14.7400000000000	59.8470168069649
14.7600000000000	59.8517749315969
14.7800000000000	59.8561973135126
14.8000000000000	59.8616532986301
14.8200000000000	59.8656702139050
14.8400000000000	59.8726439656252
14.8600000000000	59.8794566986098
14.8800000000000	59.8858270367214
14.9000000000000	59.8920886789135
14.9200000000000	59.8998755191629
14.9400000000000	59.9062031988150
14.9600000000000	59.9171059713719
14.9800000000000	59.9250591970246
15	59.9347533836351
15.0200000000000	59.9431106538934
15.0400000000000	59.9564728962207
15.0600000000000	59.9664889050694
15.0800000000000	59.9762352592501
15.1000000000000	59.9911976201675
15.1200000000000	60.0016921820263
15.1400000000000	60.0125675660035
15.1600000000000	60.0283035842751
15.1800000000000	60.0389808009298
15.2000000000000	60.0512854247729
15.2200000000000	60.0633592317002
15.2400000000000	60.0757678286194
15.2600000000000	60.0850097197587
15.2800000000000	60.0954474971640
15.3000000000000	60.1033001077324
15.3200000000000	60.1149149811067
15.3400000000000	60.1208679238388
15.3600000000000	60.1274304648970
15.3800000000000	60.1325777997688
15.4000000000000	60.1392248442002
15.4200000000000	60.1439304825156
15.4400000000000	60.1455668426055
15.4600000000000	60.1479017604650
15.4800000000000	60.1489748150817
15.5000000000000	60.1510560081515
15.5200000000000	60.1520231036219
15.5400000000000	60.1504391161533
15.5600000000000	60.1502859084140
15.5800000000000	60.1488018624286
15.6000000000000	60.1485612163118
15.6200000000000	60.1477421869074
15.6400000000000	60.1450745496196
15.6600000000000	60.1440602969925
15.6800000000000	60.1422083286951
15.7000000000000	60.1422936959036
15.7200000000000	60.1396982248865
15.7400000000000	60.1385783057561
15.7600000000000	60.1375404178719
15.7800000000000	60.1379207818124
15.8000000000000	60.1375745750899
15.8200000000000	60.1356972369413
15.8400000000000	60.1351183354438
15.8600000000000	60.1340266184881
15.8800000000000	60.1346669326355
15.9000000000000	60.1347012704880
15.9200000000000	60.1324246203824
15.9400000000000	60.1314249169722
15.9600000000000	60.1289734004315
15.9800000000000	60.1292890074985
16	60.1253158620385
16.0200000000000	60.1216565310297
16.0400000000000	60.1172377130707
16.0600000000000	60.1144741983818
16.0800000000000	60.1105542306700
16.1000000000000	60.1031351993771
16.1200000000000	60.0956989110984
16.1400000000000	60.0864926972227
16.1600000000000	60.0791809416989
16.1800000000000	60.0693662289203
16.2000000000000	60.0577653803019
16.2200000000000	60.0470362233030
16.2400000000000	60.0346023721549
16.2600000000000	60.0231017663132
16.2800000000000	60.0087134983659
16.3000000000000	59.9942214823421
16.3200000000000	59.9779212103537
16.3400000000000	59.9653947984893
16.3600000000000	59.9520849178732
16.3800000000000	59.9372373124285
16.4000000000000	59.9229045473780
16.4200000000000	59.9081647967048
16.4400000000000	59.8966381142890
16.4600000000000	59.8854341893658
16.4800000000000	59.8743439484407
16.5000000000000	59.8639733921142
16.5200000000000	59.8541216133139
16.5400000000000	59.8472649965183
16.5600000000000	59.8410642328791
16.5800000000000	59.8359828057764
16.6000000000000	59.8314739635885
16.6200000000000	59.8282525620289
16.6400000000000	59.8257078492126
16.6600000000000	59.8251856263094
16.6800000000000	59.8249295530653
16.7000000000000	59.8255301075049
16.7200000000000	59.8275325573330
16.7400000000000	59.8290298880592
16.7600000000000	59.8317585805678
16.7800000000000	59.8345707556383
16.8000000000000	59.8375074218040
16.8200000000000	59.8408242401040
16.8400000000000	59.8443364416739
16.8600000000000	59.8473052350716
16.8800000000000	59.8511138845420
16.9000000000000	59.8547491273193
16.9200000000000	59.8586024639671
16.9400000000000	59.8619915586012
16.9600000000000	59.8656841910692
16.9800000000000	59.8693802161934
17	59.8729093660588
17.0200000000000	59.8753911466767
17.0400000000000	59.8800411441267
17.0600000000000	59.8844534884030
17.0800000000000	59.8884021647830
17.1000000000000	59.8928310805089
17.1200000000000	59.8981606177293
17.1400000000000	59.9023303345472
17.1600000000000	59.9104995665386
17.1800000000000	59.9163593789332
17.2000000000000	59.9239216614671
17.2200000000000	59.9303393990331
17.2400000000000	59.9418523874361
17.2600000000000	59.9502554052253
17.2800000000000	59.9585453727504
17.3000000000000	59.9725786862501
17.3200000000000	59.9821577282815
17.3400000000000	59.9924747327230
17.3600000000000	60.0077229501413
17.3800000000000	60.0186634420193
17.4000000000000	60.0293161062057
17.4200000000000	60.0449482651699
17.4400000000000	60.0552166157552
17.4600000000000	60.0672008426067
17.4800000000000	60.0786891910442
17.5000000000000	60.0902284797448
17.5200000000000	60.0982261531357
17.5400000000000	60.1070268664937
17.5600000000000	60.1140742590120
17.5800000000000	60.1223952110833
17.6000000000000	60.1292364072008
17.6200000000000	60.1325804560007
17.6400000000000	60.1368897950873
17.6600000000000	60.1390832915060
17.6800000000000	60.1428863959260
17.7000000000000	60.1426536835352
17.7200000000000	60.1431757699883
17.7400000000000	60.1434001279998
17.7600000000000	60.1433868900509
17.7800000000000	60.1423850751143
17.8000000000000	60.1396852451706
17.8200000000000	60.1381815023746
17.8400000000000	60.1367146255566
17.8600000000000	60.1357952529828
17.8800000000000	60.1340587116180
17.9000000000000	60.1313925476526
17.9200000000000	60.1303027322458
17.9400000000000	60.1294402261098
17.9600000000000	60.1292945575851
17.9800000000000	60.1290950249317
18	60.1279201469708
18.0200000000000	60.1283803048473
18.0400000000000	60.1290910231881
18.0600000000000	60.1307240624217
18.0800000000000	60.1322572176555
18.1000000000000	60.1323729661567
18.1200000000000	60.1344323956771
18.1400000000000	60.1355764513250
18.1600000000000	60.1387920664485
18.1800000000000	60.1389082759592
18.2000000000000	60.1403184005009
18.2200000000000	60.1406153796643
18.2400000000000	60.1426160605581
18.2600000000000	60.1436818801900
18.2800000000000	60.1417610122446
18.3000000000000	60.1404808340269
18.3200000000000	60.1372230783148
18.3400000000000	60.1367691698554
18.3600000000000	60.1311735825108
18.3800000000000	60.1259114396777
18.4000000000000	60.1180161496331
18.4200000000000	60.1125152755228
18.4400000000000	60.1053448909417
18.4600000000000	60.0931808513581
18.4800000000000	60.0830934662315
18.5000000000000	60.0694390866651
18.5200000000000	60.0595614835214
18.5400000000000	60.0445341222702
18.5600000000000	60.0297998068387
18.5800000000000	60.0126355025690
18.6000000000000	59.9986200387453
18.6200000000000	59.9842181090365
18.6400000000000	59.9677784931108
18.6600000000000	59.9515212714899
18.6800000000000	59.9346820377749
18.7000000000000	59.9208952940008
18.7200000000000	59.9073469804078
18.7400000000000	59.8939741550284
18.7600000000000	59.8811866791819
18.7800000000000	59.8691037260318
18.8000000000000	59.8598303249062
18.8200000000000	59.8514208932114
18.8400000000000	59.8444970647558
18.8600000000000	59.8382948273595
18.8800000000000	59.8327293102874
18.9000000000000	59.8296209967178
18.9200000000000	59.8277899647817
18.9400000000000	59.8265915263837
18.9600000000000	59.8270937458724
18.9800000000000	59.8281778987894
19	59.8297833820265
19.0200000000000	59.8320847831811
19.0400000000000	59.8347184280425
19.0600000000000	59.8379703951799
19.0800000000000	59.8412118937085
19.1000000000000	59.8448432537636
19.1200000000000	59.8487321182238
19.1400000000000	59.8522454884644
19.1600000000000	59.8554625721059
19.1800000000000	59.8590834815766
19.2000000000000	59.8617721029772
19.2200000000000	59.8649291420438
19.2400000000000	59.8675847485276
19.2600000000000	59.8697483700713
19.2800000000000	59.8709058365101
19.3000000000000	59.8726820159484
19.3200000000000	59.8747663195828
19.3400000000000	59.8762081625769
19.3600000000000	59.8779760309498
19.3800000000000	59.8795878117544
19.4000000000000	59.8803914170355
19.4200000000000	59.8835427911585
19.4400000000000	59.8864189517039
19.4600000000000	59.8892635758439
19.4800000000000	59.8931341368508
19.5000000000000	59.8960626237619
19.5200000000000	59.9037944328108
19.5400000000000	59.9091452792438
19.5600000000000	59.9163101619808
19.5800000000000	59.9243620185411
19.6000000000000	59.9329989198251
19.6200000000000	59.9409804394562
19.6400000000000	59.9547588307750
19.6600000000000	59.9642793272749
19.6800000000000	59.9745264936063
19.7000000000000	59.9902357903582
19.7200000000000	60.0010558199891
19.7400000000000	60.0138534742415
19.7600000000000	60.0266501364941
19.7800000000000	60.0398780069789
19.8000000000000	60.0499227796988
19.8200000000000	60.0616594606789
19.8400000000000	60.0726222024017
19.8600000000000	60.0832014539811
19.8800000000000	60.0902385829319
19.9000000000000	60.0979600349968
19.9200000000000	60.1040196324050
19.9400000000000	60.1109911442280
19.9600000000000	60.1158480365387
19.9800000000000	60.1178602639552
20	60.1203752072934
20.0200000000000	60.1218526152663
20.0400000000000	60.1232100374443
20.0600000000000	60.1234592572589
20.0800000000000	60.1215806696949
20.1000000000000	60.1206624432704
20.1200000000000	60.1193836607750
20.1400000000000	60.1181065601233
20.1600000000000	60.1162879448421
20.1800000000000	60.1133514480245
20.2000000000000	60.1121751727057
20.2200000000000	60.1105986737855
20.2400000000000	60.1096565614625
20.2600000000000	60.1086821255829
20.2800000000000	60.1073991364634
20.3000000000000	60.1075298827518
20.3200000000000	60.1078212095025
20.3400000000000	60.1091073064466
20.3600000000000	60.1094023986502
20.3800000000000	60.1112888941353
20.4000000000000	60.1138575117569
20.4200000000000	60.1171055987821
20.4400000000000	60.1201220303583
20.4600000000000	60.1219901835192
20.4800000000000	60.1254721136661
20.5000000000000	60.1285481975595
20.5200000000000	60.1329478788891
20.5400000000000	60.1368218067827
20.5600000000000	60.1384870305834
20.5800000000000	60.1411713414988
20.6000000000000	60.1423784488944
20.6200000000000	60.1459018468416
20.6400000000000	60.1450269820664
20.6600000000000	60.1442747936671
20.6800000000000	60.1421646699209
20.7000000000000	60.1414754800697
20.7200000000000	60.1392951425373
20.7400000000000	60.1331529329559
20.7600000000000	60.1268131642376
20.7800000000000	60.1178709324391
20.8000000000000	60.1120780259972
20.8200000000000	60.1005929679646
20.8400000000000	60.0890459650121
20.8600000000000	60.0745084233610
20.8800000000000	60.0628072928513
20.9000000000000	60.0495109971433
20.9200000000000	60.0331467945630
20.9400000000000	60.0165004849631
20.9600000000000	59.9983260494481
20.9800000000000	59.9838633907275
21	59.9662661279290
21.0200000000000	59.9486716328605
21.0400000000000	59.9327997786729
21.0600000000000	59.9164924677562
21.0800000000000	59.9023540585940
21.1000000000000	59.8881381107529
21.1200000000000	59.8746993637235
21.1400000000000	59.8634128256685
21.1600000000000	59.8523758769472
21.1800000000000	59.8442059829460
21.2000000000000	59.8371461190513
21.2200000000000	59.8314395420747
21.2400000000000	59.8268191011551
21.2600000000000	59.8230479734492
21.2800000000000	59.8212504962086
21.3000000000000	59.8210183194125
21.3200000000000	59.8212225516090
21.3400000000000	59.8232775005374
21.3600000000000	59.8256944893141
21.3800000000000	59.8281225412293
21.4000000000000	59.8317258273041
21.4200000000000	59.8353698206576
21.4400000000000	59.8391315488223
21.4600000000000	59.8429499812665
21.4800000000000	59.8464865303768
21.5000000000000	59.8500871250257
21.5200000000000	59.8532608049786
21.5400000000000	59.8564069264931
21.5600000000000	59.8590160208353
21.5800000000000	59.8606378636097
21.6000000000000	59.8628950433252
21.6200000000000	59.8643794233081
21.6400000000000	59.8652407287692
21.6600000000000	59.8650159489537
21.6800000000000	59.8655928323703
21.7000000000000	59.8658003727311
21.7200000000000	59.8658674105238
21.7400000000000	59.8657170715505
21.7600000000000	59.8660967288873
21.7800000000000	59.8655295835350
21.8000000000000	59.8673089052187
21.8200000000000	59.8686805924586
21.8400000000000	59.8705131509661
21.8600000000000	59.8736989755430
21.8800000000000	59.8773783569960
21.9000000000000	59.8827985602249
21.9200000000000	59.8874718715486
21.9400000000000	59.8927218592742
21.9600000000000	59.9025104989873
21.9800000000000	59.9114151073398
22	59.9193986963068
22.0200000000000	59.9335627884717
22.0400000000000	59.9433729648444
22.0600000000000	59.9541886774917
22.0800000000000	59.9702648437127
22.1000000000000	59.9814047087115
22.1200000000000	59.9932183146929
22.1400000000000	60.0084416034325
22.1600000000000	60.0222793003425
22.1800000000000	60.0329294746870
22.2000000000000	60.0451824759207
22.2200000000000	60.0548983618855
22.2400000000000	60.0675918677611
22.2600000000000	60.0749904192922
22.2800000000000	60.0828225952504
22.3000000000000	60.0893548182106
22.3200000000000	60.0963715688754
22.3400000000000	60.1013060064665
22.3600000000000	60.1032968525128
22.3800000000000	60.1058153812260
22.4000000000000	60.1072904688040
22.4200000000000	60.1087505233030
22.4400000000000	60.1085146362812
22.4600000000000	60.1065683556960
22.4800000000000	60.1055123020521
22.5000000000000	60.1042738202723
22.5200000000000	60.1030151536854
22.5400000000000	60.1007401261297
22.5600000000000	60.0977869822394
22.5800000000000	60.0962685286248
22.6000000000000	60.0952212424348
22.6200000000000	60.0941700852816
22.6400000000000	60.0932120001442
22.6600000000000	60.0918318140985
22.6800000000000	60.0922154013574
22.7000000000000	60.0932294621932
22.7200000000000	60.0947822770465
22.7400000000000	60.0965173548656
22.7600000000000	60.0977406445849
22.7800000000000	60.1010624009541
22.8000000000000	60.1041655555769
22.8200000000000	60.1083732892623
22.8400000000000	60.1114057124028
22.8600000000000	60.1155812343169
22.8800000000000	60.1204415579292
22.9000000000000	60.1254748307990
22.9200000000000	60.1302237617940
22.9400000000000	60.1331644804271
22.9600000000000	60.1368880012220
22.9800000000000	60.1395295238672
23	60.1436918290794
23.0200000000000	60.1466888067448
23.0400000000000	60.1457382512765
23.0600000000000	60.1466862271391
23.0800000000000	60.1460501712246
23.1000000000000	60.1452078906473
23.1200000000000	60.1406125456370
23.1400000000000	60.1354894686307
23.1600000000000	60.1280935374032
23.1800000000000	60.1221582473565
23.2000000000000	60.1131818421483
23.2200000000000	60.1019305994745
23.2400000000000	60.0910268436914
23.2600000000000	60.0778982462278
23.2800000000000	60.0653049550555
23.3000000000000	60.0494606828760
23.3200000000000	60.0329443811759
23.3400000000000	60.0147493365488
23.3600000000000	59.9990579132606
23.3800000000000	59.9826849990251
23.4000000000000	59.9638454383797
23.4200000000000	59.9471424980423
23.4400000000000	59.9290693228298
23.4600000000000	59.9138934851734
23.4800000000000	59.8991231394882
23.5000000000000	59.8842120300755
23.5200000000000	59.8713355748759
23.5400000000000	59.8588095035167
23.5600000000000	59.8489848957434
23.5800000000000	59.8402041401638
23.6000000000000	59.8333909206532
23.6200000000000	59.8272886468382
23.6400000000000	59.8221558608954
23.6600000000000	59.8191543748376
23.6800000000000	59.8178515403595
23.7000000000000	59.8171188254100
23.7200000000000	59.8183681809630
23.7400000000000	59.8201381786859
23.7600000000000	59.8224447248116
23.7800000000000	59.8253466050921
23.8000000000000	59.8284964129471
23.8200000000000	59.8321885557430
23.8400000000000	59.8361034983427
23.8600000000000	59.8399958696108
23.8800000000000	59.8437578097619
23.9000000000000	59.8475432263552
23.9200000000000	59.8502023658291
23.9400000000000	59.8534107445668
23.9600000000000	59.8552140180553
23.9800000000000	59.8578141011001
24	59.8594370805837
24.0200000000000	59.8603255470663
24.0400000000000	59.8602074313510
24.0600000000000	59.8604071805486
24.0800000000000	59.8603238291516
24.1000000000000	59.8596183523560
24.1200000000000	59.8593822461485
24.1400000000000	59.8586736621955
24.1600000000000	59.8572187146766
24.1800000000000	59.8576828783154
24.2000000000000	59.8578961470597
24.2200000000000	59.8583590723795
24.2400000000000	59.8595341254211
24.2600000000000	59.8601916831362
24.2800000000000	59.8644621142603
24.3000000000000	59.8682808641149
24.3200000000000	59.8734127184365
24.3400000000000	59.8778135512995
24.3600000000000	59.8879388207060
24.3800000000000	59.8947877431171
24.4000000000000	59.9026393944307
24.4200000000000	59.9165022333271
24.4400000000000	59.9263852451315
24.4600000000000	59.9367995650023
24.4800000000000	59.9527446409079
24.5000000000000	59.9641824290827
24.5200000000000	59.9762352663582
24.5400000000000	59.9916058340933
24.5600000000000	60.0045946438124
24.5800000000000	60.0174938383730
24.6000000000000	60.0287190586969
24.6200000000000	60.0420127030154
24.6400000000000	60.0538487944604
24.6600000000000	60.0621099364729
24.6800000000000	60.0712651834566
24.7000000000000	60.0779973644411
24.7200000000000	60.0854939902324
24.7400000000000	60.0913760093130
24.7600000000000	60.0942530839810
24.7800000000000	60.0975249775618
24.8000000000000	60.0991064847845
24.8200000000000	60.1008221385366
24.8400000000000	60.1001883517470
24.8600000000000	60.0999208080839
24.8800000000000	60.0990398670974
24.9000000000000	60.0975416245177
24.9200000000000	60.0961416294221
24.9400000000000	60.0932233945510
24.9600000000000	60.0915807181912
24.9800000000000	60.0898040095577
25	60.0882235428635
25.0200000000000	60.0870649403341
25.0400000000000	60.0849707170945
25.0600000000000	60.0847092728231
25.0800000000000	60.0847853110209
25.1000000000000	60.0853663419696
25.1200000000000	60.0866447517563
25.1400000000000	60.0871934595078
25.1600000000000	60.0896350560385
25.1800000000000	60.0926860321590
25.2000000000000	60.0966482485454
25.2200000000000	60.1003105859147
25.2400000000000	60.1033980849479
25.2600000000000	60.1080455823068
25.2800000000000	60.1127013180950
25.3000000000000	60.1184724310586
25.3200000000000	60.1239173238027
25.3400000000000	60.1275608717744
25.3600000000000	60.1324436710369
25.3800000000000	60.1360906186757
25.4000000000000	60.1417757712905
25.4200000000000	60.1435138798516
25.4400000000000	60.1455503744804
25.4600000000000	60.1464149053828
25.4800000000000	60.1485240476499
25.5000000000000	60.1491398228979
25.5200000000000	60.1459569216187
25.5400000000000	60.1425781291757
25.5600000000000	60.1366199066301
25.5800000000000	60.1335209789526
25.6000000000000	60.1245912734493
25.6200000000000	60.1154929429679
25.6400000000000	60.1032276300899
25.6600000000000	60.0934723334208
25.6800000000000	60.0818166944483
25.7000000000000	60.0654135688139
25.7200000000000	60.0508623975971
25.7400000000000	60.0330847172550
25.7600000000000	60.0188815235011
25.7800000000000	60.0006970454611
25.8000000000000	59.9825739625886
25.8200000000000	59.9634220271140
25.8400000000000	59.9470644043409
25.8600000000000	59.9310517135970
25.8800000000000	59.9146776006535
25.9000000000000	59.8986886826992
25.9200000000000	59.8826721267566
25.9400000000000	59.8700187987623
25.9600000000000	59.8586021322430
25.9800000000000	59.8485728425268
26	59.8391705754710
26.0200000000000	59.8314955039995
26.0400000000000	59.8251467558296
26.0600000000000	59.8208804957335
26.0800000000000	59.8176291818375
26.1000000000000	59.8168277209279
26.1200000000000	59.8159335269217
26.1400000000000	59.8168469444813
26.1600000000000	59.8182424879304
26.1800000000000	59.8208569003443
26.2000000000000	59.8238425376954
26.2200000000000	59.8267410768509
26.2400000000000	59.8305160105351
26.2600000000000	59.8348977851473
26.2800000000000	59.8388902470719
26.3000000000000	59.8426197258018
26.3200000000000	59.8456063186691
26.3400000000000	59.8489681113149
26.3600000000000	59.8524770827961
26.3800000000000	59.8550352316675
26.4000000000000	59.8568606922523
26.4200000000000	59.8579772543642
26.4400000000000	59.8586781887310
26.4600000000000	59.8590429344161
26.4800000000000	59.8585173861021
26.5000000000000	59.8585545514688
26.5200000000000	59.8576744054527
26.5400000000000	59.8564856709564
26.5600000000000	59.8546345854325
26.5800000000000	59.8544387251984
26.6000000000000	59.8534991668858
26.6200000000000	59.8528799850346
26.6400000000000	59.8531971081220
26.6600000000000	59.8525855378043
26.6800000000000	59.8560328133658
26.7000000000000	59.8576674058184
26.7200000000000	59.8612687481679
26.7400000000000	59.8641477034541
26.7600000000000	59.8724608617178
26.7800000000000	59.8782517834587
26.8000000000000	59.8863559841239
26.8200000000000	59.8955247648592
26.8400000000000	59.9056510212493
26.8600000000000	59.9148902941639
26.8800000000000	59.9304247450436
26.9000000000000	59.9414492491715
26.9200000000000	59.9529369491829
26.9400000000000	59.9684738371132
26.9600000000000	59.9818344569641
26.9800000000000	59.9953452431874
27	60.0073035600429
27.0200000000000	60.0217885517276
27.0400000000000	60.0350046016999
27.0600000000000	60.0446074961963
27.0800000000000	60.0553313346551
27.1000000000000	60.0636216456268
27.1200000000000	60.0738358861163
27.1400000000000	60.0791878423162
27.1600000000000	60.0848991337491
27.1800000000000	60.0897748406521
27.2000000000000	60.0937561698287
27.2200000000000	60.0962080042204
27.2400000000000	60.0962634423099
27.2600000000000	60.0968073734563
27.2800000000000	60.0968840527184
27.3000000000000	60.0966236066305
27.3200000000000	60.0950088594165
27.3400000000000	60.0922290053409
27.3600000000000	60.0905108744118
27.3800000000000	60.0890363951005
27.4000000000000	60.0874938915934
27.4200000000000	60.0852603447554
27.4400000000000	60.0827549200355
27.4600000000000	60.0818474486720
27.4800000000000	60.0816447184933
27.5000000000000	60.0818037789953
27.5200000000000	60.0816652457071
27.5400000000000	60.0815632940367
27.5600000000000	60.0833134214817
27.5800000000000	60.0857740489886
27.6000000000000	60.0890148859967
27.6200000000000	60.0920401747012
27.6400000000000	60.0947737239172
27.6600000000000	60.0991377669791
27.6800000000000	60.1038943183294
27.7000000000000	60.1094462649508
27.7200000000000	60.1149156179645
27.7400000000000	60.1187485721360
27.7600000000000	60.1244949133494
27.7800000000000	60.1289928595940
27.8000000000000	60.1354516532190
27.8200000000000	60.1383715554564
27.8400000000000	60.1422222409336
27.8600000000000	60.1444506523847
27.8800000000000	60.1482251984207
27.9000000000000	60.1506267470969
27.9200000000000	60.1494604495937
27.9400000000000	60.1484024114520
27.9600000000000	60.1447664552153
27.9800000000000	60.1439678816922
28	60.1373669784583
28.0200000000000	60.1306500669162
28.0400000000000	60.1207496077588
28.0600000000000	60.1132204732552
28.0800000000000	60.1036319178740
28.1000000000000	60.0890290194852
28.1200000000000	60.0761383103457
28.1400000000000	60.0610840387879
28.1600000000000	60.0467945500495
28.1800000000000	60.0295708400683
28.2000000000000	60.0118731279834
28.2200000000000	59.9922610381055
28.2400000000000	59.9761437254922
28.2600000000000	59.9593291224968
28.2800000000000	59.9415450768739
28.3000000000000	59.9241698154924
28.3200000000000	59.9067455911557
28.3400000000000	59.8922512255017
28.3600000000000	59.8784322844480
28.3800000000000	59.8658094903975
28.4000000000000	59.8540272548815
28.4200000000000	59.8429748190795
28.4400000000000	59.8347425683658
28.4600000000000	59.8280503021723
28.4800000000000	59.8231842041460
28.5000000000000	59.8190366811266
28.5200000000000	59.8166236473787
28.5400000000000	59.8152587000997
28.5600000000000	59.8150279240218
28.5800000000000	59.8165143762552
28.6000000000000	59.8179191551443
28.6200000000000	59.8207095968935
28.6400000000000	59.8247694432745
28.6600000000000	59.8283978051632
28.6800000000000	59.8325906925575
28.7000000000000	59.8365945834947
28.7200000000000	59.8404987068718
28.7400000000000	59.8439936079626
28.7600000000000	59.8477590856647
28.7800000000000	59.8507630805780
28.8000000000000	59.8531548016728
28.8200000000000	59.8554516682414
28.8400000000000	59.8569353702410
28.8600000000000	59.8573981410900
28.8800000000000	59.8584427323785
28.9000000000000	59.8583214426392
28.9200000000000	59.8579883563434
28.9400000000000	59.8568280551893
28.9600000000000	59.8560791128621
28.9800000000000	59.8546678263322
29	59.8537189149656
29.0200000000000	59.8524668487542
29.0400000000000	59.8503043956143
29.0600000000000	59.8507615443031
29.0800000000000	59.8513181324629
29.1000000000000	59.8515765550885
29.1200000000000	59.8533807050711
29.1400000000000	59.8541437721000
29.1600000000000	59.8594468777202
29.1800000000000	59.8640294611609
29.2000000000000	59.8700330882413
29.2200000000000	59.8753650185299
29.2400000000000	59.8866627936883
29.2600000000000	59.8944459989603
29.2800000000000	59.9035153530646
29.3000000000000	59.9180806185341
29.3200000000000	59.9289765450874
29.3400000000000	59.9424032809402
29.3600000000000	59.9567556439636
29.3800000000000	59.9686532075464
29.4000000000000	59.9811462766708
29.4200000000000	59.9966008094038
29.4400000000000	60.0110560644843
29.4600000000000	60.0220333318224
29.4800000000000	60.0344908275504
29.5000000000000	60.0461131112430
29.5200000000000	60.0570289516475
29.5400000000000	60.0644480768475
29.5600000000000	60.0723429600633
29.5800000000000	60.0786562347168
29.6000000000000	60.0853449265285
29.6200000000000	60.0899211618652
29.6400000000000	60.0916752204512
29.6600000000000	60.0938996519235
29.6800000000000	60.0951987391751
29.7000000000000	60.0962373659436
29.7200000000000	60.0956146686669
29.7400000000000	60.0934714013076
29.7600000000000	60.0922179510750
29.7800000000000	60.0909025352818
29.8000000000000	60.0893880177950
29.8200000000000	60.0869268006479
29.8400000000000	60.0840069742322
29.8600000000000	60.0825302269718
29.8800000000000	60.0816307503986
29.9000000000000	60.0809173577788
29.9200000000000	60.0797893314583
29.9400000000000	60.0787385571267
29.9600000000000	60.0794547567214
29.9800000000000	60.0809856726133
30	60.0828572054973
30.0200000000000	60.0850420023609
30.0400000000000	60.0869030583342
30.0600000000000	60.0905421979370
30.0800000000000	60.0947451302956
30.1000000000000	60.0996463805020
30.1200000000000	60.1046099746088
30.1400000000000	60.1085572128742
30.1600000000000	60.1142875149832
30.1800000000000	60.1192700434079
30.2000000000000	60.1260016819826
30.2200000000000	60.1297948677774
30.2400000000000	60.1347593216241
30.2600000000000	60.1385401706777
30.2800000000000	60.1437348180362
30.3000000000000	60.1478203111785
30.3200000000000	60.1487257287291
30.3400000000000	60.1500322515026
30.3600000000000	60.1490629337566
30.3800000000000	60.1506195979385
30.4000000000000	60.1467171510612
30.4200000000000	60.1428348842125
30.4400000000000	60.1359340537226
30.4600000000000	60.1311896173839
30.4800000000000	60.1243795283334
30.5000000000000	60.1122960994930
30.5200000000000	60.1019211284319
30.5400000000000	60.0892137961099
30.5600000000000	60.0769528470619
30.5800000000000	60.0612281196989
30.6000000000000	60.0448130735420
30.6200000000000	60.0260750261897
30.6400000000000	60.0105561023671
30.6600000000000	59.9938910631920
30.6800000000000	59.9755220193520
30.7000000000000	59.9571645235374
30.7200000000000	59.9383776706643
30.7400000000000	59.9223682389769
30.7600000000000	59.9066689307853
30.7800000000000	59.8907962102070
30.8000000000000	59.8769110248366
30.8200000000000	59.8633460204963
30.8400000000000	59.8524440588896
30.8600000000000	59.8426566022889
30.8800000000000	59.8348606146617
30.9000000000000	59.8278456103619
30.9200000000000	59.8218640870553
30.9400000000000	59.8180646992484
30.9600000000000	59.8160934851487
30.9800000000000	59.8147833385483
31	59.8158944662962
31.0200000000000	59.8166927631445
31.0400000000000	59.8190297377512
31.0600000000000	59.8215388148576
31.0800000000000	59.8249304165635
31.1000000000000	59.8287317469798
31.1200000000000	59.8327181752123
31.1400000000000	59.8366972930314
31.1600000000000	59.8409282018910
31.1800000000000	59.8446109122017
31.2000000000000	59.8474567108552
31.2200000000000	59.8508219980362
31.2400000000000	59.8529321521862
31.2600000000000	59.8555871297423
31.2800000000000	59.8572807314761
31.3000000000000	59.8581796208409
31.3200000000000	59.8580591931177
31.3400000000000	59.8580230279634
31.3600000000000	59.8576086295655
31.3800000000000	59.8563853153842
31.4000000000000	59.8556944131512
31.4200000000000	59.8543005479599
31.4400000000000	59.8518578308702
31.4600000000000	59.8512960121540
31.4800000000000	59.8506229594286
31.5000000000000	59.8500542471140
31.5200000000000	59.8499420131601
31.5400000000000	59.8490373705272
31.5600000000000	59.8521099391884
31.5800000000000	59.8551288325121
31.6000000000000	59.8577994199520
31.6200000000000	59.8610245383252
31.6400000000000	59.8687548066326
31.6600000000000	59.8756899661797
31.6800000000000	59.8840561328879
31.7000000000000	59.8937492733841
31.7200000000000	59.9040175903272
31.7400000000000	59.9157503350467
31.7600000000000	59.9280684058885
31.7800000000000	59.9407351392772
31.8000000000000	59.9544137330518
31.8200000000000	59.9684423677794
31.8400000000000	59.9832292134905
31.8600000000000	59.9951021607232
31.8800000000000	60.0088639714289
31.9000000000000	60.0220599437444
31.9200000000000	60.0350320870193
31.9400000000000	60.0444922674070
31.9600000000000	60.0546758924722
31.9800000000000	60.0631207650978
32	60.0721765991001
32.0200000000000	60.0795458354957
32.0400000000000	60.0835879630510
32.0600000000000	60.0879742709333
32.0800000000000	60.0911445241908
32.1000000000000	60.0938370707667
32.1200000000000	60.0952114799802
32.1400000000000	60.0942815858285
32.1600000000000	60.0940555436854
32.1800000000000	60.0933138149671
32.2000000000000	60.0921440795060
32.2200000000000	60.0902642141732
32.2400000000000	60.0872687970123
32.2600000000000	60.0855345325265
32.2800000000000	60.0840368531178
32.3000000000000	60.0824489479660
32.3200000000000	60.0807620724369
32.3400000000000	60.0787392873370
32.3600000000000	60.0784192910068
32.3800000000000	60.0787740944389
32.4000000000000	60.0794426194525
32.4200000000000	60.0803426668558
32.4400000000000	60.0810372743165
32.4600000000000	60.0839215886557
32.4800000000000	60.0868345869240
32.5000000000000	60.0906906750421
32.5200000000000	60.0936404072769
32.5400000000000	60.0982199712808
32.5600000000000	60.1034327931797
32.5800000000000	60.1083457243313
32.6000000000000	60.1147894628105
32.6200000000000	60.1189279778197
32.6400000000000	60.1244781394980
32.6600000000000	60.1293130322866
32.6800000000000	60.1355034966986
32.7000000000000	60.1407340239703
32.7200000000000	60.1433934272786
32.7400000000000	60.1466973704273
32.7600000000000	60.1481139366674
32.7800000000000	60.1518533000060
32.8000000000000	60.1506252247641
32.8200000000000	60.1495803174555
32.8400000000000	60.1458530617861
32.8600000000000	60.1440387372598
32.8800000000000	60.1402905287584
32.9000000000000	60.1312376936847
32.9200000000000	60.1239211019969
32.9400000000000	60.1126365612619
32.9600000000000	60.1046423768109
32.9800000000000	60.0909059921833
33	60.0769840264111
33.0200000000000	60.0600431742359
33.0400000000000	60.0460826062484
33.0600000000000	60.0305899169370
33.0800000000000	60.0125781304134
33.1000000000000	59.9943031762089
33.1200000000000	59.9749312322255
33.1400000000000	59.9591556842784
33.1600000000000	59.9411453453089
33.1800000000000	59.9233199689025
33.2000000000000	59.9073825912772
33.2200000000000	59.8915247001689
33.2400000000000	59.8779835599975
33.2600000000000	59.8651284636919
33.2800000000000	59.8530852568815
33.3000000000000	59.8432531173108
33.3200000000000	59.8343719882236
33.3400000000000	59.8277708377581
33.3600000000000	59.8222917841713
33.3800000000000	59.8192086457542
33.4000000000000	59.8166572613495
33.4200000000000	59.8152633874767
33.4400000000000	59.8152249080358
33.4600000000000	59.8160720423699
33.4800000000000	59.8185237866009
33.5000000000000	59.8206723577813
33.5200000000000	59.8240985698487
33.5400000000000	59.8278462484089
33.5600000000000	59.8317355062850
33.5800000000000	59.8357873683361
33.6000000000000	59.8405904421095
33.6200000000000	59.8446010288362
33.6400000000000	59.8480216119060
33.6600000000000	59.8508099404592
33.6800000000000	59.8536203947727
33.7000000000000	59.8554299395876
33.7200000000000	59.8570607353323
33.7400000000000	59.8579766837686
33.7600000000000	59.8579360157868
33.7800000000000	59.8585502208840
33.8000000000000	59.8575460801517
33.8200000000000	59.8566890713652
33.8400000000000	59.8550178163779
33.8600000000000	59.8540425715873
33.8800000000000	59.8524892540519
33.9000000000000	59.8513810036481
33.9200000000000	59.8502268358898
33.9400000000000	59.8484680040582
33.9600000000000	59.8493312760357
33.9800000000000	59.8502049535054
34	59.8512512087856
34.0200000000000	59.8536949822831
34.0400000000000	59.8553903595093
34.0600000000000	59.8625412264253
34.0800000000000	59.8673471311089
34.1000000000000	59.8744022886896
34.1200000000000	59.8825612447307
34.1400000000000	59.8919015425860
34.1600000000000	59.9003660927964
34.1800000000000	59.9152012431817
34.2000000000000	59.9255348492709
34.2200000000000	59.9369708805405
34.2400000000000	59.9539551733123
34.2600000000000	59.9659051602739
34.2800000000000	59.9799830056350
34.3000000000000	59.9920001041437
34.3200000000000	60.0084936037230
34.3400000000000	60.0195820418993
34.3600000000000	60.0317130051315
34.3800000000000	60.0421000958020
34.4000000000000	60.0537984478722
34.4200000000000	60.0638612145522
34.4400000000000	60.0703871964488
34.4600000000000	60.0772888761643
34.4800000000000	60.0826317300553
34.5000000000000	60.0878733302624
34.5200000000000	60.0915776333906
34.5400000000000	60.0924920767998
34.5600000000000	60.0942366819198
34.5800000000000	60.0944036209899
34.6000000000000	60.0944438964914
34.6200000000000	60.0935197090350
34.6400000000000	60.0909864328951
34.6600000000000	60.0897968669670
34.6800000000000	60.0878916953968
34.7000000000000	60.0860525052995
34.7200000000000	60.0839228815288
34.7400000000000	60.0816862604767
34.7600000000000	60.0802879528359
34.7800000000000	60.0792960599405
34.8000000000000	60.0788025107038
34.8200000000000	60.0784240907071
34.8400000000000	60.0783359232393
34.8600000000000	60.0794974181993
34.8800000000000	60.0812027553298
34.9000000000000	60.0837449212406
34.9200000000000	60.0855335437381
34.9400000000000	60.0891616627420
34.9600000000000	60.0934181793907
34.9800000000000	60.0985328651238
35	60.1033730892404
35.0200000000000	60.1073042720355
35.0400000000000	60.1128585850901
35.0600000000000	60.1181335174054
35.0800000000000	60.1246656229366
35.1000000000000	60.1304698058874
35.1200000000000	60.1342791092525
35.1400000000000	60.1390695259564
35.1600000000000	60.1423897000600
35.1800000000000	60.1468620673004
35.2000000000000	60.1488613218614
35.2200000000000	60.1498199081700
35.2400000000000	60.1496043701610
35.2600000000000	60.1504937187545
35.2800000000000	60.1497635590962
35.3000000000000	60.1449975366305
35.3200000000000	60.1398144645156
35.3400000000000	60.1319204429937
35.3600000000000	60.1269512311390
35.3800000000000	60.1161302961156
35.4000000000000	60.1050727219088
35.4200000000000	60.0908313435326
35.4400000000000	60.0792209193592
35.4600000000000	60.0658328616328
35.4800000000000	60.0491733641660
35.5000000000000	60.0320347563318
35.5200000000000	60.0131865242526
35.5400000000000	59.9979068992716
35.5600000000000	59.9793153564066
35.5800000000000	59.9605569845031
35.6000000000000	59.9418351923389
35.6200000000000	59.9256951984431
35.6400000000000	59.9100858982275
35.6600000000000	59.8944636348660
35.6800000000000	59.8798710516747
35.7000000000000	59.8656581860713
35.7200000000000	59.8543368405403
35.7400000000000	59.8444844871067
35.7600000000000	59.8361292869912
35.7800000000000	59.8286770800942
35.8000000000000	59.8232670216765
35.8200000000000	59.8191047501358
35.8400000000000	59.8161086761169
35.8600000000000	59.8147704052685
35.8800000000000	59.8147730982416
35.9000000000000	59.8167613418578
35.9200000000000	59.8183531633802
35.9400000000000	59.8213280869618
35.9600000000000	59.8245322915734
35.9800000000000	59.8279664975343
36	59.8319407613491
36.0200000000000	59.8360060150841
36.0400000000000	59.8399774077408
36.0600000000000	59.8438806552649
36.0800000000000	59.8476218777634
36.1000000000000	59.8501213165718
36.1200000000000	59.8530781933124
36.1400000000000	59.8547627865506
36.1600000000000	59.8569368926763
36.1800000000000	59.8578665850861
36.2000000000000	59.8585627953559
36.2200000000000	59.8579403309924
36.2400000000000	59.8574519393995
36.2600000000000	59.8565047684542
36.2800000000000	59.8555615662907
36.3000000000000	59.8539994830705
36.3200000000000	59.8526920952962
36.3400000000000	59.8505245471162
36.3600000000000	59.8501079909048
36.3800000000000	59.8494638924074
36.4000000000000	59.8488322736294
36.4200000000000	59.8495359199876
36.4400000000000	59.8493414483492
36.4600000000000	59.8536054069571
36.4800000000000	59.8559909083482
36.5000000000000	59.8604858197233
36.5200000000000	59.8643361036661
36.5400000000000	59.8739384083067
36.5600000000000	59.8804097954084
36.5800000000000	59.8879536296350
36.6000000000000	59.9016374215378
36.6200000000000	59.9111319446248
36.6400000000000	59.9218109776404
36.6600000000000	59.9378871199505
36.6800000000000	59.9494138760118
36.7000000000000	59.9617564256400
36.7200000000000	59.9775166437283
36.7400000000000	59.9909577450719
36.7600000000000	60.0043677513591
36.7800000000000	60.0161451812150
36.8000000000000	60.0300500488871
36.8200000000000	60.0425107473902
36.8400000000000	60.0514284152174
36.8600000000000	60.0612356811542
36.8800000000000	60.0685684247187
36.9000000000000	60.0766811376669
36.9200000000000	60.0831352168139
36.9400000000000	60.0865389332750
36.9600000000000	60.0902520047219
36.9800000000000	60.0922751576800
37	60.0943108024043
37.0200000000000	60.0939518462390
37.0400000000000	60.0938997334710
37.0600000000000	60.0931504627659
37.0800000000000	60.0917640653442
37.1000000000000	60.0903602883341
37.1200000000000	60.0874228314501
37.1400000000000	60.0857315085099
37.1600000000000	60.0838286564569
37.1800000000000	60.0821538776504
37.2000000000000	60.0807943170152
37.2200000000000	60.0785308413596
37.2400000000000	60.0781417350820
37.2600000000000	60.0780088775019
37.2800000000000	60.0784915737238
37.3000000000000	60.0795279713372
37.3200000000000	60.0800403359976
37.3400000000000	60.0824509360620
37.3600000000000	60.0854501013955
37.3800000000000	60.0894985290201
37.4000000000000	60.0932129368176
37.4200000000000	60.0964350076649
37.4400000000000	60.1014431341459
37.4600000000000	60.1065689482682
37.4800000000000	60.1128341234900
37.5000000000000	60.1185799212688
37.5200000000000	60.1228953710686
37.5400000000000	60.1282428513145
37.5600000000000	60.1330997992542
37.5800000000000	60.1388252079324
37.6000000000000	60.1423214338722
37.6200000000000	60.1453732262344
37.6400000000000	60.1475810400166
37.6600000000000	60.1508897981000
37.6800000000000	60.1526987991086
37.7000000000000	60.1508819220410
37.7200000000000	60.1488646072914
37.7400000000000	60.1443422414331
37.7600000000000	60.1411477935275
37.7800000000000	60.1349378635743
37.8000000000000	60.1266241237584
37.8200000000000	60.1160966328442
37.8400000000000	60.1072467217515
37.8600000000000	60.0968225255292
37.8800000000000	60.0824478679391
37.9000000000000	60.0673760406533
37.9200000000000	60.0501463206910
37.9400000000000	60.0363454831371
37.9600000000000	60.0182893497326
37.9800000000000	59.9997083386785
38	59.9806089383641
38.0200000000000	59.9639083827811
38.0400000000000	59.9472446756572
38.0600000000000	59.9299396355609
38.0800000000000	59.9129155133640
38.1000000000000	59.8956587748850
38.1200000000000	59.8817723221139
38.1400000000000	59.8691462562733
38.1600000000000	59.8574974873004
38.1800000000000	59.8466688282266
38.2000000000000	59.8366983561969
38.2200000000000	59.8294385371273
38.2400000000000	59.8239124584962
38.2600000000000	59.8194591081515
38.2800000000000	59.8174269614392
38.3000000000000	59.8158112612377
38.3200000000000	59.8152268667764
38.3400000000000	59.8162634995043
38.3600000000000	59.8174455151440
38.3800000000000	59.8204147581734
38.4000000000000	59.8235458505817
38.4200000000000	59.8265821709635
38.4400000000000	59.8304534934966
38.4600000000000	59.8346379468382
38.4800000000000	59.8386593777296
38.5000000000000	59.8424587491067
38.5200000000000	59.8468642603003
38.5400000000000	59.8503140419695
38.5600000000000	59.8527405403844
38.5800000000000	59.8550141393478
38.6000000000000	59.8565705988977
38.6200000000000	59.8577833625387
38.6400000000000	59.8582932598770
38.6600000000000	59.8579442831284
38.6800000000000	59.8581504655785
38.7000000000000	59.8572298812800
38.7200000000000	59.8551948301837
38.7400000000000	59.8541551925120
38.7600000000000	59.8528400159186
38.7800000000000	59.8514104831082
38.8000000000000	59.8499726780345
38.8200000000000	59.8493280146133
38.8400000000000	59.8478249635593
38.8600000000000	59.8496843270650
38.8800000000000	59.8501560763167
38.9000000000000	59.8518923462811
38.9200000000000	59.8535515857224
38.9400000000000	59.8594168459791
38.9600000000000	59.8645830408270
38.9800000000000	59.8712127695767
39	59.8771816254117
39.0200000000000	59.8890977289481
39.0400000000000	59.8978542838132
39.0600000000000	59.9093513271818
39.0800000000000	59.9209082684604
39.1000000000000	59.9336258026344
39.1200000000000	59.9474648737603
39.1400000000000	59.9621332638622
39.1600000000000	59.9741707879747
39.1800000000000	59.9867501168672
39.2000000000000	60.0023187669454
39.2200000000000	60.0163034684697
39.2400000000000	60.0271294114181
39.2600000000000	60.0391280021833
39.2800000000000	60.0486383832661
39.3000000000000	60.0596216690828
39.3200000000000	60.0675063146591
39.3400000000000	60.0747234393605
39.3600000000000	60.0811039650126
39.3800000000000	60.0854458273121
39.4000000000000	60.0904574925698
39.4200000000000	60.0916986557280
39.4400000000000	60.0933932760562
39.4600000000000	60.0942695360085
39.4800000000000	60.0940751030911
39.5000000000000	60.0938368581128
39.5200000000000	60.0914205762142
39.5400000000000	60.0900452071275
39.5600000000000	60.0882749455279
39.5800000000000	60.0869162902610
39.6000000000000	60.0844790870756
39.6200000000000	60.0816270694466
39.6400000000000	60.0803917531563
39.6600000000000	60.0792471068548
39.6800000000000	60.0790932933599
39.7000000000000	60.0782718626899
39.7200000000000	60.0774872050680
39.7400000000000	60.0785319308497
39.7600000000000	60.0804263368304
39.7800000000000	60.0829410449516
39.8000000000000	60.0852709443893
39.8200000000000	60.0874764583874
39.8400000000000	60.0914795965794
39.8600000000000	60.0959387391917
39.8800000000000	60.1014133766526
39.9000000000000	60.1065400568980
39.9200000000000	60.1107520377661
39.9400000000000	60.1162813392564
39.9600000000000	60.1217098518814
39.9800000000000	60.1279743438656
40	60.1323594820799