X Y
0	60
0.0199999999999996	60
0.0399999999999992	60
0.0600000000000023	60
0.0800000000000019	60
0.100000000000001	60
0.120000000000001	60
0.140000000000001	60
0.160000000000000	60
0.180000000000000	60
0.199999999999999	60
0.219999999999999	60
0.240000000000002	60
0.260000000000002	60
0.280000000000001	60
0.300000000000001	60
0.320000000000000	60
0.340000000000000	60
0.359999999999999	60
0.379999999999999	60
0.400000000000002	60
0.420000000000002	60
0.440000000000001	60
0.460000000000001	60
0.480000000000000	60
0.500000000000000	60
0.520000000000000	60
0.539999999999999	60
0.560000000000002	60
0.580000000000002	60
0.600000000000001	60
0.620000000000001	60
0.640000000000001	60
0.660000000000000	60
0.680000000000000	60
0.699999999999999	60
0.719999999999999	60
0.740000000000002	60
0.760000000000002	60
0.780000000000001	60
0.800000000000001	60
0.820000000000000	60
0.840000000000000	60
0.859999999999999	60
0.879999999999999	60
0.900000000000002	60
0.920000000000002	60
0.940000000000001	60
0.960000000000001	60
0.980000000000000	60
1	60
1.02000000000000	60
1.04000000000000	60
1.06000000000000	60
1.08000000000000	60
1.10000000000000	60
1.12000000000000	60
1.14000000000000	60
1.16000000000000	60
1.18000000000000	60
1.20000000000000	60
1.22000000000000	60
1.24000000000000	60
1.26000000000000	60
1.28000000000000	60
1.30000000000000	60
1.32000000000000	60
1.34000000000000	60
1.36000000000000	60
1.38000000000000	60
1.40000000000000	60
1.42000000000000	60
1.44000000000000	60
1.46000000000000	60
1.48000000000000	60
1.50000000000000	60
1.52000000000000	60
1.54000000000000	60
1.56000000000000	60
1.58000000000000	60
1.60000000000000	60
1.62000000000000	60
1.64000000000000	60
1.66000000000000	60
1.68000000000000	60
1.70000000000000	60
1.72000000000000	60
1.74000000000000	60
1.76000000000000	60
1.78000000000000	60
1.80000000000000	60
1.82000000000000	60
1.84000000000000	60
1.86000000000000	60
1.88000000000000	60
1.90000000000000	60
1.92000000000000	60
1.94000000000000	60
1.96000000000000	60
1.98000000000000	60
2	60
2.02000000000000	59.9873446930767
2.04000000000000	59.9791088707207
2.06000000000000	59.9694997091718
2.08000000000000	59.9657329454907
2.10000000000000	59.9579644243602
2.12000000000000	59.9516245881586
2.14000000000000	59.9470566862026
2.16000000000000	59.9403214982992
2.18000000000000	59.9376280928754
2.20000000000000	59.9333716179522
2.22000000000000	59.9290011406224
2.24000000000000	59.9262363491747
2.26000000000000	59.9213775904609
2.28000000000000	59.9204542834791
2.30000000000000	59.9192691376322
2.32000000000000	59.9161321433379
2.34000000000000	59.9143237730612
2.36000000000000	59.9110667976577
2.38000000000000	59.9116710731759
2.40000000000000	59.9119190746298
2.42000000000000	59.9101811368396
2.44000000000000	59.9094921992014
2.46000000000000	59.9072620017125
2.48000000000000	59.9091028077709
2.50000000000000	59.9103289301723
2.52000000000000	59.9093910285123
2.54000000000000	59.9093100779505
2.56000000000000	59.9075051274500
2.58000000000000	59.9096874020442
2.60000000000000	59.9111379193599
2.62000000000000	59.9100642843538
2.64000000000000	59.9096990834666
2.66000000000000	59.9104099823405
2.68000000000000	59.9085237975348
2.70000000000000	59.9115094213801
2.72000000000000	59.9100357280580
2.74000000000000	59.9092015738032
2.76000000000000	59.9093594324477
2.78000000000000	59.9070252211219
2.80000000000000	59.9081327084046
2.82000000000000	59.9084916662705
2.84000000000000	59.9065520085252
2.86000000000000	59.9052561336878
2.88000000000000	59.9023264687882
2.90000000000000	59.9027090897108
2.92000000000000	59.9023432144624
2.94000000000000	59.8997056349398
2.96000000000000	59.8976549990185
2.98000000000000	59.8937225729656
3	59.8936498070308
3.02000000000000	59.8927971720247
3.04000000000000	59.8892890476646
3.06000000000000	59.8863638131398
3.08000000000000	59.8845344350699
3.10000000000000	59.8801702666974
3.12000000000000	59.8807061370374
3.14000000000000	59.8768339883020
3.16000000000000	59.8736481010181
3.18000000000000	59.8716270699378
3.20000000000000	59.8672494889710
3.22000000000000	59.8664541670292
3.24000000000000	59.8651056801792
3.26000000000000	59.8616387765337
3.28000000000000	59.8589365591487
3.30000000000000	59.8546365670923
3.32000000000000	59.8544090331192
3.34000000000000	59.8535622700015
3.36000000000000	59.8502101097522
3.38000000000000	59.8477061400038
3.40000000000000	59.8464841050633
3.42000000000000	59.8429841554902
3.44000000000000	59.8431891859958
3.46000000000000	59.8428389099884
3.48000000000000	59.8403480648850
3.50000000000000	59.8388447520661
3.52000000000000	59.8357106446730
3.54000000000000	59.8366612096646
3.56000000000000	59.8369560610104
3.58000000000000	59.8347166361140
3.60000000000000	59.8333843620028
3.62000000000000	59.8333341795410
3.64000000000000	59.8309352317391
3.66000000000000	59.8323418612472
3.68000000000000	59.8331170468736
3.70000000000000	59.8317325596732
3.72000000000000	59.8313832545270
3.74000000000000	59.8294007598790
3.76000000000000	59.8314951344911
3.78000000000000	59.8328846866734
3.80000000000000	59.8316827534151
3.82000000000000	59.8317211099407
3.84000000000000	59.8325036090695
3.86000000000000	59.8310720394004
3.88000000000000	59.8334773958971
3.90000000000000	59.8352267331833
3.92000000000000	59.8346885007763
3.94000000000000	59.8352024265290
3.96000000000000	59.8339999002376
3.98000000000000	59.8368592386518
4	59.8387993883024
4.02000000000000	59.8383677648808
4.04000000000000	59.8386378982542
4.06000000000000	59.8398273353740
4.08000000000000	59.8386927263624
4.10000000000000	59.8413539792600
4.12000000000000	59.8432901459187
4.14000000000000	59.8421525955485
4.16000000000000	59.8434817107502
4.18000000000000	59.8423252483929
4.20000000000000	59.8448670042033
4.22000000000000	59.8467323592152
4.24000000000000	59.8460980386010
4.26000000000000	59.8464760394891
4.28000000000000	59.8451568798671
4.30000000000000	59.8478636641667
4.32000000000000	59.8496972818932
4.34000000000000	59.8486586161176
4.36000000000000	59.8486760364273
4.38000000000000	59.8497894500240
4.40000000000000	59.8484499167345
4.42000000000000	59.8508265126835
4.44000000000000	59.8525469027962
4.46000000000000	59.8516903546497
4.48000000000000	59.8519352886775
4.50000000000000	59.8505299510427
4.52000000000000	59.8531445396378
4.54000000000000	59.8548915685334
4.56000000000000	59.8537403222606
4.58000000000000	59.8537315185694
4.60000000000000	59.8548624802825
4.62000000000000	59.8535363811615
4.64000000000000	59.8559380841757
4.66000000000000	59.8577179425970
4.68000000000000	59.8568585804210
4.70000000000000	59.8572719661472
4.72000000000000	59.8560320302736
4.74000000000000	59.8587909768211
4.76000000000000	59.8606522583536
4.78000000000000	59.8599329003934
4.80000000000000	59.8600989775073
4.82000000000000	59.8612656937132
4.84000000000000	59.8621790211154
4.86000000000000	59.8641971494741
4.88000000000000	59.8633157793923
4.90000000000000	59.8636066262703
4.92000000000000	59.8650562496986
4.94000000000000	59.8640599933581
4.96000000000000	59.8667992075343
4.98000000000000	59.8689170277375
5	59.8683924118665
5.02000000000000	59.8690541039307
5.04000000000000	59.8681347755983
5.06000000000000	59.8712057861372
5.08000000000000	59.8734089698755
5.10000000000000	59.8726900521066
5.12000000000000	59.8731190078434
5.14000000000000	59.8747312531119
5.16000000000000	59.8738392825422
5.18000000000000	59.8767123971315
5.20000000000000	59.8774189924071
5.22000000000000	59.8778629313356
5.24000000000000	59.8794828178376
5.26000000000000	59.8786674976013
5.28000000000000	59.8815100545563
5.30000000000000	59.8837372639095
5.32000000000000	59.8833370099689
5.34000000000000	59.8840756272474
5.36000000000000	59.8831910218530
5.38000000000000	59.8862819402656
5.40000000000000	59.8884886151006
5.42000000000000	59.8877642580205
5.44000000000000	59.8883328086639
5.46000000000000	59.8896413615076
5.48000000000000	59.8885897019635
5.50000000000000	59.8926826938273
5.52000000000000	59.8918074538858
5.54000000000000	59.8920060234630
5.56000000000000	59.8933305023633
5.58000000000000	59.8921935914137
5.60000000000000	59.8947209171282
5.62000000000000	59.8965705551583
5.64000000000000	59.8958124053269
5.66000000000000	59.8961415293741
5.68000000000000	59.8947924292511
5.70000000000000	59.8973903444157
5.72000000000000	59.8990737102406
5.74000000000000	59.8981918802843
5.76000000000000	59.8983420180271
5.78000000000000	59.8968241336187
5.80000000000000	59.8992881673974
5.82000000000000	59.9009202885933
5.84000000000000	59.8996871133357
5.86000000000000	59.8994502934154
5.88000000000000	59.9003866869827
5.90000000000000	59.8987481229141
5.92000000000000	59.9008716813160
5.94000000000000	59.9009138316029
5.96000000000000	59.9005451271020
5.98000000000000	59.9013622078948
6	59.8996769670892
6.02000000000000	59.9016935857932
6.04000000000000	59.9030546528628
6.06000000000000	59.9019477433589
6.08000000000000	59.9018279223911
6.10000000000000	59.9000075635927
6.12000000000000	59.9022021670237
6.14000000000000	59.9034802468979
6.16000000000000	59.9023233168270
6.18000000000000	59.9021050932228
6.20000000000000	59.9002027463281
6.22000000000000	59.9023069806978
6.24000000000000	59.9036338192839
6.26000000000000	59.9021947257366
6.28000000000000	59.9016685630056
6.30000000000000	59.9023287873383
6.32000000000000	59.9004353595773
6.34000000000000	59.9036530500714
6.36000000000000	59.9021648225905
6.38000000000000	59.9015926824841
6.40000000000000	59.9021820947746
6.42000000000000	59.9003527719730
6.44000000000000	59.9021936592665
6.46000000000000	59.9033834576381
6.48000000000000	59.9021707071871
6.50000000000000	59.9019543493009
6.52000000000000	59.9002541158016
6.54000000000000	59.9020666261625
6.56000000000000	59.9032381173592
6.58000000000000	59.9020498602529
6.60000000000000	59.9017877425741
6.62000000000000	59.8998204328925
6.64000000000000	59.9018562664008
6.66000000000000	59.9031432042920
6.68000000000000	59.9017257812538
6.70000000000000	59.9011847683471
6.72000000000000	59.9018267347838
6.74000000000000	59.8999341885324
6.76000000000000	59.9031381636149
6.78000000000000	59.9016919702045
6.80000000000000	59.9011390260341
6.82000000000000	59.9017390311493
6.84000000000000	59.8999341135415
6.86000000000000	59.9018014855735
6.88000000000000	59.9030098222488
6.90000000000000	59.9018350276088
6.92000000000000	59.9016500583153
6.94000000000000	59.8999768320954
6.96000000000000	59.9018242981922
6.98000000000000	59.9030222899930
7	59.9018557682713
7.02000000000000	59.9016263251048
7.04000000000000	59.8996718120733
7.06000000000000	59.9017831370949
7.08000000000000	59.9031129049779
7.10000000000000	59.9017000673640
7.12000000000000	59.9014458129278
7.14000000000000	59.9018746802990
7.16000000000000	59.9000192490929
7.18000000000000	59.9033113984790
7.20000000000000	59.9018958545876
7.22000000000000	59.9014209147134
7.24000000000000	59.9021030346127
7.26000000000000	59.9003797248205
7.28000000000000	59.9023652559170
7.30000000000000	59.9036962719178
7.32000000000000	59.9025893529546
7.34000000000000	59.9025444337157
7.36000000000000	59.9010206596701
7.38000000000000	59.9030405109444
7.40000000000000	59.9044168559406
7.42000000000000	59.9033606608410
7.44000000000000	59.9033208894408
7.46000000000000	59.9015755958658
7.48000000000000	59.9039151398996
7.50000000000000	59.9054459515309
7.52000000000000	59.9041750683414
7.54000000000000	59.9041269316036
7.56000000000000	59.9047910249320
7.58000000000000	59.9051343062407
7.60000000000000	59.9066796029476
7.62000000000000	59.9054297826019
7.64000000000000	59.9051642120902
7.66000000000000	59.9061094343496
7.68000000000000	59.9046136361004
7.70000000000000	59.9068308640584
7.72000000000000	59.9083695032074
7.74000000000000	59.9074299877410
7.76000000000000	59.9077805994645
7.78000000000000	59.9063016330569
7.80000000000000	59.9085552204561
7.82000000000000	59.9101463983691
7.84000000000000	59.9092586337395
7.86000000000000	59.9094295504442
7.88000000000000	59.9079447728673
7.90000000000000	59.9105289822996
7.92000000000000	59.9122433620223
7.94000000000000	59.9113345260570
7.96000000000000	59.9112441187563
7.98000000000000	59.9100943807820
8	59.9126699141116
8.02000000000000	59.9143931313875
8.04000000000000	59.9132833006322
8.06000000000000	59.9132542392799
8.08000000000000	59.9143813411182
8.10000000000000	59.9129916655648
8.12000000000000	59.9153952559625
8.14000000000000	59.9156626143283
8.16000000000000	59.9156050466594
8.18000000000000	59.9167288127711
8.20000000000000	59.9153717161188
8.22000000000000	59.9177622966878
8.24000000000000	59.9195038232731
8.26000000000000	59.9186364926423
8.28000000000000	59.9189581946231
8.30000000000000	59.9178114363292
8.32000000000000	59.9201710970660
8.34000000000000	59.9218883029205
8.36000000000000	59.9210211783342
8.38000000000000	59.9212676543019
8.40000000000000	59.9198735476634
8.42000000000000	59.9225157969575
8.44000000000000	59.9242677916186
8.46000000000000	59.9233572489046
8.48000000000000	59.9235925933947
8.50000000000000	59.9221349958580
8.52000000000000	59.9247261052929
8.54000000000000	59.9264401660566
8.56000000000000	59.9252883611517
8.58000000000000	59.9252211080467
8.60000000000000	59.9263286980607
8.62000000000000	59.9248701524082
8.64000000000000	59.9285796756984
8.66000000000000	59.9273748385650
8.68000000000000	59.9272194623481
8.70000000000000	59.9282722268490
8.72000000000000	59.9268643353029
8.74000000000000	59.9291382823540
8.76000000000000	59.9307452586736
8.78000000000000	59.9291440696715
8.80000000000000	59.9301320366238
8.82000000000000	59.9286584375479
8.84000000000000	59.9308611038495
8.86000000000000	59.9324410888501
8.88000000000000	59.9314742313501
8.90000000000000	59.9315817413917
8.92000000000000	59.9302602735675
8.94000000000000	59.9324195542464
8.96000000000000	59.9339344888212
8.98000000000000	59.9328950787122
9	59.9329192488913
9.02000000000000	59.9312825958069
9.04000000000000	59.9336838045208
9.06000000000000	59.9351748123447
9.08000000000000	59.9341112474492
9.10000000000000	59.9340840334420
9.12000000000000	59.9323527907954
9.14000000000000	59.9346499181920
9.16000000000000	59.9361534821558
9.18000000000000	59.9347984396920
9.20000000000000	59.9346600687633
9.22000000000000	59.9332069853057
9.24000000000000	59.9354410776483
9.26000000000000	59.9368692793352
9.28000000000000	59.9354332267727
9.30000000000000	59.9350308909074
9.32000000000000	59.9357973821251
9.34000000000000	59.9340244534775
9.36000000000000	59.9373857206343
9.38000000000000	59.9359111362199
9.40000000000000	59.9354230760511
9.42000000000000	59.9360973316840
9.44000000000000	59.9343426613447
9.46000000000000	59.9362691630006
9.48000000000000	59.9375075115687
9.50000000000000	59.9356255690309
9.52000000000000	59.9362558039471
9.54000000000000	59.9344020023767
9.56000000000000	59.9362735185046
9.58000000000000	59.9374929471894
9.60000000000000	59.9362365373766
9.62000000000000	59.9360280113519
9.64000000000000	59.9343283565889
9.66000000000000	59.9361409660547
9.68000000000000	59.9372814388994
9.70000000000000	59.9360260011959
9.72000000000000	59.9357156954514
9.74000000000000	59.9337510777476
9.76000000000000	59.9357812297857
9.78000000000000	59.9369549314893
9.80000000000000	59.9356742262417
9.82000000000000	59.9353112857174
9.84000000000000	59.9332506372833
9.86000000000000	59.9352621763254
9.88000000000000	59.9364795032883
9.90000000000000	59.9351730927234
9.92000000000000	59.9345132379508
9.94000000000000	59.9327528325747
9.96000000000000	59.9347093524191
9.98000000000000	59.9358639757140
10	59.9342921192855
10.0200000000000	59.9336490382045
10.0400000000000	59.9341988418370
10.0600000000000	59.9321885605230
10.0800000000000	59.9352969662403
10.1000000000000	59.9336923566486
10.1200000000000	59.9329856720050
10.1400000000000	59.9335049782069
10.1600000000000	59.9315850130153
10.1800000000000	59.9333265387690
10.2000000000000	59.9344086183926
10.2200000000000	59.9324196071276
10.2400000000000	59.9329152280437
10.2600000000000	59.9309474927590
10.2800000000000	59.9327020641258
10.3000000000000	59.9338049671797
10.3200000000000	59.9324954140003
10.3400000000000	59.9322072720543
10.3600000000000	59.9304313806228
10.3800000000000	59.9321814593767
10.4000000000000	59.9332621988761
10.4200000000000	59.9319904462529
10.4400000000000	59.9316534304301
10.4600000000000	59.9296665341959
10.4800000000000	59.9316877920483
10.5000000000000	59.9328584732533
10.5200000000000	59.9315970304943
10.5400000000000	59.9312594735890
10.5600000000000	59.9292515303946
10.5800000000000	59.9312806842539
10.6000000000000	59.9325491674542
10.6200000000000	59.9310448196384
10.6400000000000	59.9307180704074
10.6600000000000	59.9290452228242
10.6800000000000	59.9310920130702
10.7000000000000	59.9323638337698
10.7200000000000	59.9308390690277
10.7400000000000	59.9303161128930
10.7600000000000	59.9309662368677
10.7800000000000	59.9290998006189
10.8000000000000	59.9323726069798
10.8200000000000	59.9308672423146
10.8400000000000	59.9303405123797
10.8600000000000	59.9309783226778
10.8800000000000	59.9292080938875
10.9000000000000	59.9311411301818
10.9200000000000	59.9323893520122
10.9400000000000	59.9305571156123
10.9600000000000	59.9312284211780
10.9800000000000	59.9294599330898
11	59.9313878021208
11.0200000000000	59.9326935498014
11.0400000000000	59.9315582762968
11.0600000000000	59.9314372077487
11.0800000000000	59.9298859870322
11.1000000000000	59.9318532167217
11.1200000000000	59.9331778762207
11.1400000000000	59.9320285997392
11.1600000000000	59.9319072421327
11.1800000000000	59.9301238833410
11.2000000000000	59.9324108349470
11.2200000000000	59.9338043247885
11.2400000000000	59.9326894990765
11.2600000000000	59.9325988301301
11.2800000000000	59.9308083784635
11.3000000000000	59.9330747193127
11.3200000000000	59.9345456334504
11.3400000000000	59.9331911142460
11.3600000000000	59.9330821003366
11.3800000000000	59.9336812626265
11.4000000000000	59.9339505589387
11.4200000000000	59.9354095492074
11.4400000000000	59.9340173898591
11.4600000000000	59.9336839426235
11.4800000000000	59.9345429203171
11.5000000000000	59.9328825504296
11.5200000000000	59.9350037012227
11.5400000000000	59.9350174726787
11.5600000000000	59.9346677344542
11.5800000000000	59.9354813540858
11.6000000000000	59.9338719169572
11.6200000000000	59.9359824843649
11.6400000000000	59.9374194060651
11.6600000000000	59.9363414901045
11.6800000000000	59.9365509491286
11.7000000000000	59.9349263862295
11.7200000000000	59.9369952915218
11.7400000000000	59.9384490189785
11.7600000000000	59.9373941406814
11.7800000000000	59.9374030230780
11.8000000000000	59.9359854996064
11.8200000000000	59.9380693476021
11.8400000000000	59.9395101461838
11.8600000000000	59.9384181988689
11.8800000000000	59.9383928721110
11.9000000000000	59.9367127372635
11.9200000000000	59.9390861603066
11.9400000000000	59.9405490699693
11.9600000000000	59.9394659030845
11.9800000000000	59.9394087712608
12	59.9377037262955
12.0200000000000	59.9400243577143
12.0400000000000	59.9415389178068
12.0600000000000	59.9401914617829
12.0800000000000	59.9400850284715
12.1000000000000	59.9386754960386
12.1200000000000	59.9409640225876
12.1400000000000	59.9424118655431
12.1600000000000	59.9410418041853
12.1800000000000	59.9407070604883
12.2000000000000	59.9415558628054
12.2200000000000	59.9398338537434
12.2400000000000	59.9432766364484
12.2600000000000	59.9418587890207
12.2800000000000	59.9414406618137
12.3000000000000	59.9422574127755
12.3200000000000	59.9405941346898
12.3400000000000	59.9426073978023
12.3600000000000	59.9425687751562
12.3800000000000	59.9421313288823
12.4000000000000	59.9428596624459
12.4200000000000	59.9411619724614
12.4400000000000	59.9431704399833
12.4600000000000	59.9445024518815
12.4800000000000	59.9426815363754
12.5000000000000	59.9433972535114
12.5200000000000	59.9416556670094
12.5400000000000	59.9435963245379
12.5600000000000	59.9449129146152
12.5800000000000	59.9437123092060
12.6000000000000	59.9436077393864
12.6200000000000	59.9420156193595
12.6400000000000	59.9439376544912
12.6600000000000	59.9451903228788
12.6800000000000	59.9439911262489
12.7000000000000	59.9437906584076
12.7200000000000	59.9419474790619
12.7400000000000	59.9441253384579
12.7600000000000	59.9453697107719
12.7800000000000	59.9441396470677
12.8000000000000	59.9438942813996
12.8200000000000	59.9419593714146
12.8400000000000	59.9441171951783
12.8600000000000	59.9454224513214
12.8800000000000	59.9441485604982
12.9000000000000	59.9438981699072
12.9200000000000	59.9419209985298
12.9400000000000	59.9439879907407
12.9600000000000	59.9452743042621
12.9800000000000	59.9437574366594
13	59.9434418709798
13.0200000000000	59.9417798854615
13.0400000000000	59.9438156775334
13.0600000000000	59.9450642362037
13.0800000000000	59.9434871352678
13.1000000000000	59.9429138093125
13.1200000000000	59.9435381551870
13.1400000000000	59.9415888411606
13.1600000000000	59.9447747882118
13.1800000000000	59.9431883613242
13.2000000000000	59.9425362494386
13.2200000000000	59.9431268185776
13.2400000000000	59.9412463892045
13.2600000000000	59.9430276633088
13.2800000000000	59.9428140070679
13.3000000000000	59.9421568137334
13.3200000000000	59.9426709071869
13.3400000000000	59.9407704788438
13.3600000000000	59.9425647747693
13.3800000000000	59.9436828186483
13.4000000000000	59.9423799745255
13.4200000000000	59.9422496302228
13.4400000000000	59.9403212292581
13.4600000000000	59.9420620638612
13.4800000000000	59.9431838489374
13.5000000000000	59.9419017406710
13.5200000000000	59.9415887544728
13.5400000000000	59.9398404134294
13.5600000000000	59.9415959171801
13.5800000000000	59.9426811719878
13.6000000000000	59.9413890208866
13.6200000000000	59.9410499260730
13.6400000000000	59.9390601976629
13.6600000000000	59.9410740443767
13.6800000000000	59.9422305625910
13.7000000000000	59.9409369331284
13.7200000000000	59.9405775990752
13.7400000000000	59.9385262579845
13.7600000000000	59.9405563883051
13.7800000000000	59.9417883792903
13.8000000000000	59.9404857596253
13.8200000000000	59.9401641555944
13.8400000000000	59.9381098055496
13.8600000000000	59.9401338465217
13.8800000000000	59.9413362664131
13.9000000000000	59.9397994693991
13.9200000000000	59.9392100524641
13.9400000000000	59.9398019640233
13.9600000000000	59.9398026536903
13.9800000000000	59.9410089944696
14	59.9394231869865
14.0200000000000	59.9388347651268
14.0400000000000	59.9394448128819
14.0600000000000	59.9375373503048
14.0800000000000	59.9393993644608
14.1000000000000	59.9392095174156
14.1200000000000	59.9386080531654
14.1400000000000	59.9391747595861
14.1600000000000	59.9373359247515
14.1800000000000	59.9391960162085
14.2000000000000	59.9403725738917
14.2200000000000	59.9384676524565
14.2400000000000	59.9390630442040
14.2600000000000	59.9372149420981
14.2800000000000	59.9390559573514
14.3000000000000	59.9402759944506
14.3200000000000	59.9390343365839
14.3400000000000	59.9388627473643
14.3600000000000	59.9372025526653
14.3800000000000	59.9390743501796
14.4000000000000	59.9402807305619
14.4200000000000	59.9390739435131
14.4400000000000	59.9388548774413
14.4600000000000	59.9369935654208
14.4800000000000	59.9391443742588
14.5000000000000	59.9404228971678
14.5200000000000	59.9392225307144
14.5400000000000	59.9389977504255
14.5600000000000	59.9370908319697
14.5800000000000	59.9392718325600
14.6000000000000	59.9406395829429
14.6200000000000	59.9394318195918
14.6400000000000	59.9389464144778
14.6600000000000	59.9373773845503
14.6800000000000	59.9395407456588
14.7000000000000	59.9408793663596
14.7200000000000	59.9394471179987
14.7400000000000	59.9390064850287
14.7600000000000	59.9397425565660
14.7800000000000	59.9399088462783
14.8000000000000	59.9412595803675
14.8200000000000	59.9398066995667
14.8400000000000	59.9393289575151
14.8600000000000	59.9400816814308
14.8800000000000	59.9383202613307
14.9000000000000	59.9403328468749
14.9200000000000	59.9402526388220
14.9400000000000	59.9397903709033
14.9600000000000	59.9404947070218
14.9800000000000	59.9387768417145
15	59.9407748331735
15.0200000000000	59.9420995063301
15.0400000000000	59.9402921135326
15.0600000000000	59.9410139893526
15.0800000000000	59.9392851866880
15.1000000000000	59.9412510368559
15.1200000000000	59.9425961033023
15.1400000000000	59.9414264688737
15.1600000000000	59.9413657745609
15.1800000000000	59.9398202799726
15.2000000000000	59.9417994142691
15.2200000000000	59.9431127049356
15.2400000000000	59.9419649023414
15.2600000000000	59.9418384137471
15.2800000000000	59.9400766020537
15.3000000000000	59.9423351267137
15.3200000000000	59.9436682410321
15.3400000000000	59.9425067885387
15.3600000000000	59.9423606287807
15.3800000000000	59.9405348653247
15.4000000000000	59.9428072116918
15.4200000000000	59.9442182355863
15.4400000000000	59.9430229782703
15.4600000000000	59.9428922142967
15.4800000000000	59.9410459438223
15.5000000000000	59.9432727448148
15.5200000000000	59.9446518235859
15.5400000000000	59.9432312657884
15.5600000000000	59.9430503491245
15.5800000000000	59.9435709987613
15.6000000000000	59.9437468247909
15.6200000000000	59.9451145153086
15.6400000000000	59.9436326031128
15.6600000000000	59.9432073135068
15.6800000000000	59.9439527521033
15.7000000000000	59.9421668165165
15.7200000000000	59.9455320228666
15.7400000000000	59.9440449827006
15.7600000000000	59.9435404680565
15.7800000000000	59.9442619880596
15.8000000000000	59.9425293093245
15.8200000000000	59.9444796675826
15.8400000000000	59.9443858005663
15.8600000000000	59.9438782700122
15.8800000000000	59.9445662854534
15.9000000000000	59.9427740938667
15.9200000000000	59.9447179351296
15.9400000000000	59.9459940481144
15.9600000000000	59.9447833259688
15.9800000000000	59.9448040044319
16	59.9430058045494
16.0200000000000	59.9448893228497
16.0400000000000	59.9461547540167
16.0600000000000	59.9449533498735
16.0800000000000	59.9447664888397
16.1000000000000	59.9431478405206
16.1200000000000	59.9450310277427
16.1400000000000	59.9462440502893
16.1600000000000	59.9450205824577
16.1800000000000	59.9447913474449
16.2000000000000	59.9429191715670
16.2200000000000	59.9450737627977
16.2400000000000	59.9462955606299
16.2600000000000	59.9450508284487
16.2800000000000	59.9447886124592
16.3000000000000	59.9428378736839
16.3200000000000	59.9449845572857
16.3400000000000	59.9462806501951
16.3600000000000	59.9450000304676
16.3800000000000	59.9447447500247
16.4000000000000	59.9427645829895
16.4200000000000	59.9448331878413
16.4400000000000	59.9461216789174
16.4600000000000	59.9446064332777
16.4800000000000	59.9442968674356
16.5000000000000	59.9426431184198
16.5200000000000	59.9446922135282
16.5400000000000	59.9459533671338
16.5600000000000	59.9443852024289
16.5800000000000	59.9438287045586
16.6000000000000	59.9444698717886
16.6200000000000	59.9425396639501
16.6400000000000	59.9457520513381
16.6600000000000	59.9441804068156
16.6800000000000	59.9435535779194
16.7000000000000	59.9441692423300
16.7200000000000	59.9423146421482
16.7400000000000	59.9441280977798
16.7600000000000	59.9439366880168
16.7800000000000	59.9433109726526
16.8000000000000	59.9438564442026
16.8200000000000	59.9419872046221
16.8400000000000	59.9438190180163
16.8600000000000	59.9449742115024
16.8800000000000	59.9430306275551
16.9000000000000	59.9435872274128
16.9200000000000	59.9416976226816
16.9400000000000	59.9434879014787
16.9600000000000	59.9446534848951
16.9800000000000	59.9433930558386
17	59.9431176321030
17.0200000000000	59.9414091756550
17.0400000000000	59.9432073567488
17.0600000000000	59.9443354528409
17.0800000000000	59.9430655362895
17.1000000000000	59.9427652496618
17.1200000000000	59.9408184181980
17.1400000000000	59.9429095862879
17.1600000000000	59.9440654205433
17.1800000000000	59.9427876358143
17.2000000000000	59.9424736970532
17.2200000000000	59.9404685091196
17.2400000000000	59.9425656179110
17.2600000000000	59.9438205134422
17.2800000000000	59.9425211190695
17.3000000000000	59.9422341466835
17.3200000000000	59.9402208807960
17.3400000000000	59.9422609757269
17.3600000000000	59.9435274370719
17.3800000000000	59.9420058873842
17.4000000000000	59.9416872956688
17.4200000000000	59.9420600716584
17.4400000000000	59.9420857349381
17.4600000000000	59.9433270722733
17.4800000000000	59.9417588459412
17.5000000000000	59.9412115264046
17.5200000000000	59.9418391522188
17.5400000000000	59.9399422421764
17.5600000000000	59.9431844794191
17.5800000000000	59.9416278283404
17.6000000000000	59.9410240857544
17.6200000000000	59.9416505611459
17.6400000000000	59.9398309033411
17.6600000000000	59.9416928848605
17.6800000000000	59.9428923918263
17.7000000000000	59.9409749440681
17.7200000000000	59.9415853674414
17.7400000000000	59.9397226670593
17.7600000000000	59.9416036745234
17.7800000000000	59.9428387578317
17.8000000000000	59.9415787703240
17.8200000000000	59.9415696587613
17.8400000000000	59.9397315102929
17.8600000000000	59.9415777912483
17.8800000000000	59.9428145884014
17.9000000000000	59.9415939654818
17.9200000000000	59.9414012155979
17.9400000000000	59.9395177659725
17.9600000000000	59.9416624310590
17.9800000000000	59.9428981876205
18	59.9416552005888
18.0200000000000	59.9414305421158
18.0400000000000	59.9395431195985
18.0600000000000	59.9417207651001
18.0800000000000	59.9430106636832
18.1000000000000	59.9417990972423
18.1200000000000	59.9415653065215
18.1400000000000	59.9396725873078
18.1600000000000	59.9418161437959
18.1800000000000	59.9431745043245
18.2000000000000	59.9417109692769
18.2200000000000	59.9414602334806
18.2400000000000	59.9398851388043
18.2600000000000	59.9420216340602
18.2800000000000	59.9433347925876
18.3000000000000	59.9418681897280
18.3200000000000	59.9414060777126
18.3400000000000	59.9421323772129
18.3600000000000	59.9422721168516
18.3800000000000	59.9435931055884
18.4000000000000	59.9421136232632
18.4200000000000	59.9416043855748
18.4400000000000	59.9423265196403
18.4600000000000	59.9405748524593
18.4800000000000	59.9425047707993
18.5000000000000	59.9424055232522
18.5200000000000	59.9418997233229
18.5400000000000	59.9425624304531
18.5600000000000	59.9408062133783
18.5800000000000	59.9427625422325
18.6000000000000	59.9440442438168
18.6200000000000	59.9421990320575
18.6400000000000	59.9428785538102
18.6600000000000	59.9411069212231
18.6800000000000	59.9430253641042
18.7000000000000	59.9443218532582
18.7200000000000	59.9431160089377
18.7400000000000	59.9430074907836
18.7600000000000	59.9414122912391
18.7800000000000	59.9433404012933
18.8000000000000	59.9446015897199
18.8200000000000	59.9434157813024
18.8400000000000	59.9432383851181
18.8600000000000	59.9414218846640
18.8800000000000	59.9436295873146
18.9000000000000	59.9449087709059
18.9200000000000	59.9437087930387
18.9400000000000	59.9435107722680
18.9600000000000	59.9416289512167
18.9800000000000	59.9438455500441
19	59.9452057311733
19.0200000000000	59.9439738483735
19.0400000000000	59.9437919612793
19.0600000000000	59.9418904254619
19.0800000000000	59.9440389008743
19.1000000000000	59.9453993981509
19.1200000000000	59.9439402958164
19.1400000000000	59.9437065273043
19.1600000000000	59.9421381373671
19.1800000000000	59.9442729575978
19.2000000000000	59.9456111914109
19.2200000000000	59.9441017662079
19.2400000000000	59.9436293723940
19.2600000000000	59.9443512927046
19.2800000000000	59.9425000231826
19.3000000000000	59.9458037003233
19.3200000000000	59.9442905027182
19.3400000000000	59.9437485386660
19.3600000000000	59.9444459411312
19.3800000000000	59.9426682290604
19.4000000000000	59.9445659357142
19.4200000000000	59.9444380531588
19.4400000000000	59.9438944264399
19.4600000000000	59.9445194487773
19.4800000000000	59.9427240210916
19.5000000000000	59.9446356328729
19.5200000000000	59.9458720003133
19.5400000000000	59.9439845717531
19.5600000000000	59.9446154031215
19.5800000000000	59.9427942176660
19.6000000000000	59.9446575761193
19.6200000000000	59.9458979748835
19.6400000000000	59.9446495261713
19.6600000000000	59.9444811253144
19.6800000000000	59.9428242332415
19.7000000000000	59.9446892628511
19.7200000000000	59.9458864806607
19.7400000000000	59.9446429206184
19.7600000000000	59.9444204012883
19.7800000000000	59.9425271656803
19.8000000000000	59.9446633010390
19.8200000000000	59.9458717686856
19.8400000000000	59.9445979153957
19.8600000000000	59.9443529639000
19.8800000000000	59.9424010206740
19.9000000000000	59.9445386948208
19.9200000000000	59.9458294770015
19.9400000000000	59.9445501007294
19.9600000000000	59.9442960066960
19.9800000000000	59.9423158513831
20	59.9443860956236
20.0200000000000	59.9456780013491
20.0400000000000	59.9441686421299
20.0600000000000	59.9438668321262
20.0800000000000	59.9422200634158
20.1000000000000	59.9442781927495
20.1200000000000	59.9455491465410
20.1400000000000	59.9439912757696
20.1600000000000	59.9434491013895
20.1800000000000	59.9441030524447
20.2000000000000	59.9421860735285
20.2200000000000	59.9454163224550
20.2400000000000	59.9438586309747
20.2600000000000	59.9432516248433
20.2800000000000	59.9438854554548
20.3000000000000	59.9420486169254
20.3200000000000	59.9438841554031
20.3400000000000	59.9437111750302
20.3600000000000	59.9431096530021
20.3800000000000	59.9436777146531
20.4000000000000	59.9418301195956
20.4200000000000	59.9436878957888
20.4400000000000	59.9448704875670
20.4600000000000	59.9429485255981
20.4800000000000	59.9435309829578
20.5000000000000	59.9416659751537
20.5200000000000	59.9434850586654
20.5400000000000	59.9446810755281
20.5600000000000	59.9434085058523
20.5800000000000	59.9432024950546
20.6000000000000	59.9415078950500
20.6200000000000	59.9433392839442
20.6400000000000	59.9445029844520
20.6600000000000	59.9432425868570
20.6800000000000	59.9429932624735
20.7000000000000	59.9410723271208
20.7200000000000	59.9431870604785
20.7400000000000	59.9443734530345
20.7600000000000	59.9431162814661
20.7800000000000	59.9428327718730
20.8000000000000	59.9408590281909
20.8200000000000	59.9429875812871
20.8400000000000	59.9442709264807
20.8600000000000	59.9429898427188
20.8800000000000	59.9427315370096
20.9000000000000	59.9407483357902
20.9200000000000	59.9428189547922
20.9400000000000	59.9441127855964
20.9600000000000	59.9426096910617
20.9800000000000	59.9423159838609
21	59.9406772543303
21.0200000000000	59.9427476244619
21.0400000000000	59.9440311611792
21.0600000000000	59.9424871463031
21.0800000000000	59.9419636228622
21.1000000000000	59.9426361877336
21.1200000000000	59.9407397850238
21.1400000000000	59.9439952806696
21.1600000000000	59.9424580784469
21.1800000000000	59.9418794430074
21.2000000000000	59.9425250354213
21.2200000000000	59.9407210032701
21.2400000000000	59.9426009512199
21.2600000000000	59.9424595359331
21.2800000000000	59.9418945361886
21.3000000000000	59.9425263449811
21.3200000000000	59.9406838377341
21.3400000000000	59.9425801921900
21.3600000000000	59.9438104925691
21.3800000000000	59.9425800451866
21.4000000000000	59.9425654624033
21.4200000000000	59.9407382567467
21.4400000000000	59.9425971445626
21.4600000000000	59.9438395877445
21.4800000000000	59.9426338688752
21.5000000000000	59.9424374185211
21.5200000000000	59.9408091820062
21.5400000000000	59.9426901786029
21.5600000000000	59.9439274147677
21.5800000000000	59.9426910954704
21.6000000000000	59.9424685854201
21.6200000000000	59.9406132527344
21.6400000000000	59.9427633266135
21.6600000000000	59.9440355113287
21.6800000000000	59.9428198458550
21.7000000000000	59.9425823005021
21.7200000000000	59.9406624178560
21.7400000000000	59.9428258934639
21.7600000000000	59.9441740026133
21.7800000000000	59.9429428932353
21.8000000000000	59.9427376748959
21.8200000000000	59.9408089794658
21.8400000000000	59.9429599557874
21.8600000000000	59.9442731482561
21.8800000000000	59.9428068812356
21.9000000000000	59.9423248864054
21.9200000000000	59.9430220390145
21.9400000000000	59.9431421919179
21.9600000000000	59.9444483731973
21.9800000000000	59.9429245022258
22	59.9424304701234
22.0200000000000	59.9431335479401
22.0400000000000	59.9413135463733
22.0600000000000	59.9446326753420
22.0800000000000	59.9431174227409
22.1000000000000	59.9426049703474
22.1200000000000	59.9432570425314
22.1400000000000	59.9414900117006
22.1600000000000	59.9434158548979
22.1800000000000	59.9446745961329
22.2000000000000	59.9427904453047
22.2200000000000	59.9434485880948
22.2400000000000	59.9416300341521
22.2600000000000	59.9435568515768
22.2800000000000	59.9448371411951
22.3000000000000	59.9435986740501
22.3200000000000	59.9436280567776
22.3400000000000	59.9418220068637
22.3600000000000	59.9437258441556
22.3800000000000	59.9449685337553
22.4000000000000	59.9437557763156
22.4200000000000	59.9435886370507
22.4400000000000	59.9417296442705
22.4600000000000	59.9438905026641
22.4800000000000	59.9451433815628
22.5000000000000	59.9439036185007
22.5200000000000	59.9436867997020
22.5400000000000	59.9418071329863
22.5600000000000	59.9439890973636
22.5800000000000	59.9452813794481
22.6000000000000	59.9440635998979
22.6200000000000	59.9438237142162
22.6400000000000	59.9419240656061
22.6600000000000	59.9440574339631
22.6800000000000	59.9454048265305
22.7000000000000	59.9441732842764
22.7200000000000	59.9436539466640
22.7400000000000	59.9420497616203
22.7600000000000	59.9441693166616
22.7800000000000	59.9454637661252
22.8000000000000	59.9439868037599
22.8200000000000	59.9434901138776
22.8400000000000	59.9441718122342
22.8600000000000	59.9442728690350
22.8800000000000	59.9455608350932
22.9000000000000	59.9440198129037
22.9200000000000	59.9435026376393
22.9400000000000	59.9441834851170
22.9600000000000	59.9423404019051
22.9800000000000	59.9456317421973
23	59.9440951286087
23.0200000000000	59.9435534207355
23.0400000000000	59.9441772559883
23.0600000000000	59.9423817233578
23.0800000000000	59.9442749719599
23.1000000000000	59.9455009434339
23.1200000000000	59.9435885644963
23.1400000000000	59.9442135602033
23.1600000000000	59.9423619103398
23.1800000000000	59.9442474284127
23.2000000000000	59.9454825416199
23.2200000000000	59.9442250362041
23.2400000000000	59.9442187178112
23.2600000000000	59.9423771513510
23.2800000000000	59.9442402276739
23.3000000000000	59.9454413557262
23.3200000000000	59.9441999443987
23.3400000000000	59.9439932774299
23.3600000000000	59.9420918839733
23.3800000000000	59.9442130263117
23.4000000000000	59.9454234740382
23.4200000000000	59.9441552095411
23.4400000000000	59.9438978594656
23.4600000000000	59.9419749212687
23.4800000000000	59.9441130811182
23.5000000000000	59.9453667625012
23.5200000000000	59.9441213699631
23.5400000000000	59.9438416433133
23.5600000000000	59.9418992429818
23.5800000000000	59.9439893951623
23.6000000000000	59.9452985556391
23.6200000000000	59.9440417557679
23.6400000000000	59.9434850084672
23.6600000000000	59.9418394926485
23.6800000000000	59.9439181990400
23.7000000000000	59.9451762776864
23.7200000000000	59.9436745361334
23.7400000000000	59.9431427650001
23.7600000000000	59.9437902632049
23.7800000000000	59.9438526598848
23.8000000000000	59.9451077432009
23.8200000000000	59.9435447389751
23.8400000000000	59.9429965815779
23.8600000000000	59.9436470584313
23.8800000000000	59.9417748093859
23.9000000000000	59.9450333245271
23.9200000000000	59.9434785310513
23.9400000000000	59.9429108814170
23.9600000000000	59.9435092549371
23.9800000000000	59.9416899370341
24	59.9435655801071
24.0200000000000	59.9447558743709
24.0400000000000	59.9428439335413
24.0600000000000	59.9434448440625
24.0800000000000	59.9415707234803
24.1000000000000	59.9434381799337
24.1200000000000	59.9446569575920
24.1400000000000	59.9433920942572
24.1600000000000	59.9433712415945
24.1800000000000	59.9415177136390
24.2000000000000	59.9433698730650
24.2200000000000	59.9445605707970
24.2400000000000	59.9433159078327
24.2600000000000	59.9431027271433
24.2800000000000	59.9411944909052
24.3000000000000	59.9433114226005
24.3200000000000	59.9445179507595
24.3400000000000	59.9432507272903
24.3600000000000	59.9429931323802
24.3800000000000	59.9410700041782
24.4000000000000	59.9432098634549
24.4200000000000	59.9444660382350
24.4400000000000	59.9432257235809
24.4600000000000	59.9429518138516
24.4800000000000	59.9410157139904
24.5000000000000	59.9431140702127
24.5200000000000	59.9444317440884
24.5400000000000	59.9429350340050
24.5600000000000	59.9426406889651
24.5800000000000	59.9410164983843
24.6000000000000	59.9431025311796
24.6200000000000	59.9443701020053
24.6400000000000	59.9428679436306
24.6600000000000	59.9423560647534
24.6800000000000	59.9430336728465
24.7000000000000	59.9431180934338
24.7200000000000	59.9443909339778
24.7400000000000	59.9428746441499
24.7600000000000	59.9423134292182
24.7800000000000	59.9429846921337
24.8000000000000	59.9411406766906
24.8200000000000	59.9430643741625
24.8400000000000	59.9429115047359
24.8600000000000	59.9423586243794
24.8800000000000	59.9429744124005
24.9000000000000	59.9411793685858
24.9200000000000	59.9430838785656
24.9400000000000	59.9443035274620
24.9600000000000	59.9424151623618
24.9800000000000	59.9430440681697
25	59.9412243195701
25.0200000000000	59.9430926893913
25.0400000000000	59.9443387538839
25.0600000000000	59.9430998562210
25.0800000000000	59.9429425967062
25.1000000000000	59.9412977544651
25.1200000000000	59.9431791208324
25.1400000000000	59.9443935868181
25.1600000000000	59.9431670825919
25.1800000000000	59.9429667859437
25.2000000000000	59.9410980942289
25.2200000000000	59.9432600450100
25.2400000000000	59.9444964655323
25.2600000000000	59.9432461911889
25.2800000000000	59.9430334426049
25.3000000000000	59.9411167546423
25.3200000000000	59.9432924666694
25.3400000000000	59.9445825794132
25.3600000000000	59.9433633399153
25.3800000000000	59.9431425868002
25.4000000000000	59.9412140409083
25.4200000000000	59.9433358370822
25.4400000000000	59.9446707080778
25.4600000000000	59.9431940632708
25.4800000000000	59.9429368970660
25.5000000000000	59.9413416920342
25.5200000000000	59.9434538758729
25.5400000000000	59.9447734302439
25.5600000000000	59.9432528567618
25.5800000000000	59.9427637135734
25.6000000000000	59.9434698721583
25.6200000000000	59.9416054099289
25.6400000000000	59.9448962145012
25.6600000000000	59.9433780042999
25.6800000000000	59.9428276832064
25.7000000000000	59.9435172763789
25.7200000000000	59.9417345192639
25.7400000000000	59.9436292636264
25.7600000000000	59.9435010138165
25.7800000000000	59.9429571130217
25.8000000000000	59.9435820499441
25.8200000000000	59.9417889271926
25.8400000000000	59.9437054177822
25.8600000000000	59.9449465770226
25.8800000000000	59.9430670149928
25.9000000000000	59.9437049394418
25.9200000000000	59.9418928807204
25.9400000000000	59.9437683299523
25.9600000000000	59.9450209154045
25.9800000000000	59.9438154511848
26	59.9436216006446
26.0200000000000	59.9419959752083
26.0400000000000	59.9438770349218
26.0600000000000	59.9450896422852
26.0800000000000	59.9438720913125
26.1000000000000	59.9436502562818
26.1200000000000	59.9417863033740
26.1400000000000	59.9439519404580
26.1600000000000	59.9451871711614
26.1800000000000	59.9439573620645
26.2000000000000	59.9437156507610
26.2200000000000	59.9417872360586
26.2400000000000	59.9439594871306
26.2600000000000	59.9452805871310
26.2800000000000	59.9440216443022
26.3000000000000	59.9437983208121
26.3200000000000	59.9418525799552
26.3400000000000	59.9439587800943
26.3600000000000	59.9452824665244
26.3800000000000	59.9437968003665
26.4000000000000	59.9435270382681
26.4200000000000	59.9419173086464
26.4400000000000	59.9440135067585
26.4600000000000	59.9453181860529
26.4800000000000	59.9437849532897
26.5000000000000	59.9432782300799
26.5200000000000	59.9439671858381
26.5400000000000	59.9420851104149
26.5600000000000	59.9453553156659
26.5800000000000	59.9438222068765
26.6000000000000	59.9432511268818
26.6200000000000	59.9439205567573
26.6400000000000	59.9421179951474
26.6600000000000	59.9439906783938
26.6800000000000	59.9438448214847
26.7000000000000	59.9432783607356
26.7200000000000	59.9438813861096
26.7400000000000	59.9420670910741
26.7600000000000	59.9439604106262
26.7800000000000	59.9451781351050
26.8000000000000	59.9439356160261
26.8200000000000	59.9439100154880
26.8400000000000	59.9420721734047
26.8600000000000	59.9439158641181
26.8800000000000	59.9451418127746
26.9000000000000	59.9439207546789
26.9200000000000	59.9437049735104
26.9400000000000	59.9420568155023
26.9600000000000	59.9439147764910
26.9800000000000	59.9451034490824
27	59.9438705846302
27.0200000000000	59.9436268059704
27.0400000000000	59.9417395544377
27.0600000000000	59.9438838915285
27.0800000000000	59.9450961383567
27.1000000000000	59.9438518393148
27.1200000000000	59.9435891643678
27.1400000000000	59.9416382955905
27.1600000000000	59.9437882397514
27.1800000000000	59.9450892220705
27.2000000000000	59.9438172498978
27.2200000000000	59.9435744758984
27.2400000000000	59.9416079870873
27.2600000000000	59.9436935414801
27.2800000000000	59.9449988735439
27.3000000000000	59.9435008546392
27.3200000000000	59.9432150886198
27.3400000000000	59.9415868149279
27.3600000000000	59.9436651554105
27.3800000000000	59.9449540355409
27.4000000000000	59.9434105198747
27.4200000000000	59.9428895938141
27.4400000000000	59.9435650268164
27.4600000000000	59.9416700052964
27.4800000000000	59.9449256830437
27.5000000000000	59.9433849820164
27.5200000000000	59.9428032705291
27.5400000000000	59.9434463363111
27.5600000000000	59.9416384357357
27.5800000000000	59.9435122964759
27.6000000000000	59.9433642222844
27.6200000000000	59.9427909698390
27.6400000000000	59.9434151678502
27.6600000000000	59.9415639820008
27.6800000000000	59.9434490515474
27.7000000000000	59.9446676061037
27.7200000000000	59.9434268209229
27.7400000000000	59.9433979535473
27.7600000000000	59.9415574049968
27.7800000000000	59.9434000285300
27.8000000000000	59.9446255288238
27.8200000000000	59.9434063162126
27.8400000000000	59.9431916918263
27.8600000000000	59.9415445785396
27.8800000000000	59.9434048093535
27.9000000000000	59.9445960186093
27.9200000000000	59.9433667214724
27.9400000000000	59.9431270977052
27.9600000000000	59.9412441821986
27.9800000000000	59.9433933818088
28	59.9446110412937
28.0200000000000	59.9433719619433
28.0400000000000	59.9431162612406
28.0600000000000	59.9411729129267
28.0800000000000	59.9433080708752
28.1000000000000	59.9446289490394
28.1200000000000	59.9433778310817
28.1400000000000	59.9431450552672
28.1600000000000	59.9411871812819
28.1800000000000	59.9433078203790
28.2000000000000	59.9445929118126
28.2200000000000	59.9431055311133
28.2400000000000	59.9428386637903
28.2600000000000	59.9432648016195
28.2800000000000	59.9433425797801
28.3000000000000	59.9446272225991
28.3200000000000	59.9430874382966
28.3400000000000	59.9425831172803
28.3600000000000	59.9432523184093
28.3800000000000	59.9413933830450
28.4000000000000	59.9446790143149
28.4200000000000	59.9431451204337
28.4400000000000	59.9425760749102
28.4600000000000	59.9432357289028
28.4800000000000	59.9414453344783
28.5000000000000	59.9433374631718
28.5200000000000	59.9445665393769
28.5400000000000	59.9426640419040
28.5600000000000	59.9432981587020
28.5800000000000	59.9414554653607
28.6000000000000	59.9433560167626
28.6200000000000	59.9446105195259
28.6400000000000	59.9433568843785
28.6600000000000	59.9433617137817
28.6800000000000	59.9415337528640
28.7000000000000	59.9433888008622
28.7200000000000	59.9446342563864
28.7400000000000	59.9434128039638
28.7600000000000	59.9432218124099
28.7800000000000	59.9415965582578
28.8000000000000	59.9434738210122
28.8200000000000	59.9447054497314
28.8400000000000	59.9434626824587
28.8600000000000	59.9432335037356
28.8800000000000	59.9413710249544
28.9000000000000	59.9435118753196
28.9200000000000	59.9447748917098
28.9400000000000	59.9435503245979
28.9600000000000	59.9433019313408
28.9800000000000	59.9413701315771
29	59.9435197517912
29.0200000000000	59.9448544962483
29.0400000000000	59.9436125048278
29.0600000000000	59.9430847129606
29.0800000000000	59.9414731734290
29.1000000000000	59.9435868455976
29.1200000000000	59.9448761692078
29.1400000000000	59.9433975571413
29.1600000000000	59.9428985593528
29.1800000000000	59.9435782040852
29.2000000000000	59.9436774392421
29.2200000000000	59.9449646974791
29.2400000000000	59.9434255583335
29.2600000000000	59.9429108705942
29.2800000000000	59.9435940757448
29.3000000000000	59.9417537707390
29.3200000000000	59.9450488903880
29.3400000000000	59.9435171103580
29.3600000000000	59.9429820335875
29.3800000000000	59.9436121813676
29.4000000000000	59.9418231521610
29.4200000000000	59.9437243466623
29.4400000000000	59.9449587436184
29.4600000000000	59.9430556643397
29.4800000000000	59.9436904738700
29.5000000000000	59.9418486658770
29.5200000000000	59.9437498904823
29.5400000000000	59.9450046930353
29.5600000000000	59.9437493420191
29.5800000000000	59.9437526598936
29.6000000000000	59.9419231982245
29.6200000000000	59.9437760670985
29.6400000000000	59.9450191271219
29.6600000000000	59.9437944402537
29.6800000000000	59.9435995433616
29.7000000000000	59.9417134387879
29.7200000000000	59.9438518907954
29.7400000000000	59.9450809659749
29.7600000000000	59.9438256340685
29.7800000000000	59.9435865106580
29.8000000000000	59.9416833392779
29.8200000000000	59.9438420900198
29.8400000000000	59.9451140586565
29.8600000000000	59.9438826045585
29.8800000000000	59.9436229342111
29.9000000000000	59.9417021542198
29.9200000000000	59.9438146287271
29.9400000000000	59.9451438358319
29.9600000000000	59.9439011494295
29.9800000000000	59.9433652682891
30	59.9417425116288
30.0200000000000	59.9438442763276
30.0400000000000	59.9451232060610
30.0600000000000	59.9436366253136
30.0800000000000	59.9431261509519
30.1000000000000	59.9437943393560
30.1200000000000	59.9438802918743
30.1400000000000	59.9451558389163
30.1600000000000	59.9436075002981
30.1800000000000	59.9430798348781
30.2000000000000	59.9437502426585
30.2200000000000	59.9418973077419
30.2400000000000	59.9451780050212
30.2600000000000	59.9436365573206
30.2800000000000	59.9430878237520
30.3000000000000	59.9437045784735
30.3200000000000	59.9419026660627
30.3400000000000	59.9437967834277
30.3600000000000	59.9450055350688
30.3800000000000	59.9431055407769
30.4000000000000	59.9437227221879
30.4200000000000	59.9418639254568
30.4400000000000	59.9437475191192
30.4600000000000	59.9449824889740
30.4800000000000	59.9437264977923
30.5000000000000	59.9437205945931
30.5200000000000	59.9418800008267
30.5400000000000	59.9437457234797
30.5600000000000	59.9449499480339
30.5800000000000	59.9437124031677
30.6000000000000	59.9435102324322
30.6200000000000	59.9416139055724
30.6400000000000	59.9437410615421
30.6600000000000	59.9449581998674
30.6800000000000	59.9436960682897
30.7000000000000	59.9434465903036
30.7200000000000	59.9415321782274
30.7400000000000	59.9436800782847
30.7600000000000	59.9449428408921
30.7800000000000	59.9437053896830
30.8000000000000	59.9434363022007
30.8200000000000	59.9415053874293
30.8400000000000	59.9436082189351
30.8600000000000	59.9449292176851
30.8800000000000	59.9436814761358
30.9000000000000	59.9431377310705
30.9200000000000	59.9415061294491
30.9400000000000	59.9435998858625
30.9600000000000	59.9448720296427
30.9800000000000	59.9433679112238
31	59.9428521238641
31.0200000000000	59.9435268585449
31.0400000000000	59.9436085738281
31.0600000000000	59.9448781923392
31.0800000000000	59.9433570992445
31.1000000000000	59.9427894340703
31.1200000000000	59.9434549844069
31.1400000000000	59.9416053818629
31.1600000000000	59.9435221350600
31.1800000000000	59.9433623108539
31.2000000000000	59.9428002998436
31.2200000000000	59.9434077420472
31.2400000000000	59.9416046955758
31.2600000000000	59.9434997956927
31.2800000000000	59.9447092143815
31.3000000000000	59.9428111911854
31.3200000000000	59.9434296862105
31.3400000000000	59.9415725876174
31.3600000000000	59.9434585445524
31.3800000000000	59.9446960167027
31.4000000000000	59.9434428288664
31.4200000000000	59.9434403105856
31.4400000000000	59.9416029131260
31.4600000000000	59.9434726142779
31.4800000000000	59.9446808383148
31.5000000000000	59.9434467734830
31.5200000000000	59.9432490735219
31.5400000000000	59.9413575862412
31.5600000000000	59.9434896837311
31.5800000000000	59.9447120620083
31.6000000000000	59.9434539649511
31.6200000000000	59.9432258599813
31.6400000000000	59.9412918862202
31.6600000000000	59.9434506733469
31.6800000000000	59.9447257820801
31.7000000000000	59.9434947549197
31.7200000000000	59.9432573613498
31.7400000000000	59.9413115974211
31.7600000000000	59.9434162126673
31.7800000000000	59.9447474301235
31.8000000000000	59.9432587440867
31.8200000000000	59.9429727857353
31.8400000000000	59.9413595000543
31.8600000000000	59.9434566773175
31.8800000000000	59.9447336359307
31.9000000000000	59.9432362522965
31.9200000000000	59.9427313685635
31.9400000000000	59.9434164807895
31.9600000000000	59.9435094936894
31.9800000000000	59.9447889360796
32	59.9432754068244
32.0200000000000	59.9427183208852
32.0400000000000	59.9433941565893
32.0600000000000	59.9415545770606
32.0800000000000	59.9434818838755
32.1000000000000	59.9433301111770
32.1200000000000	59.9427781736571
32.1400000000000	59.9433954001070
32.1600000000000	59.9415911976733
32.1800000000000	59.9434943554820
32.2000000000000	59.9447228269366
32.2200000000000	59.9428358919032
32.2400000000000	59.9434636240151
32.2600000000000	59.9416418374950
32.2800000000000	59.9435070757738
32.3000000000000	59.9447495866365
32.3200000000000	59.9435068953604
32.3400000000000	59.9433456510240
32.3600000000000	59.9416968620193
32.3800000000000	59.9435729909806
32.4000000000000	59.9447815964002
32.4200000000000	59.9435497417729
32.4400000000000	59.9433430170827
32.4600000000000	59.9414676203929
32.4800000000000	59.9436224902173
32.5000000000000	59.9448508627707
32.5200000000000	59.9435939258629
32.5400000000000	59.9433726306431
32.5600000000000	59.9414469762231
32.5800000000000	59.9436129528585
32.6000000000000	59.9448938862532
32.6200000000000	59.9436669090381
32.6400000000000	59.9434358368021
32.6600000000000	59.9414964582755
32.6800000000000	59.9436066680014
32.7000000000000	59.9449305245228
32.7200000000000	59.9434450067406
32.7400000000000	59.9431765921322
32.7600000000000	59.9415689797349
32.7800000000000	59.9436681082841
32.8000000000000	59.9449753154825
32.8200000000000	59.9434449335705
32.8400000000000	59.9429425929299
32.8600000000000	59.9436362364264
32.8800000000000	59.9417590148716
32.9000000000000	59.9450346444469
32.9200000000000	59.9435060671746
32.9400000000000	59.9429416886589
32.9600000000000	59.9436179617411
32.9800000000000	59.9418221725346
33	59.9437022355054
33.0200000000000	59.9435625321843
33.0400000000000	59.9430045654666
33.0600000000000	59.9436161936095
33.0800000000000	59.9418102839431
33.1000000000000	59.9437126309926
33.1200000000000	59.9449395051715
33.1400000000000	59.9430498657459
33.1600000000000	59.9436752688216
33.1800000000000	59.9418512644121
33.2000000000000	59.9437136412637
33.2200000000000	59.9449528947244
33.2400000000000	59.9437073186590
33.2600000000000	59.9435425370374
33.2800000000000	59.9418902277949
33.3000000000000	59.9437622505934
33.3200000000000	59.9449663515018
33.3400000000000	59.9437417204243
33.3600000000000	59.9435086271661
33.3800000000000	59.9416335477210
33.4000000000000	59.9437893688818
33.4200000000000	59.9450133881499
33.4400000000000	59.9437766799844
33.4600000000000	59.9435256146347
33.4800000000000	59.9415875875621
33.5000000000000	59.9437502170328
33.5200000000000	59.9450622661070
33.5400000000000	59.9437977142505
33.5600000000000	59.9435667694081
33.5800000000000	59.9416132944819
33.6000000000000	59.9437117744017
33.6200000000000	59.9450283263442
33.6400000000000	59.9435382979704
33.6600000000000	59.9432635799497
33.6800000000000	59.9416482670652
33.7000000000000	59.9437392083493
33.7200000000000	59.9450390076518
33.7400000000000	59.9435031772078
33.7600000000000	59.9429934144174
33.7800000000000	59.9436798468617
33.8000000000000	59.9417952933669
33.8200000000000	59.9450624269218
33.8400000000000	59.9435284368055
33.8600000000000	59.9429565983777
33.8800000000000	59.9436256632221
33.9000000000000	59.9418228167521
33.9200000000000	59.9436950997321
33.9400000000000	59.9435496075904
33.9600000000000	59.9429844875847
33.9800000000000	59.9436171205357
34	59.9417735202060
34.0200000000000	59.9436658053662
34.0400000000000	59.9448908324245
34.0600000000000	59.9436530290352
34.0800000000000	59.9436304606675
34.1000000000000	59.9417954575290
34.1200000000000	59.9436432294561
34.1400000000000	59.9448734173577
34.1600000000000	59.9436561057836
34.1800000000000	59.9434455641029
34.2000000000000	59.9418028556192
34.2200000000000	59.9436665483053
34.2400000000000	59.9448608549477
34.2600000000000	59.9436325675807
34.2800000000000	59.9433955157190
34.3000000000000	59.9415154851961
34.3200000000000	59.9436664934727
34.3400000000000	59.9448856619173
34.3600000000000	59.9436466508610
34.3800000000000	59.9433918864467
34.4000000000000	59.9414495865052
34.4200000000000	59.9436080868838
34.4400000000000	59.9449167094537
34.4600000000000	59.9436504940809
34.4800000000000	59.9434167383747
34.5000000000000	59.9414600203377
34.5200000000000	59.9435554044086
34.5400000000000	59.9448694512527
34.5600000000000	59.9433782574352
34.5800000000000	59.9431019478276
34.6000000000000	59.9435225408917
34.6200000000000	59.9435968124654
34.6400000000000	59.9448782183233
34.6600000000000	59.9433345260439
34.6800000000000	59.9428243862037
34.7000000000000	59.9434880404189
34.7200000000000	59.9416236977844
34.7400000000000	59.9449029251317
34.7600000000000	59.9433638815662
34.7800000000000	59.9427877477673
34.8000000000000	59.9434406850984
34.8200000000000	59.9416437742642
34.8400000000000	59.9435285665908
34.8600000000000	59.9433879137876
34.8800000000000	59.9428243248118
34.9000000000000	59.9434584884027
34.9200000000000	59.9416168350905
34.9400000000000	59.9435115917238
34.9600000000000	59.9447395370265
34.9800000000000	59.9435045600633
35	59.9434855577771
35.0200000000000	59.9416535074418
35.0400000000000	59.9435047213780
35.0600000000000	59.9447386778937
35.0800000000000	59.9435244772262
35.1000000000000	59.9433178363105
35.1200000000000	59.9416788162789
35.1400000000000	59.9435464482929
35.1600000000000	59.9447695663576
35.1800000000000	59.9435211447262
35.2000000000000	59.9432831185833
35.2200000000000	59.9414109222834
35.2400000000000	59.9435420430501
35.2600000000000	59.9447966380000
35.2800000000000	59.9435660128245
35.3000000000000	59.9433086197213
35.3200000000000	59.9413671282218
35.3400000000000	59.9435072247835
35.3600000000000	59.9448336288960
35.3800000000000	59.9435860205184
35.4000000000000	59.9433576206585
35.4200000000000	59.9414037456539
35.4400000000000	59.9435279560682
35.4600000000000	59.9448164506247
35.4800000000000	59.9433311761362
35.5000000000000	59.9430667123723
35.5200000000000	59.9434951432959
35.5400000000000	59.9435748127660
35.5600000000000	59.9448610059708
35.5800000000000	59.9433218499663
35.6000000000000	59.9428182415647
35.6200000000000	59.9434876527351
35.6400000000000	59.9416284227622
35.6600000000000	59.9449138280678
35.6800000000000	59.9433791561899
35.7000000000000	59.9428384956421
35.7200000000000	59.9434627601579
35.7400000000000	59.9416685679300
35.7600000000000	59.9435645398367
35.7800000000000	59.9447937081893
35.8000000000000	59.9428875376024
35.8200000000000	59.9435179668343
35.8400000000000	59.9416724078468
35.8600000000000	59.9435699673128
35.8800000000000	59.9448211067664
35.9000000000000	59.9435641350855
35.9200000000000	59.9435643738228
35.9400000000000	59.9417324983210
35.9600000000000	59.9435831429313
35.9800000000000	59.9448239666141
36	59.9435985447153
36.0200000000000	59.9434021630783
36.0400000000000	59.9417716035785
36.0600000000000	59.9436433872566
36.0800000000000	59.9448693409538
36.1000000000000	59.9436220910870
36.1200000000000	59.9433865767625
36.1400000000000	59.9415175154513
36.1600000000000	59.9436517516187
36.1800000000000	59.9449088607482
36.2000000000000	59.9436794443328
36.2200000000000	59.9434240305868
36.2400000000000	59.9414848137768
36.2600000000000	59.9436270606327
36.2800000000000	59.9449551614652
36.3000000000000	59.9437081909201
36.3200000000000	59.9431728690493
36.3400000000000	59.9415532636626
36.3600000000000	59.9436589461112
36.3800000000000	59.9449410500957
36.4000000000000	59.9434568511479
36.4200000000000	59.9429498040900
36.4400000000000	59.9436216831164
36.4600000000000	59.9437122917175
36.4800000000000	59.9449920906461
36.5000000000000	59.9434472384850
36.5200000000000	59.9429244108971
36.5400000000000	59.9435997572962
36.5600000000000	59.9417520350435
36.5800000000000	59.9450387932730
36.6000000000000	59.9435016492831
36.6200000000000	59.9429588360143
36.6400000000000	59.9435815452248
36.6600000000000	59.9417857004005
36.6800000000000	59.9436797404688
36.7000000000000	59.9449070202835
36.7200000000000	59.9429988242659
36.7400000000000	59.9436269733069
36.7600000000000	59.9417791250289
36.7800000000000	59.9436741181620
36.8000000000000	59.9449225977408
36.8200000000000	59.9436633897950
36.8400000000000	59.9436603623967
36.8600000000000	59.9418256321376
36.8800000000000	59.9436731142079
36.9000000000000	59.9449106386361
36.9200000000000	59.9436825996767
36.9400000000000	59.9434826077397
36.9600000000000	59.9415912495344
36.9800000000000	59.9437253245888
37	59.9449496579958
37.0200000000000	59.9436914958089
37.0400000000000	59.9434480512217
37.0600000000000	59.9415405208242
37.0800000000000	59.9436953695841
37.1000000000000	59.9449639737215
37.1200000000000	59.9437303884530
37.1400000000000	59.9434674618036
37.1600000000000	59.9415434904876
37.1800000000000	59.9436532807609
37.2000000000000	59.9449802719519
37.2200000000000	59.9437363785958
37.2400000000000	59.9431986541122
37.2600000000000	59.9415739951204
37.2800000000000	59.9436745265610
37.3000000000000	59.9449525453072
37.3200000000000	59.9434656905326
37.3400000000000	59.9429546825649
37.3600000000000	59.9436225791753
37.3800000000000	59.9437086683812
37.4000000000000	59.9449845982518
37.4200000000000	59.9434369387883
37.4400000000000	59.9429100241815
37.4600000000000	59.9435813573148
37.4800000000000	59.9417297895438
37.5000000000000	59.9436480629139
37.5200000000000	59.9434916863772
37.5400000000000	59.9429340471278
37.5600000000000	59.9435447103732
37.5800000000000	59.9417438320189
37.6000000000000	59.9436411389261
37.6200000000000	59.9448531451620
37.6400000000000	59.9429563334137
37.6600000000000	59.9435766518693
37.6800000000000	59.9417208139499
37.7000000000000	59.9436079525757
37.7200000000000	59.9448468847930
37.7400000000000	59.9435940831048
37.7600000000000	59.9435924788776
37.7800000000000	59.9417555950600
37.8000000000000	59.9436256591790
37.8200000000000	59.9448344815192
37.8400000000000	59.9436003629604
37.8600000000000	59.9434027131348
37.8800000000000	59.9415111373919
37.9000000000000	59.9436428868540
37.9200000000000	59.9448650644225
37.9400000000000	59.9436064987436
37.9600000000000	59.9433619948531
37.9800000000000	59.9414528582104
38	59.9436062802119
38.0200000000000	59.9448740384817
38.0400000000000	59.9436403615583
38.0600000000000	59.9433766700171
38.0800000000000	59.9414515573581
38.1000000000000	59.9435604417753
38.1200000000000	59.9448869507973
38.1400000000000	59.9433949984149
38.1600000000000	59.9431069021634
38.1800000000000	59.9414905780797
38.2000000000000	59.9435835574325
38.2200000000000	59.9448567793716
38.2400000000000	59.9433568089620
38.2600000000000	59.9428482508592
38.2800000000000	59.9435291604059
38.3000000000000	59.9436169453121
38.3200000000000	59.9448919109668
38.3400000000000	59.9433751573632
38.3600000000000	59.9428135958730
38.3800000000000	59.9434846447079
38.4000000000000	59.9416400132446
38.4200000000000	59.9435621533770
38.4400000000000	59.9434066760576
38.4600000000000	59.9428500516803
38.4800000000000	59.9434623827054
38.5000000000000	59.9416636690636
38.5200000000000	59.9435634645074
38.5400000000000	59.9447778801166
38.5600000000000	59.9428831655993
38.5800000000000	59.9435058457555
38.6000000000000	59.9416524310584
38.6200000000000	59.9435423359691
38.6400000000000	59.9447840536921
38.6600000000000	59.9435332689609
38.6800000000000	59.9433650033580
38.7000000000000	59.9417118909176
38.7200000000000	59.9435838188422
38.7400000000000	59.9447872556622
38.7600000000000	59.9435518038711
38.7800000000000	59.9433401888423
38.8000000000000	59.9414596803068
38.8200000000000	59.9436098209844
38.8400000000000	59.9448329810906
38.8600000000000	59.9435726848020
38.8800000000000	59.9433466223615
38.9000000000000	59.9414158774508
38.9200000000000	59.9435767556072
38.9400000000000	59.9448531581530
38.9600000000000	59.9436230434842
38.9800000000000	59.9433874974862
39	59.9414433845836
39.0200000000000	59.9435488626898
39.0400000000000	59.9448805557987
39.0600000000000	59.9433921006755
39.0800000000000	59.9431066838975
39.1000000000000	59.9414938337840
39.1200000000000	59.9435906372491
39.1400000000000	59.9448669252044
39.1600000000000	59.9433687961093
39.1800000000000	59.9428632536514
39.2000000000000	59.9435475220950
39.2200000000000	59.9436389768159
39.2400000000000	59.9449166652580
39.2600000000000	59.9434015479603
39.2800000000000	59.9428427308865
39.3000000000000	59.9435167585122
39.3200000000000	59.9417179698165
39.3400000000000	59.9435957796171
39.3600000000000	59.9434546888373
39.3800000000000	59.9428950274013
39.4000000000000	59.9435052132632
39.4200000000000	59.9416981244972
39.4400000000000	59.9435992207404
39.4600000000000	59.9448248345332
39.4800000000000	59.9429349751947
39.5000000000000	59.9435598090032
39.5200000000000	59.9417353726731
39.5400000000000	59.9435973378589
39.5600000000000	59.9448362428053
39.5800000000000	59.9435910491108
39.6000000000000	59.9434266307576
39.6200000000000	59.9417746113290
39.6400000000000	59.9436470503182
39.6600000000000	59.9448516575814
39.6800000000000	59.9436170860124
39.7000000000000	59.9434067984548
39.7200000000000	59.9415275157224
39.7400000000000	59.9436784536485
39.7600000000000	59.9449024021885
39.7800000000000	59.9436424809997
39.8000000000000	59.9434171825125
39.8200000000000	59.9414871529829
39.8400000000000	59.9436483936810
39.8600000000000	59.9449607133087
39.8800000000000	59.9436985846330
39.9000000000000	59.9434704477136
39.9200000000000	59.9415189551005
39.9400000000000	59.9436195843177
39.9600000000000	59.9449387589848
39.9800000000000	59.9434512504828
40	59.9431793252657
