X   Y
0	0.843150322344298
0.0199999999999996	0.843150322344298
0.0399999999999992	0.843150322344298
0.0600000000000023	0.843150322344298
0.0800000000000019	0.843150322344298
0.100000000000001	0.843150322344298
0.120000000000001	0.843150322344298
0.140000000000001	0.843150322344298
0.160000000000000	0.843150322344298
0.180000000000000	0.843150322344298
0.199999999999999	0.843150322344298
0.219999999999999	0.843150322344298
0.240000000000002	0.843150322344298
0.260000000000002	0.843150322344298
0.280000000000001	0.843150322344298
0.300000000000001	0.843150322344298
0.320000000000000	0.843150322344298
0.340000000000000	0.843150322344298
0.359999999999999	0.843150322344298
0.379999999999999	0.843150322344298
0.400000000000002	0.843150322344298
0.420000000000002	0.843150322344298
0.440000000000001	0.843150322344298
0.460000000000001	0.843150322344298
0.480000000000000	0.843150322344298
0.500000000000000	0.843150322344298
0.520000000000000	0.843150322344298
0.539999999999999	0.843150322344298
0.560000000000002	0.843150322344298
0.580000000000002	0.843150322344298
0.600000000000001	0.843150322344298
0.620000000000001	0.843150322344298
0.640000000000001	0.843150322344298
0.660000000000000	0.843150322344298
0.680000000000000	0.843150322344298
0.699999999999999	0.843150322344298
0.719999999999999	0.843150322344298
0.740000000000002	0.843150322344298
0.760000000000002	0.843150322344298
0.780000000000001	0.843150322344298
0.800000000000001	0.843150322344298
0.820000000000000	0.843150322344298
0.840000000000000	0.843150322344298
0.859999999999999	0.843150322344298
0.879999999999999	0.843150322344298
0.900000000000002	0.843150322344298
0.920000000000002	0.843150322344298
0.940000000000001	0.843150322344298
0.960000000000001	0.843150322344298
0.980000000000000	0.843150322344298
1	0.843150322344298
1.02000000000000	0.843150322344298
1.04000000000000	0.843150322344298
1.06000000000000	0.843150322344298
1.08000000000000	0.843150322344298
1.10000000000000	0.843150322344298
1.12000000000000	0.843150322344298
1.14000000000000	0.843150322344298
1.16000000000000	0.843150322344298
1.18000000000000	0.843150322344298
1.20000000000000	0.843150322344298
1.22000000000000	0.843150322344298
1.24000000000000	0.843150322344298
1.26000000000000	0.843150322344298
1.28000000000000	0.843150322344298
1.30000000000000	0.843150322344298
1.32000000000000	0.843150322344298
1.34000000000000	0.843150322344298
1.36000000000000	0.843150322344298
1.38000000000000	0.843150322344298
1.40000000000000	0.843150322344298
1.42000000000000	0.843150322344298
1.44000000000000	0.843150322344298
1.46000000000000	0.843150322344298
1.48000000000000	0.843150322344298
1.50000000000000	0.843150322344298
1.52000000000000	0.843150322344298
1.54000000000000	0.843150322344298
1.56000000000000	0.843150322344298
1.58000000000000	0.843150322344298
1.60000000000000	0.843150322344298
1.62000000000000	0.843150322344298
1.64000000000000	0.843150322344298
1.66000000000000	0.843150322344298
1.68000000000000	0.843150322344298
1.70000000000000	0.843150322344298
1.72000000000000	0.843150322344298
1.74000000000000	0.843150322344298
1.76000000000000	0.843150322344298
1.78000000000000	0.843150322344298
1.80000000000000	0.843150322344298
1.82000000000000	0.843150322344298
1.84000000000000	0.843150322344298
1.86000000000000	0.843150322344298
1.88000000000000	0.843150322344298
1.90000000000000	0.843150322344298
1.92000000000000	0.843150322344298
1.94000000000000	0.843150322344298
1.96000000000000	0.843150322344298
1.98000000000000	0.843150322344298
2	0.843150322344298
2.02000000000000	0.967832507914135
2.04000000000000	0.997817175978632
2.06000000000000	0.994401674003584
2.08000000000000	0.963651943426903
2.10000000000000	0.959131916487445
2.12000000000000	0.954521689518385
2.14000000000000	0.965165581067281
2.16000000000000	0.966211064844362
2.18000000000000	0.964601299137604
2.20000000000000	0.931151155534954
2.22000000000000	0.922860931223922
2.24000000000000	0.928012445303172
2.26000000000000	0.924545720842798
2.28000000000000	0.925188792131414
2.30000000000000	0.894679083008671
2.32000000000000	0.883300110472291
2.34000000000000	0.887726551241227
2.36000000000000	0.881976623602978
2.38000000000000	0.881153116786276
2.40000000000000	0.849424679037457
2.42000000000000	0.840655363141176
2.44000000000000	0.850943712000605
2.46000000000000	0.849214042396210
2.48000000000000	0.842855826900687
2.50000000000000	0.815621906131787
2.52000000000000	0.807105892050634
2.54000000000000	0.817537803679011
2.56000000000000	0.815765133260225
2.58000000000000	0.812963546848000
2.60000000000000	0.790237975574790
2.62000000000000	0.790841403168699
2.64000000000000	0.789013770319022
2.66000000000000	0.798292648630879
2.68000000000000	0.797237454962211
2.70000000000000	0.778765669590622
2.72000000000000	0.778217114019092
2.74000000000000	0.778599932680443
2.76000000000000	0.787874604968036
2.78000000000000	0.789909581542018
2.80000000000000	0.800549152677150
2.82000000000000	0.780798156019772
2.84000000000000	0.781052405093838
2.86000000000000	0.796462359071177
2.88000000000000	0.794465611548561
2.90000000000000	0.803812119670485
2.92000000000000	0.784819934774374
2.94000000000000	0.783882216509572
2.96000000000000	0.801105645065197
2.98000000000000	0.806309399683171
3	0.810300827174509
3.02000000000000	0.796017480319669
3.04000000000000	0.799471585998087
3.06000000000000	0.800570463838347
3.08000000000000	0.813144802582333
3.10000000000000	0.816152433948250
3.12000000000000	0.801126432858567
3.14000000000000	0.803214881038997
3.16000000000000	0.804006854198836
3.18000000000000	0.813534820026001
3.20000000000000	0.815935850026101
3.22000000000000	0.825148716209370
3.24000000000000	0.804856571482918
3.26000000000000	0.801558938417425
3.28000000000000	0.816026345149424
3.30000000000000	0.817745609943610
3.32000000000000	0.818966228170482
3.34000000000000	0.799607111229343
3.36000000000000	0.799345739144579
3.38000000000000	0.798241895703373
3.40000000000000	0.805128616294294
3.42000000000000	0.805852463904090
3.44000000000000	0.814072455035152
3.46000000000000	0.791308191387202
3.48000000000000	0.787402783930092
3.50000000000000	0.798947993262523
3.52000000000000	0.799502576096814
3.54000000000000	0.800992591095566
3.56000000000000	0.781647067845113
3.58000000000000	0.779991617799071
3.60000000000000	0.776796239291958
3.62000000000000	0.783955797235603
3.64000000000000	0.787997773912324
3.66000000000000	0.795155577822003
3.68000000000000	0.771756871512911
3.70000000000000	0.765970403889040
3.72000000000000	0.778400578050842
3.74000000000000	0.780119244996876
3.76000000000000	0.782007417096862
3.78000000000000	0.762713310643013
3.80000000000000	0.761062758507480
3.82000000000000	0.759905274597010
3.84000000000000	0.769381980460842
3.86000000000000	0.771329079179887
3.88000000000000	0.779504234336408
3.90000000000000	0.757798336163036
3.92000000000000	0.753984285722956
3.94000000000000	0.768321255268990
3.96000000000000	0.771615892590237
3.98000000000000	0.777184347576345
4	0.756173062607476
4.02000000000000	0.753497920178538
4.04000000000000	0.759224185640860
4.06000000000000	0.771788799387857
4.08000000000000	0.776004743769539
4.10000000000000	0.786250862734773
4.12000000000000	0.766957791196312
4.14000000000000	0.766195523621369
4.16000000000000	0.777096401405489
4.18000000000000	0.782244680679370
4.20000000000000	0.794064983529342
4.22000000000000	0.775562263613648
4.24000000000000	0.775028476052512
4.26000000000000	0.791953994157829
4.28000000000000	0.798359837705624
4.30000000000000	0.803637725819409
4.32000000000000	0.787631745864242
4.34000000000000	0.791323162056530
4.36000000000000	0.793998843633017
4.38000000000000	0.806166797897542
4.40000000000000	0.811988743239611
4.42000000000000	0.824072417403708
4.44000000000000	0.805511446145273
4.46000000000000	0.805125520214796
4.48000000000000	0.823920732820318
4.50000000000000	0.830156578045540
4.52000000000000	0.834756699548799
4.54000000000000	0.818232071555065
4.56000000000000	0.822014734074595
4.58000000000000	0.825591116668379
4.60000000000000	0.837413562918895
4.62000000000000	0.842183681843027
4.64000000000000	0.853525383551039
4.66000000000000	0.833827649293843
4.68000000000000	0.834293932227145
4.70000000000000	0.851095515839056
4.72000000000000	0.855894625775961
4.74000000000000	0.859844097436850
4.76000000000000	0.841892499069011
4.78000000000000	0.840493396669047
4.80000000000000	0.845438720792324
4.82000000000000	0.858246086851362
4.84000000000000	0.865436998731025
4.86000000000000	0.846620679797822
4.88000000000000	0.849582707512674
4.90000000000000	0.849867215665197
4.92000000000000	0.860671327511563
4.94000000000000	0.864880321564365
4.96000000000000	0.875884993942546
4.98000000000000	0.854891524207514
5	0.852064322859143
5.02000000000000	0.869438131306041
5.04000000000000	0.874686897740744
5.06000000000000	0.877637298605593
5.08000000000000	0.860637252227305
5.10000000000000	0.862225415449102
5.12000000000000	0.861122190255534
5.14000000000000	0.874013878944705
5.16000000000000	0.877652692357693
5.18000000000000	0.886235078324839
5.20000000000000	0.861911160410572
5.22000000000000	0.860188248833898
5.24000000000000	0.870553835851888
5.26000000000000	0.874596085130771
5.28000000000000	0.883671451553501
5.30000000000000	0.861608529615736
5.32000000000000	0.858152865883054
5.34000000000000	0.875148341629950
5.36000000000000	0.879874130305310
5.38000000000000	0.881931694926169
5.40000000000000	0.863952814275998
5.42000000000000	0.864975690004200
5.44000000000000	0.864223172107693
5.46000000000000	0.875580551743150
5.48000000000000	0.879053656695877
5.50000000000000	0.861419424020497
5.52000000000000	0.861873146498281
5.54000000000000	0.860961582401456
5.56000000000000	0.871221799807316
5.58000000000000	0.875205032289042
5.60000000000000	0.885870305752977
5.62000000000000	0.863061844668482
5.64000000000000	0.858938260490051
5.66000000000000	0.876594681003231
5.68000000000000	0.880220062717326
5.70000000000000	0.883332883289854
5.72000000000000	0.859417933859798
5.74000000000000	0.855280504998020
5.76000000000000	0.870304652602367
5.78000000000000	0.874504061337857
5.80000000000000	0.876468814559320
5.82000000000000	0.856172349068286
5.84000000000000	0.858563978972083
5.86000000000000	0.856850473911590
5.88000000000000	0.868244036133502
5.90000000000000	0.870032151927141
5.92000000000000	0.876997005319358
5.94000000000000	0.851509461748444
5.96000000000000	0.848916654629473
5.98000000000000	0.858022862977830
6	0.860107000847049
6.02000000000000	0.868453568917758
6.04000000000000	0.846464756899854
6.06000000000000	0.842092277901019
6.08000000000000	0.858382387777241
6.10000000000000	0.860495756079410
6.12000000000000	0.862791956144569
6.14000000000000	0.838474580363940
6.16000000000000	0.833694265954362
6.18000000000000	0.847481157159051
6.20000000000000	0.850408368454725
6.22000000000000	0.851739702968059
6.24000000000000	0.831312486614506
6.26000000000000	0.832994520705554
6.28000000000000	0.830811577727309
6.30000000000000	0.841181627699413
6.32000000000000	0.842088831939214
6.34000000000000	0.823462778553899
6.36000000000000	0.822361799378176
6.38000000000000	0.820501888325039
6.40000000000000	0.828797857039384
6.42000000000000	0.830757210818841
6.44000000000000	0.840321253870625
6.46000000000000	0.817390141390363
6.48000000000000	0.814287301293157
6.50000000000000	0.827597359654641
6.52000000000000	0.824059453205266
6.54000000000000	0.831251244812886
6.56000000000000	0.808479074708857
6.58000000000000	0.803464668037467
6.60000000000000	0.817631697905316
6.62000000000000	0.820005178201627
6.64000000000000	0.821617741801605
6.66000000000000	0.802140127436232
6.68000000000000	0.803965642663092
6.70000000000000	0.802209383637298
6.72000000000000	0.812558497328147
6.74000000000000	0.813727231225101
6.76000000000000	0.796394330896193
6.78000000000000	0.795693300643939
6.80000000000000	0.794496684723505
6.82000000000000	0.803076225625650
6.84000000000000	0.805582610371255
6.86000000000000	0.816187549740830
6.88000000000000	0.794575409707900
6.90000000000000	0.792268090759197
6.92000000000000	0.805935453040663
6.94000000000000	0.803212453781361
6.96000000000000	0.811624728432705
6.98000000000000	0.790272524233160
7	0.786213919066647
7.02000000000000	0.800973210447132
7.04000000000000	0.804873707098521
7.06000000000000	0.807724746066353
7.08000000000000	0.791301451147082
7.10000000000000	0.791762235373644
7.12000000000000	0.791337460767098
7.14000000000000	0.801506969560430
7.16000000000000	0.804190488583942
7.18000000000000	0.788489896570833
7.20000000000000	0.788693275770975
7.22000000000000	0.788363694808404
7.24000000000000	0.797803112841388
7.26000000000000	0.801313249675313
7.28000000000000	0.812942671123531
7.30000000000000	0.792233777858786
7.32000000000000	0.790691535184389
7.34000000000000	0.805176404562847
7.36000000000000	0.803415469313575
7.38000000000000	0.812754103788157
7.40000000000000	0.792151046944363
7.42000000000000	0.788794548495221
7.44000000000000	0.804392028935230
7.46000000000000	0.809259661828525
7.48000000000000	0.812965410632631
7.50000000000000	0.797178984776493
7.52000000000000	0.798381429614929
7.54000000000000	0.798667046391466
7.56000000000000	0.809770730622563
7.58000000000000	0.815897664705155
7.60000000000000	0.797323374583386
7.62000000000000	0.799249368867144
7.64000000000000	0.799606147792875
7.66000000000000	0.810357299792441
7.68000000000000	0.816142188055384
7.70000000000000	0.826715107566497
7.72000000000000	0.807593148561474
7.74000000000000	0.804521360939618
7.76000000000000	0.815179740826559
7.78000000000000	0.818451625666605
7.80000000000000	0.829087826630016
7.82000000000000	0.808259034401191
7.84000000000000	0.806178484532650
7.86000000000000	0.823381120527788
7.88000000000000	0.828309083035130
7.90000000000000	0.833631314992502
7.92000000000000	0.815720598675280
7.94000000000000	0.812970202902998
7.96000000000000	0.817201460680343
7.98000000000000	0.832437333689515
8	0.835333338316443
8.02000000000000	0.817902957720678
8.04000000000000	0.820585037498395
8.06000000000000	0.822737089295677
8.08000000000000	0.833466705418993
8.10000000000000	0.839921480690865
8.12000000000000	0.849004161127492
8.14000000000000	0.825390647173220
8.16000000000000	0.824778923381753
8.18000000000000	0.835657161928613
8.20000000000000	0.839871748730383
8.22000000000000	0.852307093423558
8.24000000000000	0.831621963896721
8.26000000000000	0.830673167961475
8.28000000000000	0.846616181599472
8.30000000000000	0.845735950350149
8.32000000000000	0.855208900713271
8.34000000000000	0.834059395800436
8.36000000000000	0.830977259239961
8.38000000000000	0.848807865963519
8.40000000000000	0.854151895510694
8.42000000000000	0.858977604006590
8.44000000000000	0.840211481967974
8.46000000000000	0.837340156110205
8.48000000000000	0.852012998213976
8.50000000000000	0.855961206805197
8.52000000000000	0.859205758961882
8.54000000000000	0.840788941875664
8.56000000000000	0.843045577628858
8.58000000000000	0.844643489668555
8.60000000000000	0.857645399023845
8.62000000000000	0.860591752388521
8.64000000000000	0.843326152868225
8.66000000000000	0.844179527387589
8.68000000000000	0.843968509734491
8.70000000000000	0.854967931391029
8.72000000000000	0.860480905915691
8.74000000000000	0.871964258914421
8.76000000000000	0.848940069148752
8.78000000000000	0.846134143613599
8.80000000000000	0.855422342899386
8.82000000000000	0.859046204407189
8.84000000000000	0.868145002440503
8.86000000000000	0.847793905963982
8.88000000000000	0.844895787543639
8.90000000000000	0.862488788902486
8.92000000000000	0.860691638890679
8.94000000000000	0.868653231151681
8.96000000000000	0.846187216320942
8.98000000000000	0.842267993274161
9	0.859423450128949
9.02000000000000	0.863807353294324
9.04000000000000	0.867427319541933
9.06000000000000	0.846807293015405
9.08000000000000	0.843036802507649
9.10000000000000	0.857273559369514
9.12000000000000	0.860490883171397
9.14000000000000	0.863055537940651
9.16000000000000	0.845871697170739
9.18000000000000	0.846651184940897
9.20000000000000	0.845583531181971
9.22000000000000	0.859389758913321
9.24000000000000	0.859976820261381
9.26000000000000	0.840102668843286
9.28000000000000	0.841304055354476
9.30000000000000	0.842332205722387
9.32000000000000	0.851864036043423
9.34000000000000	0.856648642052721
9.36000000000000	0.838199924719519
9.38000000000000	0.837624255777105
9.40000000000000	0.836348397178138
9.42000000000000	0.845652798793390
9.44000000000000	0.850428231708340
9.46000000000000	0.859286161537943
9.48000000000000	0.837953319799340
9.50000000000000	0.834110685935450
9.52000000000000	0.841901103667605
9.54000000000000	0.844033934819584
9.56000000000000	0.853215516446214
9.58000000000000	0.832126264401589
9.60000000000000	0.830084442254802
9.62000000000000	0.844269836652176
9.64000000000000	0.841436690152699
9.66000000000000	0.849159595096362
9.68000000000000	0.826002476778945
9.70000000000000	0.822353473497137
9.72000000000000	0.838181959441743
9.74000000000000	0.843213230572387
9.76000000000000	0.844557435743626
9.78000000000000	0.823664861599759
9.80000000000000	0.818710516317791
9.82000000000000	0.832412907970215
9.84000000000000	0.836464296843201
9.86000000000000	0.838692951578127
9.88000000000000	0.820972926302447
9.90000000000000	0.816868207203267
9.92000000000000	0.819055972963904
9.94000000000000	0.832286764176232
9.96000000000000	0.833315848313400
9.98000000000000	0.814250994460184
10	0.815295984896378
10.0200000000000	0.815799867904811
10.0400000000000	0.827146052187440
10.0600000000000	0.828653514244794
10.0800000000000	0.811138387160659
10.1000000000000	0.810761799185321
10.1200000000000	0.809715179609678
10.1400000000000	0.819305247362010
10.1600000000000	0.823609801046095
10.1800000000000	0.834580684368777
10.2000000000000	0.811577830209287
10.2200000000000	0.807786202045800
10.2400000000000	0.815905734964264
10.2600000000000	0.818288889835686
10.2800000000000	0.827972911641897
10.3000000000000	0.807688244243832
10.3200000000000	0.806009407257800
10.3400000000000	0.820097915427438
10.3600000000000	0.817572163629780
10.3800000000000	0.825972028850091
10.4000000000000	0.803784510624494
10.4200000000000	0.800646399179592
10.4400000000000	0.816554618950320
10.4600000000000	0.821885942784857
10.4800000000000	0.824081730475465
10.5000000000000	0.804280946000817
10.5200000000000	0.799955469415545
10.5400000000000	0.813917700325103
10.5600000000000	0.817756468011225
10.5800000000000	0.820994697190802
10.6000000000000	0.804847609517347
10.6200000000000	0.805589647416951
10.6400000000000	0.805149295519869
10.6600000000000	0.818376437486752
10.6800000000000	0.820002311915892
10.7000000000000	0.801625868823221
10.7200000000000	0.803130175593054
10.7400000000000	0.804948141763277
10.7600000000000	0.814754499217423
10.7800000000000	0.820113910349823
10.8000000000000	0.803433048779750
10.8200000000000	0.803425353539970
10.8400000000000	0.803148225519301
10.8600000000000	0.813000781216067
10.8800000000000	0.818583093315255
10.9000000000000	0.828755162486297
10.9200000000000	0.809054817111044
10.9400000000000	0.806015355386425
10.9600000000000	0.814576734984181
10.9800000000000	0.818028952794407
11	0.827842105539478
11.0200000000000	0.808686522548169
11.0400000000000	0.806143107545178
11.0600000000000	0.823294653179186
11.0800000000000	0.821737823236953
11.1000000000000	0.830605521869403
11.1200000000000	0.809494804096736
11.1400000000000	0.806167260980700
11.1600000000000	0.823177051263857
11.1800000000000	0.827812550383047
11.2000000000000	0.832656738391807
11.2200000000000	0.813632378954968
11.2400000000000	0.810342858826528
11.2600000000000	0.825035716749521
11.2800000000000	0.828779528332990
11.3000000000000	0.832728127189960
11.3200000000000	0.815040425297276
11.3400000000000	0.818557524580951
11.3600000000000	0.818977819249357
11.3800000000000	0.829915125161937
11.4000000000000	0.835803178152945
11.4200000000000	0.816578334978387
11.4400000000000	0.818680295080790
11.4600000000000	0.819155112040527
11.4800000000000	0.831341647982446
11.5000000000000	0.837739031290109
11.5200000000000	0.846272626595593
11.5400000000000	0.822185476790415
11.5600000000000	0.821200608149629
11.5800000000000	0.831481115103254
11.6000000000000	0.835882973780528
11.6200000000000	0.847656261911051
11.6400000000000	0.828293822817396
11.6600000000000	0.824787019564882
11.6800000000000	0.835340461582606
11.7000000000000	0.838294809526048
11.7200000000000	0.847901719633759
11.7400000000000	0.828486365241088
11.7600000000000	0.826022264468808
11.7800000000000	0.843653358997790
11.8000000000000	0.842293248257529
11.8200000000000	0.851005723107982
11.8400000000000	0.829413692571926
11.8600000000000	0.825979649778271
11.8800000000000	0.843329219243417
11.9000000000000	0.848161703580153
11.9200000000000	0.852653355145980
11.9400000000000	0.832979994044888
11.9600000000000	0.828780767760790
11.9800000000000	0.843669729621598
12	0.848457723909468
12.0200000000000	0.851845645114510
12.0400000000000	0.835355242231244
12.0600000000000	0.836631156124708
12.0800000000000	0.836318990929052
12.1000000000000	0.850673424191184
12.1200000000000	0.852168630981626
12.1400000000000	0.833517067716636
12.1600000000000	0.835621550560996
12.1800000000000	0.836938131391597
12.2000000000000	0.849428960752370
12.2200000000000	0.851953325362674
12.2400000000000	0.834608606069020
12.2600000000000	0.835107042438682
12.2800000000000	0.834622988932352
12.3000000000000	0.847084784623719
12.3200000000000	0.850693734231813
12.3400000000000	0.861560033419615
12.3600000000000	0.836638492974359
12.3800000000000	0.834623906205809
12.4000000000000	0.844328961268514
12.4200000000000	0.848200231740892
12.4400000000000	0.859256359675920
12.4600000000000	0.839023641908398
12.4800000000000	0.835691452178711
12.5000000000000	0.844032285876056
12.5200000000000	0.847165863336822
12.5400000000000	0.856176565780309
12.5600000000000	0.835844352658886
12.5800000000000	0.834584688842287
12.6000000000000	0.849471773984031
12.6200000000000	0.847252926652464
12.6400000000000	0.855509190523569
12.6600000000000	0.832734853239623
12.6800000000000	0.829548035256281
12.7000000000000	0.846024461491025
12.7200000000000	0.851724725533380
12.7400000000000	0.855540768507427
12.7600000000000	0.832050107369020
12.7800000000000	0.828027119819904
12.8000000000000	0.842655730313914
12.8200000000000	0.847353782853497
12.8400000000000	0.851832334570443
12.8600000000000	0.832288311899087
12.8800000000000	0.828207678024520
12.9000000000000	0.841613251635411
12.9200000000000	0.844261954033400
12.9400000000000	0.846978312348139
12.9600000000000	0.828005822525794
12.9800000000000	0.830669745969607
13	0.830061183025585
13.0200000000000	0.843300312710215
13.0400000000000	0.844056784447252
13.0600000000000	0.824623134170582
13.0800000000000	0.825769662422835
13.1000000000000	0.826936606797553
13.1200000000000	0.838927110220636
13.1400000000000	0.840774402815165
13.1600000000000	0.823071668234070
13.1800000000000	0.822886173007720
13.2000000000000	0.821943072785936
13.2200000000000	0.833768065872293
13.2400000000000	0.836771041003218
13.2600000000000	0.847237158990343
13.2800000000000	0.821965268188762
13.3000000000000	0.819614828906187
13.3200000000000	0.828768283053398
13.3400000000000	0.832125526356587
13.3600000000000	0.842897213092580
13.3800000000000	0.822642208112305
13.4000000000000	0.818208880824078
13.4200000000000	0.827707810781172
13.4400000000000	0.829615088241949
13.4600000000000	0.838283084181276
13.4800000000000	0.818132562946840
13.5000000000000	0.814842593474108
13.5200000000000	0.831425398756899
13.5400000000000	0.829092413110288
13.5600000000000	0.836993982677812
13.5800000000000	0.814328431633495
13.6000000000000	0.811150296220776
13.6200000000000	0.827304844290204
13.6400000000000	0.832742229198800
13.6600000000000	0.834685400837967
13.6800000000000	0.814467399791734
13.7000000000000	0.810008096616684
13.7200000000000	0.824091238045961
13.7400000000000	0.828624003398802
13.7600000000000	0.831482590394239
13.7800000000000	0.814411387345812
13.8000000000000	0.810785651348811
13.8200000000000	0.823983074964204
13.8400000000000	0.826470233792084
13.8600000000000	0.829176959338869
13.8800000000000	0.810695007244215
13.9000000000000	0.813973615229713
13.9200000000000	0.813276486701002
13.9400000000000	0.824802091389229
13.9600000000000	0.829562269861863
13.9800000000000	0.809343775079493
14	0.810655866258225
14.0200000000000	0.810649979742860
14.0400000000000	0.822177040758532
14.0600000000000	0.827800745422350
14.0800000000000	0.835705844408868
14.1000000000000	0.811130643060851
14.1200000000000	0.809728019193833
14.1400000000000	0.819371347413525
14.1600000000000	0.824856681596074
14.1800000000000	0.834707653304082
14.2000000000000	0.814625961885611
14.2200000000000	0.811436601887592
14.2400000000000	0.819839913431032
14.2600000000000	0.823005583604289
14.2800000000000	0.832429018540900
14.3000000000000	0.812904671597245
14.3200000000000	0.812065069472910
14.3400000000000	0.826866772796711
14.3600000000000	0.824853956184924
14.3800000000000	0.833668189978015
14.4000000000000	0.811814328072888
14.4200000000000	0.809177182287374
14.4400000000000	0.825748849518516
14.4600000000000	0.831664469704727
14.4800000000000	0.834189906340797
14.5000000000000	0.814570747063517
14.5200000000000	0.810655471536384
14.5400000000000	0.825239450666738
14.5600000000000	0.830281841310201
14.5800000000000	0.833665125658877
14.6000000000000	0.817104624809693
14.6200000000000	0.814018123272203
14.6400000000000	0.817246774839568
14.6600000000000	0.831506624604396
14.6800000000000	0.833629893845326
14.7000000000000	0.815596878512817
14.7200000000000	0.819611917986215
14.7400000000000	0.819334549111701
14.7600000000000	0.831286426166589
14.7800000000000	0.836525827811478
14.8000000000000	0.816639636243303
14.8200000000000	0.818254216859059
14.8400000000000	0.818137165070542
14.8600000000000	0.830491019776219
14.8800000000000	0.836824946224734
14.9000000000000	0.845099588469584
14.9200000000000	0.820734982236566
14.9400000000000	0.819519526656971
14.9600000000000	0.829540653397117
14.9800000000000	0.833652849638059
15	0.845179724042926
15.0200000000000	0.825653345345544
15.0400000000000	0.822685700076101
15.0600000000000	0.831325099251982
15.0800000000000	0.834818139702345
15.1000000000000	0.844406157060584
15.1200000000000	0.824816467643919
15.1400000000000	0.824079078980932
15.1600000000000	0.839246287687982
15.1800000000000	0.837471040645469
15.2000000000000	0.846345970228230
15.2200000000000	0.824325581405371
15.2400000000000	0.821708356503955
15.2600000000000	0.838561858618588
15.2800000000000	0.844711709009732
15.3000000000000	0.849204650701249
15.3200000000000	0.826444542538809
15.3400000000000	0.823018053108482
15.3600000000000	0.838104203822334
15.3800000000000	0.843309512327402
15.4000000000000	0.848432121339411
15.4200000000000	0.829576507638003
15.4400000000000	0.826079828016551
15.4600000000000	0.840022752850069
15.4800000000000	0.843214908438245
15.5000000000000	0.846117778025029
15.5200000000000	0.827599283927514
15.5400000000000	0.831311353689614
15.5600000000000	0.831437577802708
15.5800000000000	0.842026609019411
15.6000000000000	0.847388835710136
15.6200000000000	0.827395524659815
15.6400000000000	0.829124190615675
15.6600000000000	0.830984219952031
15.6800000000000	0.841065551946324
15.7000000000000	0.846496729514676
15.7200000000000	0.829037042242621
15.7400000000000	0.829065962439524
15.7600000000000	0.828437632355347
15.7800000000000	0.838909525377279
15.8000000000000	0.844047855927624
15.8200000000000	0.855464478186756
15.8400000000000	0.830504665750992
15.8600000000000	0.828401408952963
15.8800000000000	0.838133303220468
15.9000000000000	0.841292440628001
15.9200000000000	0.852749357682028
15.9400000000000	0.832962873175180
15.9600000000000	0.828870556789151
15.9800000000000	0.838790652000083
16	0.841057938715691
16.0200000000000	0.850007285192002
16.0400000000000	0.829962313520684
16.0600000000000	0.826894367762180
16.0800000000000	0.843895038342991
16.1000000000000	0.841861759456503
16.1200000000000	0.849948012432361
16.1400000000000	0.827259956045118
16.1600000000000	0.824206422694932
16.1800000000000	0.840705776669422
16.2000000000000	0.846445844298955
16.2200000000000	0.850464762888096
16.2400000000000	0.827229330370006
16.2600000000000	0.823353469933517
16.2800000000000	0.838004103636446
16.3000000000000	0.842767306580928
16.3200000000000	0.847462936534520
16.3400000000000	0.828196037772450
16.3600000000000	0.824254619345246
16.3800000000000	0.837754458283445
16.4000000000000	0.840499945785693
16.4200000000000	0.843447926666042
16.4400000000000	0.824757283435410
16.4600000000000	0.827576078254537
16.4800000000000	0.827130864656233
16.5000000000000	0.840453034058040
16.5200000000000	0.841447071972865
16.5400000000000	0.822291837169694
16.5600000000000	0.823614852415197
16.5800000000000	0.824948648057856
16.6000000000000	0.837080909031645
16.6200000000000	0.839131157479070
16.6400000000000	0.821702224944128
16.6600000000000	0.821709189075048
16.6800000000000	0.820933045604476
16.7000000000000	0.832913494215867
16.7200000000000	0.836128385562142
16.7400000000000	0.846841493516114
16.7600000000000	0.821776558855724
16.7800000000000	0.819585899262232
16.8000000000000	0.828901403435235
16.8200000000000	0.832473183250694
16.8400000000000	0.843480835606992
16.8600000000000	0.823411175682299
16.8800000000000	0.819828011011583
16.9000000000000	0.827876294839868
16.9200000000000	0.830816490836880
16.9400000000000	0.839901409981807
16.9600000000000	0.819847112237805
16.9800000000000	0.816654051739815
17	0.833396107624958
17.0200000000000	0.831245476031007
17.0400000000000	0.839342735400784
17.0600000000000	0.816816092850634
17.0800000000000	0.813757580892988
17.1000000000000	0.830062063036249
17.1200000000000	0.835681439253344
17.1400000000000	0.839850577933389
17.1600000000000	0.816842834598690
17.1800000000000	0.813028788421330
17.2000000000000	0.827559042554341
17.2200000000000	0.832280620762466
17.2400000000000	0.837163703831318
17.2600000000000	0.818189657769859
17.2800000000000	0.814294948855913
17.3000000000000	0.827843880350808
17.3200000000000	0.830625859106642
17.3400000000000	0.833824006146089
17.3600000000000	0.815475971419660
17.3800000000000	0.818381606027628
17.4000000000000	0.818190110494966
17.4200000000000	0.828475703768157
17.4400000000000	0.833671158436695
17.4600000000000	0.813832388914327
17.4800000000000	0.815294022322151
17.5000000000000	0.817105653325905
17.5200000000000	0.826968755608680
17.5400000000000	0.832247013129880
17.5600000000000	0.815063067356211
17.5800000000000	0.814913208523310
17.6000000000000	0.814347560397191
17.6200000000000	0.824703196230621
17.6400000000000	0.829782633047337
17.6600000000000	0.841321847288489
17.6800000000000	0.818686471588885
17.7000000000000	0.815468208139912
17.7200000000000	0.824275999512998
17.7400000000000	0.827339769572067
17.7600000000000	0.839091587107128
17.7800000000000	0.817884575462987
17.8000000000000	0.816137416612656
17.8200000000000	0.826135059561569
17.8400000000000	0.828183091779772
17.8600000000000	0.837263147421573
17.8800000000000	0.816356239542582
17.9000000000000	0.814450357639506
17.9200000000000	0.832041300330117
17.9400000000000	0.835305486365833
17.9600000000000	0.839501498549835
17.9800000000000	0.817156828705517
18	0.813190597431129
18.0200000000000	0.830028707349769
18.0400000000000	0.834452271810561
18.0600000000000	0.838854896714499
18.0800000000000	0.819279245859385
18.1000000000000	0.814907161666908
18.1200000000000	0.829347176672291
18.1400000000000	0.833779818722560
18.1600000000000	0.837171841662753
18.1800000000000	0.820863332054704
18.2000000000000	0.821912684326619
18.2200000000000	0.821610287635467
18.2400000000000	0.835515783110277
18.2600000000000	0.837121651931246
18.2800000000000	0.818760197367156
18.3000000000000	0.820736324733168
18.3200000000000	0.822154037807781
18.3400000000000	0.834513391862310
18.3600000000000	0.839436523935156
18.3800000000000	0.819172793766891
18.4000000000000	0.820645131391091
18.4200000000000	0.820420232730143
18.4400000000000	0.832691289309993
18.4600000000000	0.836297535764102
18.4800000000000	0.847445063835034
18.5000000000000	0.822815380253585
18.5200000000000	0.821075929303702
18.5400000000000	0.830863637526582
18.5600000000000	0.834876948750306
18.5800000000000	0.846259111203800
18.6000000000000	0.826529744213211
18.6200000000000	0.823398450479422
18.6400000000000	0.831914722617876
18.6600000000000	0.835276778679491
18.6800000000000	0.844683855354931
18.7000000000000	0.824895479983021
18.7200000000000	0.823998977768958
18.7400000000000	0.839046114138896
18.7600000000000	0.837140669125962
18.7800000000000	0.845842964810809
18.8000000000000	0.823643288725834
18.8200000000000	0.820874503474986
18.8400000000000	0.837601638955795
18.8600000000000	0.843619536720274
18.8800000000000	0.847961195694266
18.9000000000000	0.825046217676469
18.9200000000000	0.821479393465062
18.9400000000000	0.836437337998424
18.9600000000000	0.841515165349312
18.9800000000000	0.846504186312565
19	0.827521841443310
19.0200000000000	0.823883211570567
19.0400000000000	0.837722180623370
19.0600000000000	0.840797347551243
19.0800000000000	0.844015675070938
19.1000000000000	0.825569352578923
19.1200000000000	0.828691579926520
19.1400000000000	0.828569563277470
19.1600000000000	0.842240741131012
19.1800000000000	0.843473422959778
19.2000000000000	0.824514949818468
19.2200000000000	0.826134419866862
19.2400000000000	0.827763520086983
19.2600000000000	0.840209165821389
19.2800000000000	0.842516011989722
19.3000000000000	0.825220331257555
19.3200000000000	0.825506706503623
19.3400000000000	0.824987759609136
19.3600000000000	0.837263399353337
19.3800000000000	0.840711219375018
19.4000000000000	0.851574889459811
19.4200000000000	0.826686800145051
19.4400000000000	0.824710321583681
19.4600000000000	0.834291220393855
19.4800000000000	0.838062294103916
19.5000000000000	0.849176833590470
19.5200000000000	0.829167647478408
19.5400000000000	0.825820648727959
19.5600000000000	0.834100863124637
19.5800000000000	0.837200587101798
19.6000000000000	0.846338854289199
19.6200000000000	0.826287775540151
19.6400000000000	0.825152397750871
19.6600000000000	0.839957282922336
19.6800000000000	0.837776881601662
19.7000000000000	0.846217686957750
19.7200000000000	0.823779524800529
19.7400000000000	0.821921153681687
19.7600000000000	0.837759906844190
19.7800000000000	0.843000456059530
19.8000000000000	0.847001992430060
19.8200000000000	0.823917134042700
19.8400000000000	0.819542252402556
19.8600000000000	0.835262069193042
19.8800000000000	0.839909735497037
19.9000000000000	0.844412534498773
19.9200000000000	0.825220367138360
19.9400000000000	0.821423678640901
19.9600000000000	0.835044650419004
19.9800000000000	0.837827601209853
20	0.840843435992173
20.0200000000000	0.822288693867268
20.0400000000000	0.825222395405879
20.0600000000000	0.824926682178762
20.0800000000000	0.838280084738155
20.1000000000000	0.839359590635168
20.1200000000000	0.820342559723974
20.1400000000000	0.821792927779621
20.1600000000000	0.823282143486886
20.1800000000000	0.835496184654252
20.2000000000000	0.837607704258462
20.2200000000000	0.820316334216471
20.2400000000000	0.820461818281904
20.2600000000000	0.819846237946683
20.2800000000000	0.831922648078088
20.3000000000000	0.835208421003358
20.3200000000000	0.846033873428986
20.3400000000000	0.821127369073069
20.3600000000000	0.819096687356506
20.3800000000000	0.828518055484983
20.4000000000000	0.832166567400965
20.4200000000000	0.843281029402112
20.4400000000000	0.823363756807525
20.4600000000000	0.819934100948673
20.4800000000000	0.828092924038595
20.5000000000000	0.831111501415705
20.5200000000000	0.840294497401665
20.5400000000000	0.820375474827394
20.5600000000000	0.819243044918856
20.5800000000000	0.833912376469394
20.6000000000000	0.831697347899743
20.6200000000000	0.840222443262040
20.6400000000000	0.817957523440803
20.6600000000000	0.816142215311450
20.6800000000000	0.831888044384857
20.7000000000000	0.837095514951327
20.7200000000000	0.841253354638321
20.7400000000000	0.818371932658812
20.7600000000000	0.814695645588541
20.7800000000000	0.829359150291444
20.8000000000000	0.834170741481679
20.8200000000000	0.839094931318203
20.8400000000000	0.820166800786722
20.8600000000000	0.816388509809664
20.8800000000000	0.830039392349900
20.9000000000000	0.832894438140200
20.9200000000000	0.836111617017503
20.9400000000000	0.817787775369804
20.9600000000000	0.820801739203920
20.9800000000000	0.820658761277340
21	0.834054927946176
21.0200000000000	0.835346601648387
21.0400000000000	0.816571872370898
21.0600000000000	0.818136818167520
21.0800000000000	0.819794201896753
21.1000000000000	0.832138820799282
21.1200000000000	0.834414164002968
21.1400000000000	0.817377577135406
21.1600000000000	0.817663292210660
21.1800000000000	0.817228590819611
21.2000000000000	0.827576721909947
21.2200000000000	0.832610775958803
21.2400000000000	0.844128065302333
21.2600000000000	0.819335783768997
21.2800000000000	0.817402185030299
21.3000000000000	0.827118149668948
21.3200000000000	0.830290702293663
21.3400000000000	0.841922190644491
21.3600000000000	0.822485391499586
21.3800000000000	0.818567737575479
21.4000000000000	0.828464543870640
21.4200000000000	0.830821038766303
21.4400000000000	0.840014513910777
21.4600000000000	0.820361132742528
21.4800000000000	0.817526239012879
21.5000000000000	0.834569035835621
21.5200000000000	0.832700487740568
21.5400000000000	0.841080085471117
21.5600000000000	0.819351593147056
21.5800000000000	0.815623826532303
21.6000000000000	0.832431236401987
21.6200000000000	0.838609089810000
21.6400000000000	0.840983406338905
21.6600000000000	0.821004847504203
21.6800000000000	0.816883633349773
21.7000000000000	0.831435198725474
21.7200000000000	0.836419809735832
21.7400000000000	0.839585083964100
21.7600000000000	0.822711611164298
21.7800000000000	0.819455115619262
21.8000000000000	0.833003768137231
21.8200000000000	0.835884940489007
21.8400000000000	0.838811310471991
21.8600000000000	0.820428395663817
21.8800000000000	0.824039174442414
21.9000000000000	0.823486582576081
21.9200000000000	0.835320419495836
21.9400000000000	0.840370678514157
21.9600000000000	0.820150005668253
21.9800000000000	0.821721027694676
22	0.821772847682429
22.0200000000000	0.833540462028484
22.0400000000000	0.839413728851209
22.0600000000000	0.822013640644120
22.0800000000000	0.821912779708027
22.1000000000000	0.821418756123186
22.1200000000000	0.831334354917941
22.1400000000000	0.836858553120500
22.1600000000000	0.848651999991000
22.1800000000000	0.825963269283004
22.2000000000000	0.822777605265375
22.2200000000000	0.831627472078407
22.2400000000000	0.834729100501931
22.2600000000000	0.846452726653775
22.2800000000000	0.825119191587409
22.3000000000000	0.823341530731028
22.3200000000000	0.833416620028554
22.3400000000000	0.835455513235011
22.3600000000000	0.844883959481315
22.3800000000000	0.822889511789829
22.4000000000000	0.821144122744280
22.4200000000000	0.839048346690993
22.4400000000000	0.842324010914112
22.4600000000000	0.846281428156447
22.4800000000000	0.823702233531351
22.5000000000000	0.819638484951378
22.5200000000000	0.836474540593403
22.5400000000000	0.840820803645079
22.5600000000000	0.845017955158198
22.5800000000000	0.825192097678428
22.6000000000000	0.820684075520212
22.6200000000000	0.835061203274614
22.6400000000000	0.839367973743391
22.6600000000000	0.842530406245377
22.6800000000000	0.825966775776581
22.7000000000000	0.822769083138551
22.7200000000000	0.825654550011862
22.7400000000000	0.839815121247154
22.7600000000000	0.841527759278154
22.7800000000000	0.822982476321909
22.8000000000000	0.826710326337967
22.8200000000000	0.826066158414237
22.8400000000000	0.837770049461753
22.8600000000000	0.842689493664459
22.8800000000000	0.822295205141251
22.9000000000000	0.823746810691565
22.9200000000000	0.823643628077134
22.9400000000000	0.835297259302886
22.9600000000000	0.841053729534003
22.9800000000000	0.823476549947336
23	0.823236407882612
23.0200000000000	0.822585966755589
23.0400000000000	0.832377253649705
23.0600000000000	0.837774072461716
23.0800000000000	0.849416032236564
23.1000000000000	0.826560234484785
23.1200000000000	0.823230125413977
23.1400000000000	0.831948687155058
23.1600000000000	0.834916292114619
23.1800000000000	0.844890268453664
23.2000000000000	0.824575437235491
23.2200000000000	0.823161994343677
23.2400000000000	0.833111096445381
23.2600000000000	0.834954259973101
23.2800000000000	0.844228797217368
23.3000000000000	0.822090031090459
23.3200000000000	0.820200717568084
23.3400000000000	0.837974619937756
23.3600000000000	0.841130095464681
23.3800000000000	0.844968441585575
23.4000000000000	0.822264489502426
23.4200000000000	0.818073002381250
23.4400000000000	0.834780735979779
23.4600000000000	0.839008250315738
23.4800000000000	0.843100779203930
23.5000000000000	0.823184187006331
23.5200000000000	0.818567006046257
23.5400000000000	0.832821643600705
23.5600000000000	0.837018565606954
23.5800000000000	0.840099364642315
23.6000000000000	0.823471550067035
23.6200000000000	0.820164050858155
23.6400000000000	0.822995571041285
23.6600000000000	0.837024653798420
23.6800000000000	0.838680942213888
23.7000000000000	0.820102445713254
23.7200000000000	0.823732526767765
23.7400000000000	0.823060196638034
23.7600000000000	0.834691006032840
23.7800000000000	0.839533297736855
23.8000000000000	0.819135221865228
23.8200000000000	0.820510498199447
23.8400000000000	0.820403052713591
23.8600000000000	0.832002293856377
23.8800000000000	0.837692724789411
23.9000000000000	0.820146968696327
23.9200000000000	0.819852181078696
23.9400000000000	0.819221416877879
23.9600000000000	0.828980753917026
23.9800000000000	0.834334467912394
24	0.843998934060464
24.0200000000000	0.823595756127893
24.0400000000000	0.820280811074044
24.0600000000000	0.828612966938821
24.0800000000000	0.831428096367545
24.1000000000000	0.841465708670700
24.1200000000000	0.821289533856312
24.1400000000000	0.819924668664832
24.1600000000000	0.829833332395682
24.1800000000000	0.831674224950739
24.2000000000000	0.841008426351341
24.2200000000000	0.818984483853593
24.2400000000000	0.817153907718632
24.2600000000000	0.834917136236644
24.2800000000000	0.838081712331432
24.3000000000000	0.842016258909425
24.3200000000000	0.819438179427745
24.3400000000000	0.815325048460742
24.3600000000000	0.832049315889982
24.3800000000000	0.836307988030216
24.4000000000000	0.840500199615499
24.4200000000000	0.820724718037744
24.4400000000000	0.816200253699517
24.4600000000000	0.830494928460580
24.4800000000000	0.834743053877348
24.5000000000000	0.837931893868656
24.5200000000000	0.821443551597120
24.5400000000000	0.822345079406712
24.5600000000000	0.821870450116277
24.5800000000000	0.835585686575541
24.6000000000000	0.836998614522908
24.6200000000000	0.818477331064693
24.6400000000000	0.820301491159184
24.6600000000000	0.821557176151459
24.6800000000000	0.833724432968662
24.7000000000000	0.838457588768716
24.7200000000000	0.818060183789096
24.7400000000000	0.819383032665887
24.7600000000000	0.819012060265722
24.7800000000000	0.831094834078595
24.8000000000000	0.837103910451775
24.8200000000000	0.845042560526854
24.8400000000000	0.820373785678089
24.8600000000000	0.818887212516152
24.8800000000000	0.828627061626047
24.9000000000000	0.834222224347170
24.9200000000000	0.844037653079533
24.9400000000000	0.823737629480780
24.9600000000000	0.820537724493874
24.9800000000000	0.828979218955201
25	0.832178646244615
25.0200000000000	0.841497718146898
25.0400000000000	0.821708588523712
25.0600000000000	0.820736224704608
25.0800000000000	0.835595315536903
25.1000000000000	0.833544719725812
25.1200000000000	0.842199729681851
25.1400000000000	0.820032490862257
25.1600000000000	0.818354408370879
25.1800000000000	0.834287076040977
25.2000000000000	0.839664048573304
25.2200000000000	0.843911661966324
25.2400000000000	0.821092717720900
25.2600000000000	0.816913139657696
25.2800000000000	0.832762778974703
25.3000000000000	0.837574736033442
25.3200000000000	0.842315534062815
25.3400000000000	0.822710167021773
25.3600000000000	0.818997967986403
25.3800000000000	0.833263333531230
25.4000000000000	0.836557001325532
25.4200000000000	0.839862654022384
25.4400000000000	0.821504393774919
25.4600000000000	0.824589175188260
25.4800000000000	0.824472453708669
25.5000000000000	0.838034051528500
25.5200000000000	0.839353396243433
25.5400000000000	0.820544773374478
25.5600000000000	0.822174439177364
25.5800000000000	0.823838949794050
25.6000000000000	0.836262682003953
25.6200000000000	0.838601708920129
25.6400000000000	0.821483697315341
25.6600000000000	0.821807971697371
25.6800000000000	0.821352224095709
25.7000000000000	0.833634476392327
25.7200000000000	0.837138275368326
25.7400000000000	0.848134338390352
25.7600000000000	0.823366017996257
25.7800000000000	0.821473938808601
25.8000000000000	0.831090352873058
25.8200000000000	0.834942314498304
25.8400000000000	0.846203682571978
25.8600000000000	0.826363076178780
25.8800000000000	0.823082188652393
25.9000000000000	0.831420411719590
25.9200000000000	0.834621607812705
25.9400000000000	0.843919747093918
25.9600000000000	0.824039952566903
25.9800000000000	0.821090231813456
26	0.838140297251388
26.0200000000000	0.836218914044655
26.0400000000000	0.844483027775462
26.0600000000000	0.822068076698592
26.0800000000000	0.819211675331369
26.1000000000000	0.835802510957084
26.1200000000000	0.841652646483317
26.1400000000000	0.845902303775840
26.1600000000000	0.822945828780151
26.1800000000000	0.819288306378464
26.2000000000000	0.834073700126788
26.2200000000000	0.838986656051371
26.2400000000000	0.843912423481886
26.2600000000000	0.824925330058850
26.2800000000000	0.821194448968194
26.3000000000000	0.834897142119001
26.3200000000000	0.837825518577766
26.3400000000000	0.841009274009559
26.3600000000000	0.822589138185011
26.3800000000000	0.825631182971913
26.4000000000000	0.825438824325128
26.4200000000000	0.838942797785309
26.4400000000000	0.840168070750423
26.4600000000000	0.821264735213654
26.4800000000000	0.822824623515400
26.5000000000000	0.824406344646928
26.5200000000000	0.836754477609567
26.5400000000000	0.839016013607009
26.5600000000000	0.821811668391749
26.5800000000000	0.822059882537314
26.6000000000000	0.821519667667014
26.6200000000000	0.833720890213668
26.6400000000000	0.837145103334849
26.6600000000000	0.848064200294227
26.6800000000000	0.823217014771618
26.7000000000000	0.821242756272172
26.7200000000000	0.830775205710950
26.7400000000000	0.834547136679709
26.7600000000000	0.845736669091025
26.7800000000000	0.825829506284683
26.8000000000000	0.821742052945376
26.8200000000000	0.831637072810977
26.8400000000000	0.833937859689738
26.8600000000000	0.842973739818630
26.8800000000000	0.823099609375807
26.9000000000000	0.820113033618316
26.9200000000000	0.837085241645174
26.9400000000000	0.835109344067031
26.9600000000000	0.843321984813485
26.9800000000000	0.820851247124671
27	0.817924064078701
27.0200000000000	0.834443573992093
27.0400000000000	0.840241431792899
27.0600000000000	0.844459252423375
27.0800000000000	0.821466033668716
27.1000000000000	0.817753402962100
27.1200000000000	0.832475021878001
27.1400000000000	0.837343729085453
27.1600000000000	0.842248749362067
27.1800000000000	0.823244501373579
27.2000000000000	0.819458071913135
27.2200000000000	0.833120938416487
27.2400000000000	0.836015186268242
27.2600000000000	0.839193836656489
27.2800000000000	0.820773571022549
27.3000000000000	0.823766496340875
27.3200000000000	0.823572485572246
27.3400000000000	0.837027179380454
27.3600000000000	0.838261795252090
27.3800000000000	0.819373791763972
27.4000000000000	0.820895971504435
27.4200000000000	0.822486064314513
27.4400000000000	0.834823438043139
27.4600000000000	0.837073154277347
27.4800000000000	0.819903256316859
27.5000000000000	0.820125658494130
27.5200000000000	0.819605947812434
27.5400000000000	0.829924715954064
27.5600000000000	0.834914468888579
27.5800000000000	0.846330071816188
27.6000000000000	0.821422402818667
27.6200000000000	0.819392312120449
27.6400000000000	0.829061106572211
27.6600000000000	0.832173211147875
27.6800000000000	0.843696273004509
27.7000000000000	0.824119124589719
27.7200000000000	0.820106983548910
27.7400000000000	0.829955757508031
27.7600000000000	0.832241168813804
27.7800000000000	0.841321553107284
27.8000000000000	0.821531490384655
27.8200000000000	0.818597377002297
27.8400000000000	0.835580266883164
27.8600000000000	0.833632256393094
27.8800000000000	0.841898887298484
27.9000000000000	0.819508652250628
27.9200000000000	0.816638924451080
27.9400000000000	0.833185833353191
27.9600000000000	0.839017153994780
27.9800000000000	0.843302097073576
28	0.820388509500715
28.0200000000000	0.816737916593275
28.0400000000000	0.831498790194062
28.0600000000000	0.836410982041862
28.0800000000000	0.839449384832786
28.1000000000000	0.822443354880005
28.1200000000000	0.819062590069157
28.1400000000000	0.832523613653444
28.1600000000000	0.835335992868573
28.1800000000000	0.838182142295015
28.2000000000000	0.819697345267562
28.2200000000000	0.823189676211807
28.2400000000000	0.823246104106300
28.2600000000000	0.833661358326132
28.2800000000000	0.838898307663095
28.3000000000000	0.818972435093858
28.3200000000000	0.820531599117940
28.3400000000000	0.822387427889057
28.3600000000000	0.832356408294930
28.3800000000000	0.837690084052696
28.4000000000000	0.820384487355404
28.4200000000000	0.820301393203686
28.4400000000000	0.819734196443528
28.4600000000000	0.830154317343583
28.4800000000000	0.835254747252456
28.5000000000000	0.846733689633791
28.5200000000000	0.823983152534482
28.5400000000000	0.820790329693198
28.5600000000000	0.829624137833387
28.5800000000000	0.832669464139805
28.6000000000000	0.844331027613443
28.6200000000000	0.822980023555596
28.6400000000000	0.821184201848878
28.6600000000000	0.831212262463821
28.6800000000000	0.833207576587101
28.7000000000000	0.842163656496776
28.7200000000000	0.821086937266525
28.7400000000000	0.819102068625281
28.7600000000000	0.836691062873431
28.7800000000000	0.834818869897321
28.8000000000000	0.843046167135774
28.8200000000000	0.821170778498971
28.8400000000000	0.817370341808425
28.8600000000000	0.834166317230746
28.8800000000000	0.840319169346473
28.9000000000000	0.842597914014977
28.9200000000000	0.822485264838122
28.9400000000000	0.818279581557193
28.9600000000000	0.832804363736454
28.9800000000000	0.837750834829924
29	0.840813676903128
29.0200000000000	0.823808359136223
29.0400000000000	0.820470779567101
29.0600000000000	0.823426756388834
29.0800000000000	0.837605935420447
29.1000000000000	0.839383325588971
29.1200000000000	0.820902884273669
29.1400000000000	0.824638758159715
29.1600000000000	0.824053614054409
29.1800000000000	0.835791469302284
29.2000000000000	0.840744017205224
29.2200000000000	0.820421436244939
29.2400000000000	0.821900691419567
29.2600000000000	0.821871941038817
29.2800000000000	0.833573308328660
29.3000000000000	0.839367948616035
29.3200000000000	0.821872318678833
29.3400000000000	0.821674337927931
29.3600000000000	0.821108180159108
29.3800000000000	0.830960228047258
29.4000000000000	0.836406921344758
29.4200000000000	0.848109604919948
29.4400000000000	0.825343479600484
29.4600000000000	0.822088374714914
29.4800000000000	0.830877017857993
29.5000000000000	0.833904033447669
29.5200000000000	0.845545347997732
29.5400000000000	0.824149362717146
29.5600000000000	0.822315853103309
29.5800000000000	0.832324975889722
29.6000000000000	0.834293327535041
29.6200000000000	0.843212163072826
29.6400000000000	0.822082279746999
29.6600000000000	0.820055973213413
29.6800000000000	0.837620203970138
29.7000000000000	0.840796199505405
29.7200000000000	0.844765801617618
29.7400000000000	0.822177055094288
29.7600000000000	0.818057217830155
29.7800000000000	0.834820822395743
29.8000000000000	0.839115946709432
29.8200000000000	0.843287565887126
29.8400000000000	0.823446627844795
29.8600000000000	0.818899408920118
29.8800000000000	0.833222712179525
29.9000000000000	0.837489378946377
29.9200000000000	0.840637163262255
29.9400000000000	0.824071420965442
29.9600000000000	0.820834676366213
29.9800000000000	0.823721509294500
30	0.837826978766225
30.0200000000000	0.839539315564354
30.0400000000000	0.821009812852457
30.0600000000000	0.824709329460567
30.0800000000000	0.824083605894326
30.1000000000000	0.835773949906162
30.1200000000000	0.840677234918116
30.1400000000000	0.820314600001036
30.1600000000000	0.821754360407835
30.1800000000000	0.821683937999698
30.2000000000000	0.833336453077356
30.2200000000000	0.839083368785065
30.2400000000000	0.821555560489392
30.2600000000000	0.821318324037097
30.2800000000000	0.820713467304813
30.3000000000000	0.830516832385413
30.3200000000000	0.835916675442759
30.3400000000000	0.845611617411972
30.3600000000000	0.825211440842001
30.3800000000000	0.821929345057715
30.4000000000000	0.830294746666070
30.4200000000000	0.833142562570919
30.4400000000000	0.843196837139332
30.4600000000000	0.823010540641737
30.4800000000000	0.821653694738625
30.5000000000000	0.831597753041722
30.5200000000000	0.833458396822556
30.5400000000000	0.842795403671633
30.5600000000000	0.820747368162945
30.5800000000000	0.818912553840012
30.6000000000000	0.836700654787667
30.6200000000000	0.839882580284430
30.6400000000000	0.843796187390325
30.6600000000000	0.821182806596537
30.6800000000000	0.817053579394611
30.7000000000000	0.833789556488280
30.7200000000000	0.838053100483026
30.7400000000000	0.842218951355949
30.7600000000000	0.822394642729675
30.7800000000000	0.817844955148101
30.8000000000000	0.832138896648024
30.8200000000000	0.836379237891480
30.8400000000000	0.839532610639404
30.8600000000000	0.822991995012529
30.8800000000000	0.819751046556833
30.9000000000000	0.822638553623915
30.9200000000000	0.836710842916397
30.9400000000000	0.838436405375478
30.9600000000000	0.819939280231263
30.9800000000000	0.821696632253521
31	0.822847870458412
31.0200000000000	0.834971793640683
31.0400000000000	0.839695282612485
31.0600000000000	0.819255461351677
31.0800000000000	0.820536082314516
31.1000000000000	0.820084204327140
31.1200000000000	0.832122563604465
31.1400000000000	0.838111748951221
31.1600000000000	0.846013478004778
31.1800000000000	0.821276917322966
31.2000000000000	0.819707465867956
31.2200000000000	0.829394184952654
31.2400000000000	0.834959079293235
31.2600000000000	0.844733603183762
31.2800000000000	0.824357662275590
31.3000000000000	0.821081446551132
31.3200000000000	0.829462981604073
31.3400000000000	0.832332209999990
31.3600000000000	0.842419429512529
31.3800000000000	0.822277841024228
31.4000000000000	0.820951037743977
31.4200000000000	0.830908335462561
31.4400000000000	0.832793709921636
31.4600000000000	0.842171061654327
31.4800000000000	0.820172463607606
31.5000000000000	0.818371424821584
31.5200000000000	0.836178165269272
31.5400000000000	0.839386620499814
31.5600000000000	0.843346263517887
31.5800000000000	0.820781618667021
31.6000000000000	0.816687466301773
31.6200000000000	0.832452398389478
31.6400000000000	0.837174955349130
31.6600000000000	0.841878289958102
31.6800000000000	0.822243440828657
31.7000000000000	0.818466165968194
31.7200000000000	0.832664369392256
31.7400000000000	0.835910320489068
31.7600000000000	0.839194551493234
31.7800000000000	0.822948679604427
31.8000000000000	0.823908995014909
31.8200000000000	0.823353204702823
31.8400000000000	0.837075757192054
31.8600000000000	0.838504928705081
31.8800000000000	0.819978855595160
31.9000000000000	0.821797522957925
31.9200000000000	0.823003152616061
31.9400000000000	0.835169355702413
31.9600000000000	0.839926664224738
31.9800000000000	0.819508701542125
32	0.820818366091824
32.0200000000000	0.820393260178434
32.0400000000000	0.832466096568449
32.0600000000000	0.838492040890556
32.0800000000000	0.846423562511830
32.1000000000000	0.821711747457159
32.1200000000000	0.820164930997623
32.1400000000000	0.829883745032094
32.1600000000000	0.833687744397354
32.1800000000000	0.844892284839929
32.2000000000000	0.825045077423055
32.2200000000000	0.821756041848141
32.2400000000000	0.830090005405979
32.2600000000000	0.833278489238700
32.2800000000000	0.842569700801120
32.3000000000000	0.822704283165467
32.3200000000000	0.821672621781608
32.3400000000000	0.836517969051498
32.3600000000000	0.834453839460885
32.3800000000000	0.843066152807561
32.4000000000000	0.820823494194413
32.4200000000000	0.819084963212293
32.4400000000000	0.834992247136082
32.4600000000000	0.840351205854699
32.4800000000000	0.844551373456984
32.5000000000000	0.821661265762122
32.5200000000000	0.817418473629230
32.5400000000000	0.833233137684823
32.5600000000000	0.838020453365016
32.5800000000000	0.842717251994347
32.6000000000000	0.823044342869290
32.6200000000000	0.819271012004368
32.6400000000000	0.833491503039797
32.6600000000000	0.836755997302083
32.6800000000000	0.840020901261345
32.7000000000000	0.821602257146264
32.7200000000000	0.824624860488624
32.7400000000000	0.824460731852888
32.7600000000000	0.837990917985862
32.7800000000000	0.839274632934688
32.8000000000000	0.820413929873459
32.8200000000000	0.821981775597825
32.8400000000000	0.823601734093360
32.8600000000000	0.835994194809732
32.8800000000000	0.838299095214366
32.9000000000000	0.821138928824802
32.9200000000000	0.821402624490412
32.9400000000000	0.820905745598112
32.9600000000000	0.833156969834337
32.9800000000000	0.836628849337435
33	0.847582314445903
33.0200000000000	0.822764641657660
33.0400000000000	0.820835032085389
33.0600000000000	0.830421583526113
33.0800000000000	0.834244657062011
33.1000000000000	0.845469324726159
33.1200000000000	0.825594426720543
33.1400000000000	0.822271219844795
33.1600000000000	0.830582028996953
33.1800000000000	0.833759365471537
33.2000000000000	0.843029321147110
33.2200000000000	0.823124334913587
33.2400000000000	0.822058671125402
33.2600000000000	0.836888343146104
33.2800000000000	0.834810710958256
33.3000000000000	0.843398552401993
33.3200000000000	0.821116493219997
33.3400000000000	0.818198669754042
33.3600000000000	0.834714874429103
33.3800000000000	0.840557489044156
33.4000000000000	0.844830045443000
33.4200000000000	0.821868847641334
33.4400000000000	0.818178632762451
33.4600000000000	0.832939404293267
33.4800000000000	0.837861020791134
33.5000000000000	0.842804766127738
33.5200000000000	0.823816433484397
33.5400000000000	0.820052682625560
33.5600000000000	0.833749552389508
33.5800000000000	0.836692442550902
33.6000000000000	0.839900078310728
33.6200000000000	0.821486136571383
33.6400000000000	0.824499645735542
33.6600000000000	0.824324919408473
33.6800000000000	0.837833208622006
33.7000000000000	0.839088849875782
33.7200000000000	0.820199114936317
33.7400000000000	0.821738549170831
33.7600000000000	0.823342965701984
33.7800000000000	0.835717235154401
33.8000000000000	0.837997467684044
33.8200000000000	0.820816349738546
33.8400000000000	0.821052362823423
33.8600000000000	0.820541112436893
33.8800000000000	0.832775451544271
33.9000000000000	0.836225559733730
33.9200000000000	0.847156732012737
33.9400000000000	0.822320300556749
33.9600000000000	0.820379725764700
33.9800000000000	0.830073812431106
34	0.833201614276147
34.0200000000000	0.844731278492093
34.0400000000000	0.825125597609928
34.0600000000000	0.821095389251713
34.0800000000000	0.830964129252837
34.1000000000000	0.833273900447971
34.1200000000000	0.842350670127552
34.1400000000000	0.822520983244254
34.1600000000000	0.819562791116760
34.1800000000000	0.836560490148743
34.2000000000000	0.834626512243874
34.2200000000000	0.842880025844313
34.2400000000000	0.820443989684911
34.2600000000000	0.817545073336815
34.2800000000000	0.834098654506148
34.3000000000000	0.839941098165799
34.3200000000000	0.844200913218815
34.3400000000000	0.821238934767152
34.3600000000000	0.817555544654981
34.3800000000000	0.832315946585600
34.4000000000000	0.837231320119582
34.4200000000000	0.842174214330785
34.4400000000000	0.823196586168917
34.4600000000000	0.819438310210870
34.4800000000000	0.833142407054211
34.5000000000000	0.836083620413769
34.5200000000000	0.839296024831605
34.5400000000000	0.820896789811160
34.5600000000000	0.823917672644515
34.5800000000000	0.823762469133850
34.6000000000000	0.834160831629660
34.6200000000000	0.839411018447373
34.6400000000000	0.819474695115242
34.6600000000000	0.821012831042059
34.6800000000000	0.822823526720989
34.7000000000000	0.832758753431454
34.7200000000000	0.838070191095331
34.7400000000000	0.820734681909988
34.7600000000000	0.820623639560115
34.7800000000000	0.820015273589909
34.8000000000000	0.830401640023000
34.8200000000000	0.835474633442643
34.8400000000000	0.846925386856702
34.8600000000000	0.822017435008751
34.8800000000000	0.819990775507782
34.9000000000000	0.829695858771587
34.9200000000000	0.832851351743253
34.9400000000000	0.844392306986926
34.9600000000000	0.824807714811210
34.9800000000000	0.820805443097466
35	0.830693363235044
35.0200000000000	0.833013648520328
35.0400000000000	0.842103273671549
35.0600000000000	0.822300626156667
35.0800000000000	0.819372647623401
35.1000000000000	0.836390627988338
35.1200000000000	0.834469361555597
35.1400000000000	0.842738014695892
35.1600000000000	0.820860243218253
35.1800000000000	0.817031381217455
35.2000000000000	0.833795841367234
35.2200000000000	0.839917533001622
35.2400000000000	0.842172147185307
35.2600000000000	0.822044865549124
35.2800000000000	0.817818210293481
35.3000000000000	0.832311048454263
35.3200000000000	0.837226203569172
35.3400000000000	0.840272221117536
35.3600000000000	0.823260124628688
35.3800000000000	0.819900971616606
35.4000000000000	0.833374924693819
35.4200000000000	0.836177553654823
35.4400000000000	0.838988416338698
35.4600000000000	0.820477941884546
35.4800000000000	0.823984165657650
35.5000000000000	0.824036748709701
35.5200000000000	0.834441732232894
35.5400000000000	0.839654084191031
35.5600000000000	0.819698655136146
35.5800000000000	0.821264691948223
35.6000000000000	0.823113030206078
35.6200000000000	0.833067896290220
35.6400000000000	0.838375728811697
35.6600000000000	0.821035059587633
35.6800000000000	0.820953196625831
35.7000000000000	0.820381162234719
35.7200000000000	0.830192928313544
35.7400000000000	0.835630851575772
35.7600000000000	0.847347656866257
35.7800000000000	0.824596819446821
35.8000000000000	0.821330737538540
35.8200000000000	0.830108800367728
35.8400000000000	0.833134805837701
35.8600000000000	0.844788212537532
35.8800000000000	0.823411782192157
35.9000000000000	0.821581698762105
35.9200000000000	0.831580849646108
35.9400000000000	0.833552368207770
35.9600000000000	0.842488594187284
35.9800000000000	0.821384268552316
36	0.819367370214749
36.0200000000000	0.836926455270826
36.0400000000000	0.835027194324397
36.0600000000000	0.843232869425308
36.0800000000000	0.821332235085348
36.1000000000000	0.817501116343515
36.1200000000000	0.834264480024311
36.1400000000000	0.840388281324705
36.1600000000000	0.842644986599648
36.1800000000000	0.822510359311370
36.2000000000000	0.818276039353117
36.2200000000000	0.832766588482284
36.2400000000000	0.837682075148239
36.2600000000000	0.840724510534145
36.2800000000000	0.823702029058622
36.3000000000000	0.820337758280268
36.3200000000000	0.823262181452277
36.3400000000000	0.837408172899297
36.3600000000000	0.839167970304770
36.3800000000000	0.820675760361334
36.4000000000000	0.824387049049369
36.4200000000000	0.823774049584375
36.4400000000000	0.835482294301493
36.4600000000000	0.840415472539784
36.4800000000000	0.820086269948361
36.5000000000000	0.821543256282541
36.5200000000000	0.821490079957241
36.5400000000000	0.833162426456713
36.5600000000000	0.838937179735254
36.5800000000000	0.821440678831502
36.6000000000000	0.821222828643013
36.6200000000000	0.820635602255863
36.6400000000000	0.830459854539928
36.6600000000000	0.835888071234336
36.6800000000000	0.847585892808354
36.7000000000000	0.824817827840985
36.7200000000000	0.821539540765499
36.7400000000000	0.830302779078622
36.7600000000000	0.833314648458364
36.7800000000000	0.844955747736555
36.8000000000000	0.823564088218334
36.8200000000000	0.821716970911609
36.8400000000000	0.831699774637818
36.8600000000000	0.833657167440255
36.8800000000000	0.842581855542768
36.9000000000000	0.821463111263759
36.9200000000000	0.819428803931796
36.9400000000000	0.836970398735514
36.9600000000000	0.840135999848163
36.9800000000000	0.844120662421826
37	0.821548941331242
37.0200000000000	0.817426401415645
37.0400000000000	0.834171703637568
37.0600000000000	0.838460096268897
37.0800000000000	0.842648817011500
37.1000000000000	0.822830803384456
37.1200000000000	0.818284679586503
37.1400000000000	0.832593496677628
37.1600000000000	0.836856839400375
37.1800000000000	0.840024836188645
37.2000000000000	0.823483994843423
37.2200000000000	0.820247017465895
37.2400000000000	0.823135928918315
37.2600000000000	0.837233853279646
37.2800000000000	0.838969337941276
37.3000000000000	0.820467802944853
37.3200000000000	0.824169805843188
37.3400000000000	0.823549807420591
37.3600000000000	0.835244491053668
37.3800000000000	0.840165924136469
37.4000000000000	0.819833768847947
37.4200000000000	0.821280517765398
37.4400000000000	0.821218641015812
37.4600000000000	0.832878877119961
37.4800000000000	0.838645378868902
37.5000000000000	0.846515783967958
37.5200000000000	0.821821378450946
37.5400000000000	0.820287486500129
37.5600000000000	0.829986113834323
37.5800000000000	0.835537739806917
37.6000000000000	0.845292767748263
37.6200000000000	0.824906925253331
37.6400000000000	0.821642722626382
37.6600000000000	0.830029569496327
37.6800000000000	0.832888674628594
37.7000000000000	0.842956904945891
37.7200000000000	0.822799320041334
37.7400000000000	0.821471702649112
37.7600000000000	0.831433199440168
37.7800000000000	0.833305764139137
37.8000000000000	0.842661105719094
37.8200000000000	0.820641973489677
37.8400000000000	0.818834815959229
37.8600000000000	0.836641405150217
37.8800000000000	0.839837403228269
37.9000000000000	0.843770443650695
37.9200000000000	0.821183038461475
37.9400000000000	0.817079205210389
37.9600000000000	0.833834525168529
37.9800000000000	0.838113478384852
38	0.842297065919355
38.0200000000000	0.822494260518345
38.0400000000000	0.817966799006785
38.0600000000000	0.832279783665137
38.0800000000000	0.836535775052779
38.1000000000000	0.839704758045734
38.1200000000000	0.823181460020087
38.1400000000000	0.824086994518915
38.1600000000000	0.823575687840430
38.1800000000000	0.837310101774599
38.2000000000000	0.838693160793841
38.2200000000000	0.820127700650403
38.2400000000000	0.821944617146242
38.2600000000000	0.823155469305248
38.2800000000000	0.835306100271923
38.3000000000000	0.840025185824468
38.3200000000000	0.819576923805909
38.3400000000000	0.820881088339690
38.3600000000000	0.820455928531454
38.3800000000000	0.832511179283583
38.4000000000000	0.838500925670220
38.4200000000000	0.846402969700234
38.4400000000000	0.821682222151650
38.4600000000000	0.820133404028335
38.4800000000000	0.829834005330720
38.5000000000000	0.835399363427917
38.5200000000000	0.845172515194397
38.5400000000000	0.824802234813162
38.5600000000000	0.821546458792030
38.5800000000000	0.829939474018103
38.6000000000000	0.832807499133604
38.6200000000000	0.842889888763876
38.6400000000000	0.822748372884517
38.6600000000000	0.821433175915651
38.6800000000000	0.836215760326602
38.7000000000000	0.834187133665246
38.7200000000000	0.842819838578890
38.7400000000000	0.820564167609223
38.7600000000000	0.818799480505182
38.7800000000000	0.834687131689765
38.8000000000000	0.840038009469455
38.8200000000000	0.844234303170769
38.8400000000000	0.821335970077328
38.8600000000000	0.817079554854083
38.8800000000000	0.832879801973446
38.9000000000000	0.837658370886356
38.9200000000000	0.842351151834656
38.9400000000000	0.822674787311260
38.9600000000000	0.818887648493010
38.9800000000000	0.833099332230167
39	0.836356527973524
39.0200000000000	0.839619880377422
39.0400000000000	0.823342090677654
39.0600000000000	0.824296661326492
39.0800000000000	0.823744542593202
39.1000000000000	0.837478464828563
39.1200000000000	0.838886629782786
39.1400000000000	0.820329310836208
39.1600000000000	0.822139493972779
39.1800000000000	0.823345912311166
39.2000000000000	0.835515144262580
39.2200000000000	0.840256331531792
39.2400000000000	0.819806779166124
39.2600000000000	0.821104243457655
39.2800000000000	0.820676760514720
39.3000000000000	0.832749843217615
39.3200000000000	0.836171741629274
39.3400000000000	0.847153434371873
39.3600000000000	0.822351729285656
39.3800000000000	0.820422285113461
39.4000000000000	0.830009158208040
39.4200000000000	0.833838910303208
39.4400000000000	0.845070225183256
39.4600000000000	0.825203561051078
39.4800000000000	0.821883445184711
39.5000000000000	0.830202058972426
39.5200000000000	0.833387037017552
39.5400000000000	0.842663580120277
39.5600000000000	0.822769030142382
39.5800000000000	0.821713013915532
39.6000000000000	0.836549986565499
39.6200000000000	0.834482235207341
39.6400000000000	0.843078258511741
39.6600000000000	0.820808404655579
39.6800000000000	0.819048082883742
39.7000000000000	0.834947190386674
39.7200000000000	0.840302320464968
39.7400000000000	0.844487757522249
39.7600000000000	0.821573912720249
39.7800000000000	0.817311647326137
39.8000000000000	0.833118183743893
39.8200000000000	0.837901638758307
39.8400000000000	0.842585653183038
39.8600000000000	0.823562799668862
39.8800000000000	0.819873874327632
39.9000000000000	0.833617826718359
39.9200000000000	0.836553524013847
39.9400000000000	0.839750587731367
39.9600000000000	0.821356041952882
39.9800000000000	0.824403085778818
40	0.824251070780123
