0.0295	1.001738077
0.0595	1.002162766
0.0895	1.00211948
0.1195	1.001646205
0.1495	1.000732238
0.1795	0.999691686
0.2095	0.998779737
0.2395	0.998292368
0.2695	0.998311682
0.2995	0.998873962
0.3295	0.999817545
0.3595	1.000988768
0.3895	1.001990315
0.4195	1.002584906
0.4495	1.002599463
0.4795	1.002084979
0.5095	1.00114691
0.5395	1.000008152
0.5695	0.998919657
0.5995	0.998248928
0.6295	0.998179485
0.6595	0.998827164
0.6895	0.999946194
0.7195	1.001272494
0.7495	1.002482582
0.7795	1.00327625
0.8095	1.003373561
0.8395	1.002584415
0.8695	1.001023733
0.8995	0.999202735
0.9295	0.997661299
0.9595	0.996968052
0.9895	0.997272473
1.0195	0.998537533
1.0495	1.000403952
1.0795	1.002368551
1.1095	1.003802427
1.1395	1.004203859
1.1695	1.003367567
1.1995	1.001594623
1.2295	0.999391114
1.2595	0.997492412
1.2895	0.996408367
1.3195	0.996498932
1.3495	0.997671754
1.3795	0.999619099
1.4095	1.001712919
1.4395	1.003447086
1.4695	1.004288165
1.4995	1.004043384
1.5295	1.002741079
1.5595	1.000814797
1.5895	0.998790845
1.6195	0.997337617
1.6495	0.996950645
1.6795	0.997793254
1.7095	0.999562932
1.7395	1.001650621
1.7695	1.003347647
1.7995	1.00420452
1.8295	1.003908566
1.8595	1.002576664
1.8895	1.00056093
1.9195	0.998509104
1.9495	0.996988776
1.9795	0.996492499
2.0095	0.997114852
2.0395	0.998881483
2.0695	1.001276503
2.0995	0.994357335
2.1295	0.995038894
2.1595	0.994955104
2.1895	0.993819447
2.2195	0.991797761
2.2495	0.989173083
2.2795	0.997708451
2.3095	0.995825984
2.3395	0.995498633
2.3695	0.996619698
2.3995	0.989604622
2.4295	0.991309668
2.4595	0.993110017
2.4895	0.994166786
2.5195	0.994024105
2.5495	0.992530468
2.5795	0.990124251
2.6095	0.987457952
2.6395	0.985340689
2.6695	0.984346236
2.6995	0.984800679
2.7295	0.986520458
2.7595	0.989031882
2.7895	0.991545331
2.8195	0.993359394
2.8495	0.993907447
2.8795	0.993075587
2.9095	0.991075521
2.9395	0.988547357
2.9695	0.98619946
2.9995	0.984762654
3.0295	0.984577029
3.0595	0.985678964
3.0895	0.987689661
3.1195	0.990074573
3.1495	0.992240194
3.1795	0.9935974
3.2095	0.993712117
3.2395	0.99252926
3.2695	0.990341579
3.2995	0.987840967
3.3295	0.98571269
3.3595	0.984603425
3.3895	0.984792422
3.4195	0.986302854
3.4495	0.988907201
3.4795	0.991885909
3.5095	0.994321403
3.5395	0.995328725
3.5695	0.994509149
3.5995	0.992157205
3.6295	0.988994055
3.6595	0.98607618
3.6895	0.98422643
3.7195	0.984018976
3.7495	0.985424386
3.7795	0.988055123
3.8095	0.991085109
3.8395	0.993539803
3.8695	0.994618933
3.8995	0.994052596
3.9295	0.992050844
3.9595	0.989350354
3.9895	0.986714594
4.0195	0.984980442
4.0495	0.984712901
4.0795	0.986028205
4.1095	0.988490405
4.1395	0.99136534
4.1695	0.993751189
4.1995	0.994990366
4.2295	0.99465145
4.2595	0.992836204
4.2895	0.990050943
4.3195	0.98719064
4.3495	0.985209193
4.3795	0.984735427
4.4095	0.985861268
4.4395	0.988102415
4.4695	0.990687624
4.4995	0.992889201
4.5295	0.994035834
4.5595	0.993855033
4.5895	0.99236892
4.6195	0.990088171
4.6495	0.987795652
4.6795	0.98621516
4.7095	0.985772608
4.7395	0.986625415
4.7695	0.988473438
4.7995	0.990803461
4.8295	0.992793041
4.8595	0.993770172
4.8895	0.993412528
4.9195	0.991867567
4.9495	0.989546316
4.9795	0.987172851
5.0095	0.985408706
5.0395	0.984946762
5.0695	0.985923511
5.0995	0.988077224
5.1295	0.990659278
5.1595	0.99285308
5.1895	0.993974014
5.2195	0.993736041
5.2495	0.992190112
5.2795	0.989836164
5.3095	0.987334697
5.3395	0.985487698
5.3695	0.984806543
5.3995	0.985519584
5.4295	0.987324425
5.4595	0.989657658
5.4895	0.991786332
5.5195	0.993117622
5.5495	0.99322424
5.5795	0.992116938
5.6095	0.990092879
5.6395	0.987935656
5.6695	0.986296412
5.6995	0.985693632
5.7295	0.986171596
5.7595	0.987495883
5.7895	0.989230608
5.8195	0.990904477
5.8495	0.992037452
5.8795	0.992337041
5.9095	0.991685006
5.9395	0.990372214
5.9695	0.988774336
5.9995	0.987402342
6.0295	0.986601939
6.0595	0.98661151
6.0895	0.987387226
6.1195	0.988728221
6.1495	0.990184057
6.1795	0.991359942
6.2095	0.991877114
6.2395	0.991707049
6.2695	0.990899677
6.2995	0.989736078
6.3295	0.988407161
6.3595	0.987179573
6.3895	0.98637761
6.4195	0.986285092
6.4495	0.986978097
6.4795	0.988285569
6.5095	0.989783656
6.5395	0.991145516
6.5695	0.991964806
6.5995	0.992041361
6.6295	0.991351741
6.6595	0.99017798
6.6895	0.988838614
6.7195	0.987745258
6.7495	0.98705824
6.7795	0.987007578
6.8095	0.987570708
6.8395	0.988739865
6.8695	0.990177057
6.8995	0.991494542
6.9295	0.992212353
6.9595	0.992078822
6.9895	0.991105636
7.0195	0.98964167
7.0495	0.988200962
7.0795	0.987251351
7.1095	0.98703629
7.1395	0.987457335
7.1695	0.988284332
7.1995	0.989302519
7.2295	0.990221093
7.2595	0.990865945
7.2895	0.991013841
7.3195	0.993844375
7.3495	0.993976556
7.3795	0.993778121
7.4095	0.993492286
7.4395	0.993347898
7.4695	0.993415836
7.4995	0.993761663
7.5295	0.994119005
7.5595	0.994240367
7.5895	0.994046736
7.6195	0.993658513
7.6495	0.993283787
7.6795	0.993077007
7.7095	0.99305402
7.7395	0.993228432
7.7695	0.993492898
7.7995	0.993806917
7.8295	0.994038013
7.8595	0.994162984
7.8895	0.99410202
7.9195	0.993934759
7.9495	0.993787147
7.9795	0.993749166
8.0095	0.993792389
8.0395	0.994014118
8.0695	0.994332212
8.0995	0.994695609
8.1295	0.99485753
8.1595	0.994679106
8.1895	0.994172671
8.2195	0.993577191
8.2495	0.99328969
8.2795	0.993449337
8.3095	0.993970152
8.3395	0.994700846
8.3695	0.995373647
8.3995	0.995834705
8.4295	0.995850046
8.4595	0.995378433
8.4895	0.994522002
8.5195	0.993588039
8.5495	0.992872946
8.5795	0.992630936
8.6095	0.992889846
8.6395	0.991018972
8.6695	0.992334998
8.6995	0.993242927
8.7295	0.99367594
8.7595	0.99367405
8.7895	0.993249053
8.8195	0.992597998
8.8495	0.991933097
8.8795	0.991491527
8.9095	0.991355674
8.9395	0.991581506
8.9695	0.992048327
8.9995	0.992656527
9.0295	0.993142335
9.0595	0.993349806
9.0895	0.993175722
9.1195	0.99274872
9.1495	0.992345053
9.1795	0.992135912
9.2095	0.992141615
9.2395	0.992264444
9.2695	0.992378876
9.2995	0.99249177
9.3295	0.992632721
9.3595	0.992941952
9.3895	0.993289179
9.4195	0.993594813
9.4495	0.993614306
9.4795	0.993380675
9.5095	0.992923149
9.5395	0.992386729
9.5695	0.991877929
9.5995	0.991587258
9.6295	0.991547898
9.6595	0.991796823
9.6895	0.992216839
9.7195	0.992709314
9.7495	0.993014411
9.7795	0.993078336
9.8095	0.992842799
9.8395	0.992583271
9.8695	0.992392935
9.8995	0.992369478
9.9295	0.992381227
9.9595	0.992333481
9.9895	0.992198109
10.0195	1.007022774
10.0495	1.000931662
10.0795	0.999423456
10.1095	0.995163065
10.1395	0.990230735
10.1695	0.985325186
10.1995	0.981202092
10.2295	0.978425983
10.2595	0.97745525
10.2895	0.978359098
10.3195	0.985870162
10.3495	0.990287903
10.3795	0.995477178
10.4095	1.000847265
10.4395	1.005751872
10.4695	1.009517365
10.4995	1.01169008
10.5295	1.011921721
10.5595	1.010181399
10.5895	1.006676375
10.6195	1.001925333
10.6495	0.996579404
10.6795	0.991386381
10.7095	0.986996319
10.7395	0.984016449
10.7695	0.982792354
10.7995	0.983503087
10.8295	0.986002195
10.8595	0.98997792
10.8895	0.994854159
10.9195	0.999996692
10.9495	1.004605795
10.9795	1.008109733
11.0095	1.010024004
11.0395	1.010201728
11.0695	1.00862136
11.0995	1.00554292
11.1295	1.001384631
11.1595	0.996783376
11.1895	0.992317864
11.2195	0.988632161
11.2495	0.986284991
11.2795	0.985615378
11.3095	0.986662263
11.3395	0.989174028
11.3695	0.992725035
11.3995	0.996869242
11.4295	1.001159227
11.4595	1.005251356
11.4895	1.008579584
11.5195	1.010689133
11.5495	1.010933302
11.5795	1.009317009
11.6095	1.006037609
11.6395	1.001725881
11.6695	0.996978471
11.6995	0.992461051
11.7295	0.988721031
11.7595	0.986259453
11.7895	0.985356809
11.8195	0.986144278
11.8495	0.988431021
11.8795	0.991930315
11.9095	0.996135175
11.9395	1.0006538
11.9695	1.004902254
11.9995	1.008358903
12.0295	1.010410338
12.0595	1.010652232
12.0895	1.009036754
12.1195	1.005859367
12.1495	1.001703054
12.1795	0.997167635
12.2095	0.992824317
12.2395	0.989214635
12.2695	0.986754683
12.2995	0.985791293
12.3295	0.986451564
12.3595	0.98872808
12.3895	0.99227153
12.4195	0.9966034
12.4495	1.000943292
12.4795	1.004742221
12.5095	1.007471472
12.5395	1.008854105
12.5695	1.008702793
12.5995	1.00708461
12.6295	1.004179709
12.6595	1.000394701
12.6895	0.996204575
12.7195	0.992200279
12.7495	0.988891814
12.7795	0.986741501
12.8095	0.985989931
12.8395	0.986777518
12.8695	0.988959995
12.8995	0.992264924
12.9295	0.996207398
12.9595	1.0002856
12.9895	1.003927897
13.0195	1.006694875
13.0495	1.008228126
13.0795	1.008371391
13.1095	1.007090195
13.1395	1.004670619
13.1695	1.001437278
13.1995	0.997857599
13.2295	0.994293103
13.2595	0.991131609
13.2895	0.988754588
13.3195	0.987513928
13.3495	0.987618382
13.3795	0.989074843
13.4095	0.991645701
13.4395	0.994993406
13.4695	0.998630764
13.4995	1.00210494
13.5295	1.004971747
13.5595	1.006948796
13.5895	1.007755798
13.6195	1.007293764
13.6495	1.005402288
13.6795	1.002364639
13.7095	0.99855896
13.7395	0.994499565
13.7695	0.990684071
13.7995	0.987641667
13.8295	0.985753836
13.8595	0.985312949
13.8895	0.986330065
13.9195	0.988707092
13.9495	0.992217864
13.9795	0.996421865
14.0095	1.000726093
14.0395	1.004510612
14.0695	1.007224264
14.0995	1.008549986
14.1295	1.008288694
14.1595	1.006508367
14.1895	1.003427951
14.2195	0.999476334
14.2495	0.995049537
14.2795	0.990758827
14.3095	0.987138319
14.3395	0.984785372
14.3695	0.984001053
14.3995	0.984900903
14.4295	0.987312663
14.4595	0.990922515
14.4895	0.995209823
14.5195	0.999626481
14.5495	1.003544371
14.5795	1.006479688
14.6095	1.008028057
14.6395	1.008172738
14.6695	1.006930158
14.6995	1.00450858
14.7295	1.001201088
14.7595	0.997468872
14.7895	0.993781488
14.8195	0.990625439
14.8495	0.988214401
14.8795	0.986879458
14.9095	0.986756261
14.9395	0.987966093
14.9695	0.990336474
14.9995	0.993569772
15.0295	0.997196847
15.0595	1.000757662
15.0895	1.00375468
15.1195	1.005828276
15.1495	1.006692309
15.1795	1.006274305
15.2095	1.004616373
15.2395	1.002121032
15.2695	0.999148222
15.2995	0.996126035
15.3295	0.993349861
15.3595	0.991107715
15.3895	0.989662625
15.4195	0.989196363
15.4495	0.989567844
15.4795	0.990737324
15.5095	0.99251181
15.5395	0.994784859
15.5695	0.997258804
15.5995	0.999631699
15.6295	1.001619719
15.6595	1.003068993
15.6895	1.00376784
15.7195	1.003662105
15.7495	1.002753465
15.7795	1.001199344
15.8095	0.999184954
15.8395	0.996990429
15.8695	0.994874403
15.8995	0.993144188
15.9295	0.991993742
15.9595	0.991591716
15.9895	0.991956925
16.0195	0.993023907
16.0495	0.994408785
16.0795	0.995940806
16.1095	0.997387091
16.1395	0.998724324
16.1695	0.999797311
16.1995	1.000493886
16.2295	1.000670957
16.2595	1.000299799
16.2895	0.999407
16.3195	0.998159284
16.3495	0.996794929
16.3795	0.995527123
16.4095	0.994497139
16.4395	0.993904916
16.4695	0.99381189
16.4995	0.994253605
16.5295	0.99506778
16.5595	0.996071824
16.5895	0.997103425
16.6195	0.998054263
16.6495	0.998785515
16.6795	0.999229463
16.7095	0.999304354
16.7395	0.999107021
16.7695	0.998666327
16.7995	0.99807015
16.8295	0.997384979
16.8595	0.996745604
16.8895	0.996210874
16.9195	0.995870413
16.9495	0.995699756
16.9795	0.998823611
17.0095	0.998418839
17.0395	0.99859554
17.0695	0.999057429
17.0995	0.999639188
17.1295	1.000184999
17.1595	1.000615249
17.1895	1.00085595
17.2195	1.000904734
17.2495	1.000762883
17.2795	1.00047525
17.3095	1.000064855
17.3395	0.999538104
17.3695	0.998923659
17.3995	0.998321624
17.4295	0.997923264
17.4595	0.997974909
17.4895	0.998450068
17.5195	0.999265564
17.5495	1.000083124
17.5795	1.000804144
17.6095	1.001316717
17.6395	1.001709823
17.6695	1.001961956
17.6995	1.002061674
17.7295	1.00194339
17.7595	1.001594454
17.7895	1.00104591
17.8195	1.000377076
17.8495	0.999579208
17.8795	0.998773379
17.9095	0.998047275
17.9395	0.997541696
17.9695	0.997312116
17.9995	0.997404001
18.0295	0.997800305
18.0595	0.998486328
18.0895	0.999350782
18.1195	1.00028741
18.1495	1.001104793
18.1795	1.001711942
18.2095	1.00201354
18.2395	1.002078449
18.2695	1.001913102
18.2995	1.001560874
18.3295	1.001067763
18.3595	1.000538946
18.3895	1.000028586
18.4195	0.999587065
18.4495	0.999051734
18.4795	0.998501739
18.5095	0.99799021
18.5395	0.997664919
18.5695	0.997569876
18.5995	0.997732042
18.6295	0.998168821
18.6595	0.9989181
18.6895	0.999861457
18.7195	1.000856741
18.7495	1.001562432
18.7795	1.001896029
18.8095	1.001796813
18.8395	1.001284749
18.8695	1.00040729
18.8995	0.999299059
18.9295	0.998132177
18.9595	0.997135301
18.9895	0.996420134
19.0195	0.996091608
19.0495	0.99615242
19.0795	0.996606063
19.1095	0.997371185
19.1395	0.998440875
19.1695	0.999680967
19.1995	1.0009438
19.2295	1.002046356
19.2595	1.002863578
19.2895	1.003274187
19.3195	1.00322502
19.3495	1.002592225
19.3795	1.0014762
19.4095	1.000009707
19.4395	0.998379235
19.4695	0.996773741
19.4995	0.995420092
19.5295	0.994535602
19.5595	0.994329081
19.5895	0.994803916
19.6195	0.995907453
19.6495	0.997470659
19.6795	0.999299403
19.7095	1.001132615
19.7395	1.002741846
19.7695	1.003899215
19.7995	1.002005625
19.8295	1.002428355
19.8595	1.001799174
19.8895	1.00038706
19.9195	0.998532797
19.9495	0.996671107
19.9795	0.995090694
20.0095	0.993984025
20.0395	0.99341169
20.0695	0.993390197
20.0995	0.993931124
20.1295	0.994921539
20.1595	0.996220099
20.1895	0.997633109
20.2195	0.998985681
20.2495	1.000063588
20.2795	1.000742839
20.3095	1.000920839
20.3395	1.000685039
20.3695	1.000084124
20.3995	0.99921886
20.4295	0.998198547
20.4595	0.997189356
20.4895	0.996308415
20.5195	0.99567928
20.5495	0.99531279
20.5795	0.995269485
20.6095	0.995536989
20.6395	0.996263543
20.6695	0.997391384
20.6995	0.998787363
20.7295	1.000091768
20.7595	1.000938166
20.7895	1.001200699
20.8195	1.00088297
20.8495	1.000110698
20.8795	0.999010852
20.9095	0.997716705
20.9395	0.996527968
20.9695	0.995622509
20.9995	0.995135387
21.0295	0.995033261
21.0595	0.995237558
21.0895	0.995700525
21.1195	0.996391247
21.1495	0.997294848
21.1795	0.998311128
21.2095	0.99928804
21.2395	1.000019107
21.2695	1.000361218
21.2995	1.000288846
21.3295	0.999874861
21.3595	0.999296406
21.3895	0.998616699
21.4195	0.997924787
21.4495	0.997188317
21.4795	0.996516267
21.5095	0.995979393
21.5395	0.995653653
21.5695	0.99555981
21.5995	0.995723305
21.6295	1.006905793
21.6595	1.006529104
21.6895	1.006642942
21.7195	1.007042658
21.7495	1.007558482
21.7795	1.008062646
21.8095	1.008427425
21.8395	1.008760325
21.8695	1.009042029
21.8995	1.009262031
21.9295	1.009244045
21.9595	1.008845833
21.9895	1.008101264
22.0195	1.007163176
22.0495	1.006291576
22.0795	1.005631728
22.1095	1.00524565
22.1395	1.005032762
22.1695	1.004938015
22.1995	1.004993481
22.2295	1.005205558
22.2595	1.005618372
22.2895	1.006152124
22.3195	1.006751561
22.3495	1.007285765
22.3795	1.007704861
22.4095	1.007932797
22.4395	1.00807358
22.4695	1.008124894
22.4995	1.008104031
22.5295	1.007924038
22.5595	1.00754039
22.5895	1.006982465
22.6195	1.006351353
22.6495	1.00573385
22.6795	1.005233715
22.7095	1.004894299
22.7395	1.004860003
22.7695	1.00513745
22.7995	1.005709413
22.8295	1.006541898
22.8595	1.007633275
22.8895	1.008818158
22.9195	1.009912059
22.9495	1.010466528
22.9795	1.010422067
23.0095	1.009765843
23.0395	1.008609672
23.0695	1.007086999
23.0995	1.005421739
23.1295	1.003873998
23.1595	1.002750682
23.1895	1.002174371
23.2195	1.00668939
23.2495	1.006902485
23.2795	1.008078943
23.3095	1.009811321
23.3395	1.011786844
23.3695	1.013693005
23.3995	1.015286428
23.4295	1.016339309
23.4595	1.016725705
23.4895	1.016394658
23.5195	1.015404799
23.5495	1.013813689
23.5795	1.01185037
23.6095	1.009765074
23.6395	1.007954141
23.6695	1.006676009
23.6995	1.006110158
23.7295	1.006285801
23.7595	1.007153849
23.7895	1.00857883
23.8195	1.010373472
23.8495	1.012237608
23.8795	1.013936965
23.9095	1.015234678
23.9395	1.015978697
23.9695	1.016062631
23.9995	1.015496456
24.0295	1.014359307
24.0595	1.012837315
24.0895	1.011121411
24.1195	1.00945803
24.1495	1.008071224
24.1795	1.007156992
24.2095	1.006819056
24.2395	1.007187133
24.2695	1.008218289
24.2995	1.009785409
24.3295	1.011577377
24.3595	1.013255558
24.3895	1.014584862
24.4195	1.015409576
24.4495	1.01562623
24.4795	1.015226593
24.5095	1.014255295
24.5395	1.012863527
24.5695	1.01122603
24.5995	1.009574813
24.6295	1.00809718
24.6595	1.006977826
24.6895	1.00634601
24.7195	1.006293382
24.7495	1.006808388
24.7795	1.007829878
24.8095	1.009203074
24.8395	1.010777763
24.8695	1.012336858
24.8995	1.013687947
24.9295	1.014722452
24.9595	1.015429854
24.9895	1.015708996
25.0195	1.015543904
25.0495	1.014951761
25.0795	1.014031161
25.1095	1.01289293
25.1395	1.011518612
25.1695	1.01001584
25.1995	1.008596761
25.2295	1.00747927
25.2595	1.006881961
25.2895	1.006864873
25.3195	1.007401182
25.3495	1.008200381
25.3795	1.009155898
25.4095	1.009728223
25.4395	1.010310021
25.4695	1.011232317
25.4995	1.012262397
25.5295	1.013106028
25.5595	1.013534744
25.5895	1.013454669
25.6195	1.012874516
25.6495	1.011825395
25.6795	1.010459799
25.7095	1.008949116
25.7395	1.007580213
25.7695	1.006545389
25.7995	1.005991781
25.8295	1.005939397
25.8595	1.006354227
25.8895	1.007163721
25.9195	1.00830198
25.9495	1.00978362
25.9795	1.011431992
26.0095	1.013015686
26.0395	1.014129869
26.0695	1.014549534
26.0995	1.014238098
26.1295	1.013237073
26.1595	1.011705248
26.1895	1.009836413
26.2195	1.007920354
26.2495	1.006354579
26.2795	1.005362698
26.3095	1.005058606
26.3395	1.00540232
26.3695	1.006300872
26.3995	1.007642064
26.4295	1.009295717
26.4595	1.011137883
26.4895	1.012913256
26.5195	1.014378869
26.5495	1.015205255
26.5795	1.015296795
26.6095	1.014636736
26.6395	1.013373354
26.6695	1.011681438
26.6995	1.009801019
26.7295	1.007932114
26.7595	1.006282311
26.7895	1.005054465
26.8195	1.004445898
26.8495	1.004672688
26.8795	1.005716301
26.9095	1.00741639
26.9395	1.009262416
26.9695	1.010897411
26.9995	1.012116464
27.0295	1.01281427
27.0595	1.013001623
27.0895	1.012645516
27.1195	1.011826481
27.1495	1.010741786
27.1795	1.009553236
27.2095	1.008408137
27.2395	1.007505004
27.2695	1.006961665
27.2995	1.006859027
27.3295	1.007153285
27.3595	1.007757732
27.3895	1.008577148
27.4195	1.009522653
27.4495	1.010512452
27.4795	1.011429969
27.5095	1.012142958
27.5395	1.012498228
27.5695	1.012416129
27.5995	1.011922927
27.6295	1.011112374
27.6595	1.010154783
27.6895	1.0091669
27.7195	1.008277312
27.7495	1.00751412
27.7795	1.006984188
27.8095	1.006745189
27.8395	1.007032895
27.8695	1.007859682
27.8995	1.009124641
27.9295	1.010559328
27.9595	1.011868828
27.9895	1.012870176
28.0195	1.013448624
28.0495	1.013535738
28.0795	1.013137286
28.1095	1.012299686
28.1395	1.011149708
28.1695	1.009831189
28.1995	1.008531325
28.2295	1.007478363
28.2595	1.006911392
28.2895	1.006891522
28.3195	1.007401488
28.3495	1.008206703
28.3795	1.009202307
28.4095	1.010242952
28.4395	1.0112292
28.4695	1.012029294
28.4995	1.012550677
28.5295	1.012629324
28.5595	1.012154146
28.5895	1.011179409
28.6195	1.009846037
28.6495	1.00831392
28.6795	1.006795248
28.7095	1.005478068
28.7395	1.004657651
28.7695	1.004463379
28.7995	1.004924658
28.8295	1.006063809
28.8595	1.007870114
28.8895	1.010089916
28.9195	1.012400178
28.9495	1.014270674
28.9795	1.015460785
29.0095	1.015809336
29.0395	1.015370185
29.0695	1.014225495
29.0995	1.012544747
29.1295	1.01053413
29.1595	1.008861445
29.1895	1.007557942
29.2195	1.006456176
29.2495	1.005767649
29.2795	1.005673642
29.3095	1.006223599
29.3395	1.007442162
29.3695	1.00918726
29.3995	1.011238749
29.4295	1.013223354
29.4595	1.014768218
29.4895	1.015661086
29.5195	1.015838982
29.5495	1.015497827
29.5795	1.014708311
29.6095	1.013570417
29.6395	1.012166665
29.6695	1.010648209
29.6995	1.009226998
29.7295	1.008086349
29.7595	1.007392522
29.7895	1.007222946
29.8195	1.007574573
29.8495	1.008220595
29.8795	1.009072973
29.9095	1.010006834
29.9395	1.011118965
29.9695	1.01232225
29.9995	1.01346773
30.0295	1.014329808
30.0595	1.014719904
30.0895	1.014581056
30.1195	1.01395792
30.1495	1.012991132
30.1795	1.011824666
30.2095	1.010603581
30.2395	1.009367086
30.2695	1.008223241
30.2995	1.007329958
30.3295	1.006848302
30.3595	1.00692218
30.3895	1.007526092
30.4195	1.008582938
30.4495	1.009932371
30.4795	1.011402146
30.5095	1.012787038
30.5395	1.013918215
30.5695	1.014640529
30.5995	1.014872459
30.6295	1.014477515
30.6595	1.013388116
30.6895	1.011741802
30.7195	1.009793593
30.7495	1.007934111
30.7795	1.006422458
30.8095	1.00544633
30.8395	1.00523009
30.8695	1.005816255
30.8995	1.007129313
30.9295	1.008939496
30.9595	1.010959124
30.9895	1.012909617
31.0195	1.014544936
31.0495	1.015650984
31.0795	1.016097079
31.1095	1.015820339
31.1395	1.014771395
31.1695	1.013051402
31.1995	1.010901313
31.2295	1.008711669
31.2595	1.006931741
31.2895	1.005785166
31.3195	1.005407884
31.3495	1.005724184
31.3795	1.00668945
31.4095	1.008159296
31.4395	1.007838296
31.4695	1.01017153
31.4995	1.012007866
31.5295	1.013304653
31.5595	1.014016795
31.5895	1.014088587
31.6195	1.013555422
31.6495	1.012579992
31.6795	1.011305692
31.7095	1.009893092
31.7395	1.008516374
31.7695	1.007341225
31.7995	1.006529264
31.8295	1.006161596
31.8595	1.006271435
31.8895	1.006831748
31.9195	1.007758786
31.9495	1.008842513
31.9795	1.009942606
32.0095	1.010903739
32.0395	1.01154751
32.0695	1.011762525
32.0995	1.011531102
32.1295	1.010962053
32.1595	1.010252038
32.1895	1.009489283
32.2195	1.008764526
32.2495	1.008059538
32.2795	1.007469879
32.3095	1.007062591
32.3395	1.006866397
32.3695	1.006885766
32.3995	1.007122185
32.4295	1.00758529
32.4595	1.008288055
32.4895	1.00912784
32.5195	1.009973586
32.5495	1.010559262
32.5795	1.010809787
32.6095	1.010688598
32.6395	1.010451472
32.6695	1.010201172
32.6995	1.009980335
32.7295	1.009770597
32.7595	1.009553141
32.7895	1.009350419
32.8195	1.009191425
32.8495	1.00905665
32.8795	1.008970042
32.9095	1.00893566
32.9395	1.008979482
32.9695	1.009092914
32.9995	1.009268016
33.0295	1.009521223
33.0595	1.009888834
33.0895	1.010316165
33.1195	1.005016862
33.1495	1.004428679
33.1795	1.004204395
33.2095	1.004084786
33.2395	1.003894934
33.2695	1.003568563
33.2995	1.003113195
33.3295	1.00255636
33.3595	1.001941417
33.3895	1.001351864
33.4195	1.000870591
33.4495	1.000582433
33.4795	1.000525404
33.5095	1.000706726
33.5395	1.001118877
33.5695	1.00171265
33.5995	1.002407725
33.6295	1.00309013
33.6595	1.003639748
33.6895	1.003985844
33.7195	1.00410844
33.7495	1.004128952
33.7795	1.004052707
33.8095	1.003892665
33.8395	1.00356866
33.8695	1.003091981
33.8995	1.002526737
33.9295	1.001921024
33.9595	1.001316403
33.9895	1.000792435
34.0195	1.000450053
34.0495	1.000521699
34.0795	1.001002967
34.1095	1.001828431
34.1395	1.002781542
34.1695	1.003701659
34.1995	1.004467512
34.2295	1.004956726
34.2595	1.005074629
34.2895	1.004809748
34.3195	1.004194622
34.3495	1.003287132
34.3795	1.002207004
34.4095	1.001098653
34.4395	1.000133346
34.4695	0.999446162
34.4995	0.999123519
34.5295	0.999164058
34.5595	0.999502713
34.5895	1.000090604
34.6195	1.00085687
34.6495	1.001764512
34.6795	1.002693397
34.7095	1.003520328
34.7395	1.004072724
34.7695	1.004259001
34.7995	1.004055792
34.8295	1.003541001
34.8595	1.002847303
34.8895	1.002068982
34.9195	1.001328205
34.9495	1.000831702
34.9795	1.000647808
35.0095	1.000798693
35.0395	1.001110254
35.0695	1.001489789
35.0995	1.001884638
35.1295	1.002230924
35.1595	1.002465571
35.1895	1.002558235
35.2195	1.002517455
35.2495	1.002470687
35.2795	1.00242862
35.3095	1.002401111
35.3395	1.002531043
35.3695	1.002850423
35.3995	1.003317335
35.4295	1.003706546
35.4595	1.001779379
35.4895	1.002182633
35.5195	1.001958298
35.5495	1.001445781
35.5795	1.000842
35.6095	1.000288345
35.6395	0.999867025
35.6695	0.999631792
35.6995	0.999620315
35.7295	0.999883781
35.7595	1.000464005
35.7895	1.00127641
35.8195	1.002205233
35.8495	1.003062595
35.8795	1.003738108
35.9095	1.004137496
35.9395	1.004058896
35.9695	1.00345871
35.9995	1.002423357
36.0295	1.001222067
36.0595	1.000198482
36.0895	0.999483406
36.1195	0.999165359
36.1495	0.999230702
36.1795	0.999670096
36.2095	1.000418695
36.2395	1.001425506
36.2695	1.002567491
36.2995	1.00369853
36.3295	1.004672145
36.3595	1.005374502
36.3895	1.005713572
36.4195	1.005614659
36.4495	1.004873353
36.4795	1.003587317
36.5095	1.001926221
36.5395	1.000219566
36.5695	0.998723157
36.5995	0.997636272
36.6295	0.997070265
36.6595	0.997066663
36.6895	0.997615158
36.7195	0.998648941
36.7495	1.000066497
36.7795	1.00168243
36.8095	1.003277059
36.8395	1.00461802
36.8695	1.005518014
36.8995	1.005866555
36.9295	1.005643903
36.9595	1.004922231
36.9895	1.003798323
37.0195	1.002450721
37.0495	1.001176018
37.0795	1.000153135
37.1095	0.999512266
37.1395	0.999239687
37.1695	0.999331163
37.1995	0.999775416
37.2295	1.000535892
37.2595	1.001552168
37.2895	1.002684922
37.3195	1.003768991
37.3495	1.004551879
37.3795	1.004932302
37.4095	1.004860203
37.4395	1.004403115
37.4695	1.003638325
37.4995	1.002673926
37.5295	1.001645719
37.5595	1.000707546
37.5895	0.999979368
37.6195	0.99958067
37.6495	0.999673069
37.6795	1.000250473
37.7095	1.001229725
37.7395	1.002398787
37.7695	1.003570706
37.7995	1.004595736
37.8295	1.005346841
37.8595	1.005745137
37.8895	1.005739177
37.9195	1.005300436
37.9495	1.00427726
37.9795	1.002803202
38.0095	1.001073582
38.0395	0.999555186
38.0695	0.99852169
38.0995	0.998109999
38.1295	0.998278508
38.1595	0.998887066
38.1895	0.999845829
38.2195	1.001018521
38.2495	1.002194367
38.2795	1.003218132
38.3095	1.003953378
38.3395	1.004511654
38.3695	1.004886229
38.3995	1.005035293
38.4295	1.004855629
38.4595	1.004267714
38.4895	1.00334877
38.5195	1.002226941
38.5495	1.00104827
38.5795	0.99997233
38.6095	0.999134623
38.6395	0.998584929
38.6695	0.998366645
38.6995	0.99850727
38.7295	0.99894516
38.7595	0.999576588
38.7895	1.000308933
38.8195	1.001070797
38.8495	1.001894139
38.8795	1.002678839
38.9095	1.003317432
38.9395	1.003707659
38.9695	1.00378823
38.9995	1.003555145
39.0295	1.002967769
39.0595	1.002016814
39.0895	1.000824265
39.1195	0.999586682
39.1495	0.998657227
39.1795	0.998168052
39.2095	0.998175004
39.2395	0.998577947
39.2695	0.999281724
39.2995	1.000193157
39.3295	1.001211455
39.3595	1.002240054
39.3895	1.003138593
39.4195	1.003784801
39.4495	1.004044226
39.4795	1.003887521
39.5095	1.003332888
39.5395	1.002368128
39.5695	1.001087385
39.5995	0.999664005
39.6295	0.998374228
39.6595	0.99751396
39.6895	0.997188818
39.7195	0.997431569
39.7495	0.99815211
39.7795	0.999251593
39.8095	1.000576158
39.8395	1.001948393
39.8695	1.00318109
39.8995	1.004116382
39.9295	1.004662385
39.9595	1.004798379
39.9895	1.00450757
40.0195	1.013741813
40.0495	1.009039569
40.0795	1.003382287
40.1095	0.997596299
40.1395	0.993055864
40.1695	0.99096244
40.1995	0.99189071
40.2295	0.995589095
40.2595	1.001020177
40.2895	1.006588581
40.3195	1.010674658
40.3495	1.012095075
40.3795	1.010462543
40.4095	1.006278111
40.4395	1.000705796
40.4695	0.995365
40.4995	0.991836528
40.5295	0.991162126
40.5595	0.993542814
40.5895	0.998247933
40.6195	1.003891537
40.6495	1.006212521
40.6795	1.00932176
40.7095	1.009543906
40.7395	1.006806707
40.7695	1.00197229
40.7995	0.996532525
40.8295	0.992160713
40.8595	0.990202756
40.8895	0.991239318
40.9195	0.994959264
40.9495	1.000272813
40.9795	1.005606553
41.0095	1.009388479
41.0395	1.010379283
41.0695	1.008257011
41.0995	1.003666424
41.1295	0.997891554
41.1595	0.992533801
41.1895	0.989167537
41.2195	0.988802119
41.2495	0.991689871
41.2795	0.996958855
41.3095	1.003033075
41.3395	1.00813991
41.3695	1.010789907
41.3995	1.0102212
41.4295	1.006636949
41.4595	1.001133374
41.4895	0.995345065
41.5195	0.990987965
41.5495	0.98935856
41.5795	0.99092145
41.6095	0.995190154
41.6395	1.000879044
41.6695	1.006296985
41.6995	1.009850881
41.7295	1.010496715
41.7595	1.008049596
41.7895	1.003249343
41.8195	0.997512365
41.8495	0.992463166
41.8795	0.989585237
41.9095	0.989712715
41.9395	0.995197266
41.9695	0.999413646
41.9995	1.004581444
42.0295	1.008873956
42.0595	1.010880681
42.0895	1.009953645
42.1195	1.006348559
42.1495	1.001156751
42.1795	0.995915502
42.2095	0.992186695
42.2395	0.99107073
42.2695	0.992894064
42.2995	0.997090784
42.3295	1.002409732
42.3595	1.00726374
42.3895	1.010235384
42.4195	1.010461642
42.4495	1.007927318
42.4795	1.003391565
42.5095	0.998213667
42.5395	0.993904685
42.5695	0.99173649
42.5995	0.99232918
42.6295	0.99548959
42.6595	1.000248902
42.6895	1.005198496
42.7195	1.00886547
42.7495	1.01015708
42.7795	1.008700815
42.8095	1.004950068
42.8395	0.999933936
42.8695	0.995118989
42.8995	0.99191724
42.9295	0.991379584
42.9595	0.993783143
42.9895	0.998405268
43.0195	1.003855601
43.0495	1.008515735
43.0795	1.011013107
43.1095	1.010638117
43.1395	1.007499288
43.1695	1.002543457
43.1995	0.99723802
43.2295	0.993127776
43.2595	0.991367707
43.2895	0.992469956
43.3195	0.996089574
43.3495	1.001201315
43.3795	1.006280625
43.4095	1.010934605
43.4395	1.012658341
43.4695	1.011250496
43.4995	1.00627222
43.5295	1.000529326
43.5595	0.995457099
43.5895	0.992348643
43.6195	0.991942216
43.6495	0.99416813
43.6795	0.998291041
43.7095	1.003082067
43.7395	1.008322645
43.7695	1.011373466
43.7995	1.011591965
43.8295	1.009122987
43.8595	1.003635369
43.8895	0.998032666
43.9195	0.993718066
43.9495	0.991752777
43.9795	0.992544975
44.0095	0.995783977
44.0395	1.000484352
44.0695	1.008675408
44.0995	1.01167052
44.1295	1.012449004
44.1595	1.010664364
44.1895	1.006782693
44.2195	1.001897255
44.2495	0.994059251
44.2795	0.991837223
44.3095	0.99199829
44.3395	0.994497461
44.3695	0.999734746
44.3995	1.005066968
44.4295	1.009265994
44.4595	1.011433244
44.4895	1.011119479
44.5195	1.008488786
44.5495	1.004388528
44.5795	1.000027897
44.6095	0.996719123
44.6395	0.995305067
44.6695	0.996172779
44.6995	0.999023569
44.7295	1.003062748
44.7595	1.00712459
44.7895	1.010032969
44.8195	1.010926266
44.8495	1.009619796
44.8795	1.006495258
44.9095	1.002509479
44.9395	0.998834689
44.9695	0.99549144
44.9995	0.994593968
45.0295	0.996220682
45.0595	1.000749703
45.0895	1.005577739
45.1195	1.009408838
45.1495	1.011237408
45.1795	1.010655055
45.2095	1.00682325
45.2395	1.002255979
45.2695	0.998105139
45.2995	0.99534659
45.3295	0.994551294
45.3595	0.995724272
45.3895	0.998478818
45.4195	1.001975737
45.4495	1.005201229
45.4795	1.007202436
45.5095	1.007403189
45.5395	1.00555722
45.5695	1.002158898
45.5995	0.998210548
45.6295	0.995061769
45.6595	0.993868673
45.6895	0.994977642
45.7195	0.998007975
45.7495	1.001884054
45.7795	1.005439943
45.8095	1.007631934
45.8395	1.007833599
45.8695	1.006008326
45.8995	1.002700193
45.9295	0.998901964
45.9595	0.995736602
45.9895	0.994139198
46.0195	0.994570643
46.0495	0.996926291
46.0795	1.000490794
46.1095	1.004203284
46.1395	1.006738851
46.1695	1.007283059
46.1995	1.005678218
46.2295	1.002552127
46.2595	0.999017044
46.2895	0.996672311
46.3195	0.994564543
46.3495	0.994475584
46.3795	0.996233538
46.4095	0.99916692
46.4395	1.002382087
46.4695	1.004897243
46.4995	1.005952484
46.5295	1.005194505
46.5595	1.00280734
46.5895	0.999500532
46.6195	0.996249697
46.6495	0.993962169
46.6795	0.993307085
46.7095	0.994461084
46.7395	0.9970519
46.7695	1.000291472
46.7995	1.003219794
46.8295	1.004978697
46.8595	1.005070832
46.8895	1.003475951
46.9195	1.000678016
46.9495	0.997507501
46.9795	0.9949059
47.0095	0.993633532
47.0395	0.994006578
47.0695	0.995879959
47.0995	0.998690961
47.1295	1.001622737
47.1595	1.003845006
47.1895	1.004704616
47.2195	1.003996589
47.2495	1.00212867
47.2795	0.999676428
47.3095	0.997369345
47.3395	0.995811839
47.3695	0.995430781
47.3995	0.996337342
47.4295	0.998227265
47.4595	1.000505257
47.4895	1.00249513
47.5195	1.00361425
47.5495	1.003519515
47.5795	1.002251539
47.6095	1.000191769
47.6395	0.998031676
47.6695	0.996434538
47.6995	0.995874993
47.7295	0.996477221
47.7595	0.9980157
47.7895	1.000028075
47.8195	1.001940126
47.8495	1.00328524
47.8795	1.003682251
47.9095	1.003023361
47.9395	1.001613451
47.9695	0.9999087
47.9995	0.998423346
48.0295	0.997519827
48.0595	0.997365385
48.0895	0.997999239
48.1195	0.999229113
48.1495	1.000662374
48.1795	1.001877372
48.2095	1.002515243
48.2395	1.002444091
48.2695	1.001704299
48.2995	1.000522746
48.3295	0.999256248
48.3595	0.998292825
48.3895	0.99791265
48.4195	0.998207801
48.4495	0.998976259
48.4795	0.999983792
48.5095	1.000926745
48.5395	1.001622493
48.5695	1.001895729
48.5995	1.0016711
48.6295	1.000989004
48.6595	1.000021442
48.6895	0.999051112
48.7195	0.998378168
48.7495	0.99826367
48.7795	0.998742781
48.8095	0.999664464
48.8395	1.000620431
48.8695	1.001276069
48.8995	1.001438714
48.9295	1.001176233
48.9595	1.000728664
48.9895	1.000227029
49.0195	0.99980258
49.0495	0.9994661
49.0795	0.999312278
49.1095	0.999381375
49.1395	0.999751072
49.1695	1.000340756
49.1995	1.000978053
49.2295	1.001400237
49.2595	1.001390579
49.2895	1.000949716
49.3195	1.000198245
49.3495	0.999284526
49.3795	0.998475087
49.4095	0.998002262
49.4395	0.998089217
49.4695	0.998730801
49.4995	0.999734703
49.5295	1.000766255
49.5595	1.001479994
49.5895	1.001662347
49.6195	1.001248849
49.6495	1.000279463
49.6795	0.999039412
49.7095	0.99789081
49.7395	0.997252315
49.7695	0.997331705
49.7995	0.99810189
49.8295	0.99932254
49.8595	1.000626528
49.8895	1.001625089
49.9195	1.002043483
49.9495	1.001842749
49.9795	1.001094654
50.0095	1.00002227
50.0395	0.998872655
50.0695	0.997957892
50.0995	0.997549859
50.1295	0.997746272
50.1595	0.998465158
50.1895	0.999487913
50.2195	1.000534711
50.2495	1.001410044
50.2795	1.001867854
50.3095	1.00177632
50.3395	1.0011073
50.3695	1.000039768
50.3995	0.998896305
50.4295	0.998055776
50.4595	0.997824735
50.4895	0.99826829
50.5195	0.999254286
50.5495	1.001948614
50.5795	1.002993875
50.6095	1.003504429
50.6395	1.003370163
50.6695	1.002608042
50.6995	1.001432234
50.7295	1.00013867
50.7595	0.999076184
50.7895	0.998535194
50.8195	0.998695617
50.8495	0.999601998
50.8795	1.000997856
50.9095	1.002459461
50.9395	1.003458977
50.9695	1.003659207
50.9995	1.003017301
51.0295	1.001755846
51.0595	1.000311157
51.0895	0.999102569
51.1195	0.998488009
51.1495	0.998589602
51.1795	0.999380065
51.2095	1.000612028
51.2395	1.002007899
51.2695	1.003172975
51.2995	1.00377642
51.3295	1.00359918
51.3595	1.002660627
51.3895	1.001232725
51.4195	0.999731441
51.4495	0.998491971
51.4795	0.997880848
51.5095	0.998062436
51.5395	0.999105631
51.5695	1.000726626
51.5995	1.002451693
51.6295	1.003779639
51.6595	1.004355914
51.6895	1.004006521
51.7195	1.002801613
51.7495	1.000825554
51.7795	0.998658576
51.8095	0.996927622
51.8395	0.996344494
51.8695	0.997129205
51.8995	0.999047879
51.9295	1.001558577
51.9595	1.00398332
51.9895	1.005599273
52.0195	1.005925712
52.0495	1.004754529
52.0795	1.002444139
52.1095	0.999672771
52.1395	0.997308992
52.1695	0.996051561
52.1995	0.996273045
52.2295	0.99783722
52.2595	1.000213277
52.2895	1.00268192
52.3195	1.004533808
52.3495	1.005285207
52.3795	1.004733812
52.4095	1.003041861
52.4395	1.000750928
52.4695	0.998540893
52.4995	0.997073382
52.5295	0.996757449
52.5595	0.997673625
52.5895	0.999533123
52.6195	1.001780501
52.6495	1.003693467
52.6795	1.004716482
52.7095	1.004545135
52.7395	1.003319563
52.7695	1.001424743
52.7995	0.999434608
52.8295	0.997953766
52.8595	0.997459067
52.8895	0.99808323
52.9195	0.999630872
52.9495	1.001552507
52.9795	1.003284632
53.0095	1.004308785
53.0395	1.004322035
53.0695	1.003313575
53.0995	1.001597132
53.1295	0.999645174
53.1595	0.998004275
53.1895	0.99714709
53.2195	0.997350317
53.2495	0.998650513
53.2795	1.000671273
53.3095	1.002802595
53.3395	1.004317569
53.3695	1.004728155
53.3995	1.003929226
53.4295	1.002217862
53.4595	1.000197965
53.4895	0.998460798
53.5195	0.997549664
53.5495	0.997838334
53.5795	0.999251352
53.6095	1.001355862
53.6395	1.003301501
53.6695	1.004425994
53.6995	1.004410995
53.7295	1.003237097
53.7595	1.001236908
53.7895	0.998994307
53.8195	0.99718584
53.8495	0.996368875
53.8795	0.996786105
53.9095	0.998294602
53.9395	1.000449449
53.9695	1.002599756
53.9995	1.004118169
54.0295	1.004648624
54.0595	1.004180181
54.0895	1.002851608
54.1195	1.001060262
54.1495	0.999268295
54.1795	0.998012
54.2095	0.997651388
54.2395	0.99832867
54.2695	0.999840213
54.2995	1.001744064
54.3295	1.00344001
54.3595	1.004401171
54.3895	1.004341168
54.4195	1.003286812
54.4495	1.00150914
54.4795	0.999544052
54.5095	0.997963567
54.5395	0.997237939
54.5695	0.997565467
54.5995	0.998849518
54.6295	1.000705895
54.6595	1.002605603
54.6895	1.003978877
54.7195	1.0044457
54.7495	1.003936992
54.7795	1.002622332
54.8095	1.001484763
54.8395	0.999081911
54.8695	0.997396445
54.8995	0.996758302
54.9295	0.99723616
54.9595	0.998660597
54.9895	1.00053862
55.0195	1.002278104
55.0495	1.003203274
55.0795	1.003049951
55.1095	1.001852345
55.1395	1.00011134
55.1695	0.998371983
55.1995	0.997164828
55.2295	0.996805757
55.2595	0.997381868
55.2895	0.998700287
55.3195	1.000373636
55.3495	1.001843681
55.3795	1.002690702
55.4095	1.002652491
55.4395	1.001800879
55.4695	1.000389884
55.4995	0.99885516
55.5295	0.997608071
55.5595	0.996994589
55.5895	0.997174472
55.6195	0.998085524
55.6495	0.999339411
55.6795	1.00057152
55.7095	1.001402757
55.7395	1.001853777
55.7695	1.00186536
55.7995	1.001455726
55.8295	1.000684832
55.8595	0.999732119
55.8895	0.99886611
55.9195	0.998373851
55.9495	0.998465481
55.9795	0.999132076
56.0095	1.000159395
56.0395	1.00115983
56.0695	1.001790089
56.0995	1.001882856
56.1295	1.001474349
56.1595	1.000804979
56.1895	1.000062245
56.2195	0.999470995
56.2495	0.999118593
56.2795	0.999121076
56.3095	0.999459794
56.3395	0.999961899
56.3695	1.000432773
56.3995	1.000747933
56.4295	1.000828285
56.4595	1.000705051
56.4895	1.000400795
56.5195	0.999993347
56.5495	0.999434083
56.5795	0.998893876
56.6095	0.998514727
56.6395	0.998572343
56.6695	0.999082785
56.6995	0.999907112
56.7295	1.000731028
56.7595	1.001254227
56.7895	1.001307448
56.8195	1.000884678
56.8495	1.00006046
56.8795	0.999091403
56.9095	0.998248609
56.9395	0.997929482
56.9695	0.998256099
56.9995	0.999142946
57.0295	1.000271712
57.0595	1.001271668
57.0895	1.001833166
57.1195	1.00183592
57.1495	1.001419869
57.1795	1.000735102
57.2095	0.999971694
57.2395	0.999190892
57.2695	0.998546019
57.2995	0.998239832
57.3295	0.998363711
57.3595	0.998917749
57.3895	0.999719393
57.4195	1.000556829
57.4495	1.001237494
57.4795	1.00158014
57.5095	1.001474545
57.5395	1.001107178
57.5695	1.00062359
57.5995	1.000186325
57.6295	0.999846937
57.6595	0.999633686
57.6895	0.999595536
57.7195	0.999733974
57.7495	0.999859642
57.7795	0.999942313
57.8095	0.999942549
57.8395	1.000007156
57.8695	1.000147817
57.8995	1.000337959
57.9295	1.000506177
57.9595	1.000616647
57.9895	1.0006238
58.0195	1.000538804
58.0495	1.000357293
58.0795	1.002897956
58.1095	1.002489138
58.1395	1.002136884
58.1695	1.001951004
58.1995	1.001954399
58.2295	1.001987513
58.2595	1.001885792
58.2895	1.001635318
58.3195	1.001300299
58.3495	1.000942082
58.3795	1.000669941
58.4095	1.000546382
58.4395	1.000702595
58.4695	1.001105459
58.4995	1.001645253
58.5295	1.002113195
58.5595	1.002336407
58.5895	1.002235521
58.6195	1.001861742
58.6495	1.001362474
58.6795	1.000899345
58.7095	1.000596076
58.7395	1.000605383
58.7695	1.000927723
58.7995	1.00147858
58.8295	1.002113449
58.8595	1.002700245
58.8895	1.003055655
58.9195	1.003066783
58.9495	1.002590317
58.9795	1.001776196
59.0095	1.000851891
59.0395	1.000024609
59.0695	0.999496565
59.0995	0.999431365
59.1295	0.999986395
59.1595	1.001214174
59.1895	1.002739053
59.2195	1.004091687
59.2495	1.004681827
59.2795	1.004345511
59.3095	1.003176766
59.3395	1.001638933
59.3695	1.000212164
59.3995	0.999332254
59.4295	0.999170342
59.4595	0.999682992
59.4895	1.000701136
59.5195	1.001960563
59.5495	1.003227135
59.5795	1.004149123
59.6095	1.004446479
59.6395	1.00589537
59.6695	1.003965041
59.6995	1.002047605
59.7295	1.000422206
59.7595	0.999388787
59.7895	0.999165707
59.8195	0.999807527
59.8495	1.001224429
59.8795	1.003003361
59.9095	1.004611517
59.9395	1.005475969
59.9695	1.005304196
59.9995	1.004160804
60.0295	1.002433833
60.0595	1.000711872
60.0895	0.999497478
60.1195	0.999136922
60.1495	0.999636164
60.1795	1.000842789
60.2095	1.002386883
60.2395	1.003829042
60.2695	1.004741159
60.2995	1.004863357
60.3295	1.004205854
60.3595	1.003039023
60.3895	1.001705101
60.4195	1.00062613
60.4495	1.000219233
60.4795	1.000614635
60.5095	1.001686936
60.5395	1.003106551
60.5695	1.004442228
60.5995	1.005310009
60.6295	1.005414853
60.6595	1.004688527
60.6895	1.003345273
60.7195	1.001779431
60.7495	1.00037395
60.7795	0.999545008
60.8095	0.999525239
60.8395	1.000328647
60.8695	1.001706929
60.8995	1.003254161
60.9295	1.004508005
60.9595	1.005110673
60.9895	1.004881067
61.0195	1.003897334
61.0495	1.002443118
61.0795	1.000956004
61.1095	0.999866448
61.1395	0.999437979
61.1695	0.999762621
61.1995	1.000742821
61.2295	1.002137572
61.2595	1.003620466
61.2895	1.004746457
61.3195	1.005193024
61.3495	1.004830081
61.3795	1.003777202
61.4095	1.002342975
61.4395	1.006690253
61.4695	1.006607335
61.4995	1.006762467
61.5295	1.007462743
61.5595	1.008713937
61.5895	1.010215971
61.6195	1.011578284
61.6495	1.012422063
61.6795	1.012517671
61.7095	1.011827251
61.7395	1.010678796
61.7695	1.00943718
61.7995	1.008485185
61.8295	1.008011785
61.8595	1.008064123
61.8895	1.008609279
61.9195	1.009503419
61.9495	1.010503152
61.9795	1.011328838
62.0095	1.011724198
62.0395	1.011516433
62.0695	1.010731723
62.0995	1.009618223
62.1295	1.008456103
62.1595	1.007552999
62.1895	1.007157295
62.2195	1.00738984
62.2495	1.008143364
62.2795	1.00920118
62.3095	1.010232408
62.3395	1.010979359
62.3695	1.011219871
62.3995	1.010898047
62.4295	1.010068494
62.4595	1.008952613
62.4895	1.007865392
62.5195	1.007132269
62.5495	1.006917427
62.5795	1.007289331
62.6095	1.008116675
62.6395	1.009137144
62.6695	1.010022774
62.6995	1.01052327
62.7295	1.010530746
62.7595	1.010128996
62.7895	1.009425566
62.8195	1.00865391
62.8495	1.0080869
62.8795	1.007907849
62.9095	1.008154056
62.9395	1.008664552
62.9695	1.009239613
62.9995	1.009722055
63.0295	1.01000128
63.0595	1.010069355
63.0895	1.009896285
63.1195	1.009573804
63.1495	1.009316746
63.1795	1.009224487
63.2095	1.009315778
63.2395	1.009569769
63.2695	1.009898769
63.2995	1.010223474
63.3295	1.010458554
63.3595	1.010578075
63.3895	1.010540283
63.4195	1.010340762
63.4495	1.009840142
63.4795	1.009193928
63.5095	1.00858198
63.5395	1.008279075
63.5695	1.008388857
63.5995	1.00889113
63.6295	1.009548259
63.6595	1.010078173
63.6895	1.010311518
63.7195	1.010224487
63.7495	1.010000633
63.7795	1.0097296
63.8095	1.009480606
63.8395	1.009237387
63.8695	1.009023787
63.8995	1.00891499
63.9295	1.00898869
63.9595	1.009313962
63.9895	1.009781836
64.0195	1.010259622
64.0495	1.010553499
64.0795	1.010589175
64.1095	1.010347002
64.1395	1.010025683
64.1695	1.009748252
64.1995	1.009611411
64.2295	1.009608676
64.2595	1.009706572
64.2895	1.009863831
64.3195	1.010021017
64.3495	1.009979762
64.3795	1.00975709
64.4095	1.009404341
64.4395	1.009076754
64.4695	1.008869679
64.4995	1.008853207
64.5295	1.008982294
64.5595	1.009182339
64.5895	1.009377558
64.6195	1.009527977
64.6495	1.009623376
64.6795	1.009647678
64.7095	1.009580849
64.7395	1.009542879
64.7695	1.009562194
64.7995	1.009644593
64.8295	1.009748464
64.8595	1.009849007
64.8895	1.009904258
64.9195	1.00992724
64.9495	1.009991792
64.9795	1.010096667
65.0095	1.010198564
65.0395	1.010114189
65.0695	1.009799993
65.0995	1.009360359
65.1295	1.008962114
65.1595	1.00880001
65.1895	1.008908161
65.2195	1.009277859
65.2495	1.00985826
65.2795	1.010493399
65.3095	1.010984498
65.3395	1.011112246
65.3695	1.010799775
65.3995	1.010154104
65.4295	1.009374874
65.4595	1.008729929
65.4895	1.008397485
65.5195	1.00849913
65.5495	1.009062767
65.5795	1.009935868
65.6095	1.010847812
65.6395	1.011432689
65.6695	1.011471406
65.6995	1.01096775
65.7295	1.009966822
65.7595	1.008650699
65.7895	1.007393763
65.8195	1.006584912
65.8495	1.006503861
65.8795	1.007180496
65.9095	1.008396493
65.9395	1.009880173
65.9695	1.011207046
65.9995	1.011997901
66.0295	1.012099591
66.0595	1.011616729
66.0895	1.01068808
66.1195	1.009598388
66.1495	1.008621297
66.1795	1.00805718
66.2095	1.008059485
66.2395	1.008528976
66.2695	1.009276256
66.2995	1.010090362
66.3295	1.01072041
66.3595	1.010994726
66.3895	1.010823564
66.4195	1.010252262
66.4495	1.009334121
66.4795	1.008346856
66.5095	1.007571691
66.5395	1.007476317
66.5695	1.008153238
66.5995	1.009411581
66.6295	1.010863435
66.6595	1.012087677
66.6895	1.012717253
66.7195	1.01257189
66.7495	1.011618623
66.7795	1.010153803
66.8095	1.008601815
66.8395	1.007340832
66.8695	1.006698033
66.8995	1.006868818
66.9295	1.007781198
66.9595	1.009165594
66.9895	1.010597123
67.0195	1.011689014
67.0495	1.012253747
67.0795	1.012147312
67.1095	1.011395854
67.1395	1.010156256
67.1695	1.0087591
67.1995	1.007628536
67.2295	1.007041168
67.2595	1.007117833
67.2895	1.007817499
67.3195	1.008950226
67.3495	1.010235472
67.3795	1.011305667
67.4095	1.011834142
67.4395	1.011619322
67.4695	1.010696706
67.4995	1.009351771
67.5295	1.008017004
67.5595	1.007156535
67.5895	1.007009913
67.6195	1.007627621
67.6495	1.008821229
67.6795	1.010245301
67.7095	1.011466455
67.7395	1.012083113
67.7695	1.01188795
67.7995	1.010953675
67.8295	1.00955468
67.8595	1.008123968
67.8895	1.007072627
67.9195	1.006716596
67.9495	1.007135598
67.9795	1.008209566
68.0095	1.009606275
68.0395	1.01099334
68.0695	1.011976259
68.0995	1.012279666
68.1295	1.011766716
68.1595	1.01054853
68.1895	1.008978458
68.2195	1.007561676
68.2495	1.006863577
68.2795	1.007105974
68.3095	1.008203493
68.3395	1.009787332
68.3695	1.011360838
68.3995	1.012472434
68.4295	1.01271085
68.4595	1.011918791
68.4895	1.010325102
68.5195	1.008423598
68.5495	1.006816489
68.5795	1.005988531
68.6095	1.00616803
68.6395	1.007276069
68.6695	1.008957886
68.6995	1.010722124
68.7295	1.012018305
68.7595	1.012452319
68.7895	1.011890398
68.8195	1.010509783
68.8495	1.008690539
68.8795	1.006979818
68.9095	1.005870737
68.9395	1.005753343
68.9695	1.006664262
68.9995	1.00833681
69.0295	1.010298124
69.0595	1.012026709
69.0895	1.013006256
69.1195	1.012955384
69.1495	1.011835285
69.1795	1.009991881
69.2095	1.007967376
69.2395	1.006571795
69.2695	1.006275528
69.2995	1.007173839
69.3295	1.008915455
69.3595	1.002138772
69.3895	1.004366153
69.4195	1.005601003
69.4495	1.005657535
69.4795	1.004669733
69.5095	1.003004528
69.5395	1.001189028
69.5695	0.999759673
69.5995	0.999167675
69.6295	0.999533711
69.6595	1.000710493
69.6895	1.002327536
69.7195	1.003936307
69.7495	1.005133253
69.7795	1.005589669
69.8095	1.005162287
69.8395	1.004092882
69.8695	1.002718823
69.8995	1.001467458
69.9295	1.000610292
69.9595	1.000304258
69.9895	1.000618683
70.0195	1.001459081
70.0495	1.002486117
70.0795	1.003405887
70.1095	1.003930519
70.1395	1.004082889
70.1695	1.003859137
70.1995	1.003344878
70.2295	1.002646921
70.2595	1.001947171
70.2895	1.001435456
70.3195	1.001279155
70.3495	1.001515819
70.3795	1.002088866
70.4095	1.002810276
70.4395	1.003501777
70.4695	1.0039499
70.4995	1.004039849
70.5295	1.003780475
70.5595	1.003332896
70.5895	1.002816085
70.6195	1.002366525
70.6495	1.001916141
70.6795	1.001602852
70.7095	1.00149866
70.7395	1.001666891
70.7695	1.002044468
70.7995	1.002531593
70.8295	1.002995109
70.8595	1.003351951
70.8895	1.003480547
70.9195	1.00337019
70.9495	1.003098393
70.9795	1.002765172
71.0095	1.00245203
71.0395	1.00212043
71.0695	1.001800349
71.0995	1.001598706
71.1295	1.001507656
71.1595	1.001501397
71.1895	1.00156018
71.2195	1.001702912
71.2495	1.002010126
71.2795	1.002410167
71.3095	1.002767343
71.3395	1.002942705
71.3695	1.002852041
71.3995	1.002537451
71.4295	1.002146618
71.4595	1.001904297
71.4895	1.001866935
71.5195	1.002029419
71.5495	1.00215671
71.5795	1.002217125
71.6095	1.002174936
71.6395	1.002046663
71.6695	1.001850021
71.6995	1.001656766
71.7295	1.001573852
71.7595	1.001728888
71.7895	1.002060707
71.8195	1.002463293
71.8495	1.002675375
71.8795	1.002644209
71.9095	1.002365666
71.9395	1.002043779
71.9695	1.001796107
71.9995	1.001712283
72.0295	1.001802898
72.0595	1.002057062
72.0895	1.002386209
72.1195	1.00275921
72.1495	1.00332033
72.1795	1.003938033
72.2095	1.004422428
72.2395	1.004490146
72.2695	1.004058843
72.2995	1.003278829
72.3295	1.002355338
72.3595	1.001558061
72.3895	1.001109726
72.4195	1.001130306
72.4495	1.001448004
72.4795	1.00197405
72.5095	1.00253398
72.5395	1.002905348
72.5695	1.008707191
72.5995	1.00931378
72.6295	1.009300265
72.6595	1.009193006
72.6895	1.009197867
72.7195	1.009433748
72.7495	1.009997385
72.7795	1.01074838
72.8095	1.011456685
72.8395	1.011614564
72.8695	1.01106265
72.8995	1.009969734
72.9295	1.00870777
72.9595	1.007731666
72.9895	1.007317899
73.0195	1.007586294
73.0495	1.008424443
73.0795	1.009584787
73.1095	1.010714115
73.1395	1.011578441
73.1695	1.011948615
73.1995	1.011726014
73.2295	1.010982405
73.2595	1.009960488
73.2895	1.008956919
73.3195	1.008269703
73.3495	1.008061689
73.3795	1.008396152
73.4095	1.00916209
73.4395	1.010121034
73.4695	1.010974837
73.4995	1.011478094
73.5295	1.011443756
73.5595	1.010847838
73.5895	1.009860056
73.6195	1.008791455
73.6495	1.008015839
73.6795	1.007769032
73.7095	1.008110974
73.7395	1.008865294
73.7695	1.009770418
73.7995	1.010562164
73.8295	1.011040229
73.8595	1.011127277
73.8895	1.010792054
73.9195	1.010116344
73.9495	1.009152267
73.9795	1.008183261
74.0095	1.007484854
74.0395	1.007342691
74.0695	1.007811823
74.0995	1.008754491
74.1295	1.009888151
74.1595	1.010893003
74.1895	1.011465608
74.2195	1.011448066
74.2495	1.010851024
74.2795	1.009861866
74.3095	1.011155267
74.3395	1.010170071
74.3695	1.009591365
74.3995	1.009640314
74.4295	1.010257557
74.4595	1.011212868
74.4895	1.012175904
74.5195	1.012836834
74.5495	1.012944395
74.5795	1.012467394
74.6095	1.011539791
74.6395	1.010543959
74.6695	1.009802219
74.6995	1.009542373
74.7295	1.009766765
74.7595	1.010326846
74.7895	1.011047968
74.8195	1.011734617
74.8495	1.012233919
74.8795	1.012411548
74.9095	1.012209421
74.9395	1.011529037
74.9695	1.01050816
74.9995	1.009455593
75.0295	1.008837209
75.0595	1.009058906
75.0895	1.010046277
75.1195	1.011490011
75.1495	1.012827862
75.1795	1.013669132
75.2095	1.013763053
75.2395	1.01311002
75.2695	1.011907074
75.2995	1.010522014
75.3295	1.009382813
75.3595	1.00886441
75.3895	1.009111004
75.4195	1.010037424
75.4495	1.011270538
75.4795	1.012447566
75.5095	1.013213825
75.5395	1.013337319
75.5695	1.012773145
75.5995	1.011698922
75.6295	1.010470681
75.6595	1.009516555
75.6895	1.009110373
75.7195	1.009374974
75.7495	1.010214946
75.7795	1.011385345
75.8095	1.012531575
75.8395	1.013313186
75.8695	1.01349203
75.8995	1.008657172
75.9295	1.00815486
75.9595	1.007040185
75.9895	1.005878536
76.0195	1.005114838
76.0495	1.004923078
76.0795	1.005361539
76.1095	1.00626962
76.1395	1.00746946
76.1695	1.008613608
76.1995	1.009371381
76.2295	1.009442709
76.2595	1.008738679
76.2895	1.007455106
76.3195	1.006001145
76.3495	1.004881731
76.3795	1.004441189
76.4095	1.004790508
76.4395	1.005791292
76.4695	1.007114297
76.4995	1.008377738
76.5295	1.009185379
76.5595	1.009301358
76.5895	1.008681015
76.6195	1.00753452
76.6495	1.006250197
76.6795	1.00522325
76.7095	1.004741451
76.7395	1.004911981
76.7695	1.005650943
76.7995	1.006747672
76.8295	1.007840239
76.8595	1.008588895
76.8895	1.008760447
76.9195	1.008344822
76.9495	1.007593257
76.9795	1.006750382
77.0095	1.006053445
77.0395	1.00558961
77.0695	1.005436105
77.0995	1.005647702
77.1295	1.006189196
77.1595	1.006968793
77.1895	1.007742827
77.2195	1.008273658
77.2495	1.00827089
77.2795	1.007744569
77.3095	1.006839752
77.3395	1.005892398
77.3695	1.005188405
77.3995	1.004946523
77.4295	1.005230743
77.4595	1.005977129
77.4895	1.006950543
77.5195	1.007884127
77.5495	1.008538069
77.5795	1.00873821
77.6095	1.008419711
77.6395	1.007745606
77.6695	1.006925652
77.6995	1.006219059
77.7295	1.005764954
77.7595	1.005630552
77.7895	1.005842282
77.8195	1.006380216
77.8495	1.007243818
77.8795	1.008200745
77.9095	1.008960507
77.9395	1.009239884
77.9695	1.008924781
77.9995	1.008127509
78.0295	1.007055756
78.0595	1.00601347
78.0895	1.005297517
78.1195	1.005128348
78.1495	1.00552943
78.1795	1.006390672
78.2095	1.007445378
78.2395	1.008543531
78.2695	1.009403121
78.2995	1.009788324
78.3295	1.009473552
78.3595	1.008427707
78.3895	1.006951697
78.4195	1.005529861
78.4495	1.004757461
78.4795	1.004881339
78.5095	1.005849614
78.5395	1.007330906
78.5695	1.00885562
78.5995	1.00998655
78.6295	1.010345507
78.6595	1.009795365
78.6895	1.008491622
78.7195	1.006838959
78.7495	1.005338492
78.7795	1.004443992
78.8095	1.004400514
78.8395	1.005086168
78.8695	1.006230092
78.8995	1.007497997
78.9295	1.008540702
78.9595	1.00911621
78.9895	1.009042919
79.0195	1.008358546
79.0495	1.007272891
79.0795	1.006118632
79.1095	1.005224389
79.1395	1.004975509
79.1695	1.005467777
79.1995	1.006562261
79.2295	1.007927587
79.2595	1.009180573
79.2895	1.009941731
79.3195	1.00999278
79.3495	1.009260903
79.3795	1.00797617
79.4095	1.006507785
79.4395	1.005191759
79.4695	1.004364443
79.4995	1.004275042
79.5295	1.004916475
79.5595	1.006083773
79.5895	1.007413522
79.6195	1.008537124
79.6495	1.009203629
79.6795	1.009234007
79.7095	1.008611742
79.7395	1.007514187
79.7695	1.006249124
79.7995	1.005201525
79.8295	1.004717684
79.8595	1.005015109
79.8895	1.005990805
79.9195	1.007358701
79.9495	1.008670455
79.9795	1.009550365
80.0095	1.009731362
80.0395	1.0091361
80.0695	1.007921059
80.0995	1.006460613
80.1295	1.005209021
80.1595	1.004589202
80.1895	1.004770785
80.2195	1.005691355
80.2495	1.006976969
80.2795	1.008252788
80.3095	1.009129731
80.3395	1.009262101
80.3695	1.008569116
80.3995	1.007269641
80.4295	1.005832813
80.4595	1.004820133
80.4895	1.004518807
80.5195	1.005037238
80.5495	1.006270892
80.5795	1.007867635
80.6095	1.009347474
80.6395	1.010331561
80.6695	1.010541343
80.6995	1.009935909
80.7295	1.008615724
80.7595	1.006885836
80.7895	1.00525019
80.8195	1.004258284
80.8495	1.004490107
80.8795	1.005900088
80.9095	1.008055548
80.9395	1.009922725
80.9695	1.01080248
80.9995	1.010450225
81.0295	1.009036475
81.0595	1.007089647
81.0895	1.005176263
81.1195	1.003863273
81.1495	1.003483286
81.1795	1.004148574
81.2095	1.00564329
81.2395	1.007605068
81.2695	1.009466315
81.2995	1.010688735
81.3295	1.010847106
81.3595	1.0098334
81.3895	1.007941309
81.4195	1.005762494
81.4495	1.004037153
81.4795	1.003286466
81.5095	1.003713929
81.5395	1.005124234
81.5695	1.007057525
81.5995	1.008947331
81.6295	1.0102204
81.6595	1.010509051
81.6895	1.009722153
81.7195	1.008111322
81.7495	1.006169023
81.7795	1.00448034
81.8095	1.003530968
81.8395	1.003644423
81.8695	1.004781988
81.8995	1.006609762
81.9295	1.008551765
81.9595	1.01001602
81.9895	1.010562742
82.0195	1.010041082
82.0495	1.008573588
82.0795	1.006606842
82.1095	1.004714055
82.1395	1.003537242
82.1695	1.003434506
82.1995	1.004439023
82.2295	1.006195629
82.2595	1.00813565
82.2895	1.009674474
82.3195	1.010352947
82.3495	1.009871478
82.3795	1.008383043
82.4095	1.006323319
82.4395	1.004507399
82.4695	1.003527812
82.4995	1.003680333
82.5295	1.004803433
82.5595	1.00643466
82.5895	1.008077715
82.6195	1.009273579
82.6495	1.009754812
82.6795	1.009399472
82.7095	1.008310589
82.7395	1.006872307
82.7695	1.005519847
82.7995	1.004664233
82.8295	1.004563285
82.8595	1.005275137
82.8895	1.006577361
82.9195	1.008053971
82.9495	1.009041488
82.9795	1.009250522
83.0095	1.008614105
83.0395	1.007449505
83.0695	1.006134012
83.0995	1.005067577
83.1295	1.004533198
83.1595	1.004666598
83.1895	1.00541451
83.2195	1.006601377
83.2495	1.008080128
83.2795	1.009436855
83.3095	1.01026732
83.3395	1.010216616
83.3695	1.009255556
83.3995	1.007685656
83.4295	1.006015416
83.4595	1.004815563
83.4895	1.004431322
83.5195	1.004961549
83.5495	1.006117826
83.5795	1.007559099
83.6095	1.008848428
83.6395	1.009616604
83.6695	1.009631574
83.6995	1.008903609
83.7295	1.007673901
83.7595	1.006359557
83.7895	1.005340822
83.8195	1.00493679
83.8495	1.005308575
83.8795	1.00894045
83.9095	1.011065535
83.9395	1.012743087
83.9695	1.013687462
83.9995	1.013788009
84.0295	1.013101176
84.0595	1.011911342
84.0895	1.010572792
84.1195	1.009510642
84.1495	1.009068472
84.1795	1.009389406
84.2095	1.010355404
84.2395	1.011609743
84.2695	1.012734835
84.2995	1.01341325
84.3295	1.013376144
84.3595	1.01258022
84.3895	1.011245436
84.4195	1.009801773
84.4495	1.008771637
84.4795	1.008475099
84.5095	1.008976201
84.5395	1.010025865
84.5695	1.011254108
84.5995	1.012308397
84.6295	1.012934511
84.6595	1.013063075
84.6895	1.012643115
84.7195	1.011827879
84.7495	1.010905761
84.7795	1.010168222
84.8095	1.009816703
84.8395	1.00991835
84.8695	1.010407711
84.8995	1.011152523
84.9295	1.011905548
84.9595	1.012445867
84.9895	1.012599711
85.0195	1.012354405
85.0495	1.011853659
85.0795	1.011267143
85.1095	1.0107533
85.1395	1.010340453
85.1695	1.010086505
85.1995	1.010078589
85.2295	1.01035202
85.2595	1.010906511
85.2895	1.011561733
85.3195	1.012117118
85.3495	1.012276702
85.3795	1.012003884
85.4095	1.011365631
85.4395	1.010627934
85.4695	1.010014737
85.4995	1.00972072
85.5295	1.009798486
85.5595	1.010214288
85.5895	1.010827689
85.6195	1.011460784
85.6495	1.011858603
85.6795	1.011916352
85.7095	1.011602931
85.7395	1.011019545
85.7695	1.010321789
85.7995	1.009729682
85.8295	1.009491371
85.8595	1.009809028
85.8895	1.010573262
85.9195	1.011570131
85.9495	1.012478179
85.9795	1.013046851
86.0095	1.013096918
86.0395	1.012482422
86.0695	1.011323395
86.0995	1.009979233
86.1295	1.008895702
86.1595	1.008489035
86.1895	1.008861917
86.2195	1.00990711
86.2495	1.011257689
86.2795	1.012526281
86.3095	1.013327219
86.3395	1.013541299
86.3695	1.013131412
86.3995	1.012240275
86.4295	1.01106204
86.4595	1.009881551
86.4895	1.009033973
86.5195	1.008782319
86.5495	1.009184484
86.5795	1.010131634
86.6095	1.01132745
86.6395	1.01248945
86.6695	1.013281997
86.6995	1.013489523
86.7295	1.013023158
86.7595	1.012014555
86.7895	1.010751745
86.8195	1.009622277
86.8495	1.008937758
86.8795	1.008910919
86.9095	1.009530201
86.9395	1.010555284
86.9695	1.011244324
86.9995	1.011532704
87.0295	1.011532468
87.0595	1.011054537
87.0895	1.010114977
87.1195	1.008980547
87.1495	1.008158349
87.1795	1.007898812
87.2095	1.008257921
87.2395	1.009027732
87.2695	1.009928191
87.2995	1.010706234
87.3295	1.0110658
87.3595	1.010842871
87.3895	1.010091586
87.4195	1.009076146
87.4495	1.008240311
87.4795	1.007849639
87.5095	1.008006865
87.5395	1.008806953
87.5695	1.010044299
87.5995	1.011367123
87.6295	1.012297647
87.6595	1.012475546
87.6895	1.011841608
87.7195	1.010608231
87.7495	1.009168278
87.7795	1.007963357
87.8095	1.007335766
87.8395	1.00744369
87.8695	1.008225368
87.8995	1.009457411
87.9295	1.010767934
87.9595	1.011792025
87.9895	1.012217273
88.0195	1.011933857
88.0495	1.011013352
88.0795	1.009743507
88.1095	1.008488545
88.1395	1.007606176
88.1695	1.007333008
88.1995	1.007756611
88.2295	1.008689112
88.2595	1.009802691
88.2895	1.010752327
88.3195	1.011299294
88.3495	1.01143894
88.3795	1.01115326
88.4095	1.010517297
88.4395	1.00959899
88.4695	1.008612138
88.4995	1.007858464
88.5295	1.007617132
88.5595	1.008062918
88.5895	1.009048088
88.6195	1.010288311
88.6495	1.011392292
88.6795	1.012047313
88.7095	1.0120511
88.7395	1.011349847
88.7695	1.010119263
88.7995	1.008736984
88.8295	1.00765425
88.8595	1.007273361
88.8895	1.007691455
88.9195	1.008783623
88.9495	1.010164495
88.9795	1.011434401
89.0095	1.012207865
89.0395	1.012270981
89.0695	1.011598255
89.0995	1.010405114
89.1295	1.008972491
89.1595	1.007651663
89.1895	1.006817864
89.2195	1.006739577
89.2495	1.007509805
89.2795	1.008910016
89.3095	1.010509708
89.3395	1.011772203
89.3695	1.012289226
89.3995	1.011923153
89.4295	1.010854646
89.4595	1.00952092
89.4895	1.008307471
89.5195	1.007559691
89.5495	1.007349145
89.5795	1.007738257
89.6095	1.008595417
89.6395	1.00974995
89.6695	1.010873232
89.6995	1.011645867
89.7295	1.01182575
89.7595	1.011368049
89.7895	1.010401419
89.8195	1.009229135
89.8495	1.00820232
89.8795	1.007635983
89.9095	1.007682878
89.9395	1.008272182
89.9695	1.009192463
89.9995	1.010180212
90.0295	1.011007938
90.0595	1.011545799
90.0895	1.011628403
90.1195	1.011222583
90.1495	1.010303698
90.1795	1.009150896
90.2095	1.008093925
90.2395	1.007481822
90.2695	1.007490001
90.2995	1.008122519
90.3295	1.009241653
90.3595	1.010611603
90.3895	1.011817826
90.4195	1.012477271
90.4495	1.012162472
90.4795	1.01097154
90.5095	1.009247014
90.5395	1.007518002
90.5695	1.006284122
90.5995	1.005914638
90.6295	1.006574146
90.6595	1.008169956
90.6895	1.010213726
90.7195	1.012126169
90.7495	1.013418249
90.7795	1.013730703
90.8095	1.012967646
90.8395	1.011181531
90.8695	1.008828947
90.8995	1.006617154
90.9295	1.005237033
90.9595	1.005168508
90.9895	1.00641134
91.0195	1.008604228
91.0495	1.01110856
91.0795	1.013195584
91.1095	1.014242128
91.1395	1.013911287
91.1695	1.012283051
91.1995	1.00985654
91.2295	1.007272418
91.2595	1.005211606
91.2895	1.004265097
91.3195	1.004742315
91.3495	1.006643334
91.3795	1.009414125
91.4095	1.012219441
91.4395	1.014147434
91.4695	1.014592126
91.4995	1.013441795
91.5295	1.011102418
91.5595	1.008372821
91.5895	1.006052118
91.6195	1.004849257
91.6495	1.005180675
91.6795	1.006954379
91.7095	1.009626292
91.7395	1.012243289
91.7695	1.013965492
91.7995	1.014301259
91.8295	1.013230352
91.8595	1.011195601
91.8895	1.008795423
91.9195	1.00672473
91.9495	1.005428974
91.9795	1.005287838
92.0095	1.006320879
92.0395	1.008134223
92.0695	1.010143098
92.0995	1.011760014
92.1295	1.012614259
92.1595	1.012623593
92.1895	1.011782349
92.2195	1.010327125
92.2495	1.008524766
92.2795	1.006911167
92.3095	1.005953029
92.3395	1.006223431
92.3695	1.007724155
92.3995	1.010018341
92.4295	1.012320398
92.4595	1.013835257
92.4895	1.014113576
92.5195	1.013079372
92.5495	1.010960571
92.5795	1.008395678
92.6095	1.006134155
92.6395	1.004873536
92.6695	1.004976451
92.6995	1.00641223
92.7295	1.008675676
92.7595	1.01102016
92.7895	1.012740712
92.8195	1.013372538
92.8495	1.012892001
92.8795	1.011466517
92.9095	1.009514371
92.9395	1.007587846
92.9695	1.006233308
92.9995	1.005857008
93.0295	1.006521099
93.0595	1.002264394
93.0895	1.003152918
93.1195	1.004354118
93.1495	1.005145745
93.1795	1.005118488
93.2095	1.004195862
93.2395	1.002748445
93.2695	1.001237936
93.2995	1.000114893
93.3295	0.999715707
93.3595	1.000167374
93.3895	1.001333597
93.4195	1.002840538
93.4495	1.0040715
93.4795	1.004659447
93.5095	1.004433416
93.5395	1.003622044
93.5695	1.002520525
93.5995	1.001460254
93.6295	1.000708919
93.6595	1.000430156
93.6895	1.000701135
93.7195	1.001451618
93.7495	1.002514636
93.7795	1.003580767
93.8095	1.00433555
93.8395	1.004589453
93.8695	1.004280171
93.8995	1.003507171
93.9295	1.002461083
93.9595	1.001402016
93.9895	1.000640709
94.0195	1.000407824
94.0495	1.000797378
94.0795	1.001694038
94.1095	1.002827656
94.1395	1.003835914
94.1695	1.004410302
94.1995	1.004386235
94.2295	1.003780951
94.2595	1.00279002
94.2895	1.001706247
94.3195	1.000860876
94.3495	1.000548038
94.3795	1.000861309
94.4095	1.001700384
94.4395	1.002660803
94.4695	1.003401022
94.4995	1.003703088
94.5295	1.003476332
94.5595	1.002790821
94.5895	1.001846528
94.6195	1.000925782
94.6495	1.000313097
94.6795	1.000187086
94.7095	1.000578435
94.7395	1.001467577
94.7695	1.002620181
94.7995	1.003696223
94.8295	1.003972833
94.8595	1.003633545
94.8895	1.003013305
94.9195	1.002085834
94.9495	1.001069757
94.9795	1.000255675
95.0095	0.999881671
95.0395	0.999981967
95.0695	1.000495958
95.0995	1.001285004
95.1295	1.002146252
95.1595	1.002881304
95.1895	1.003269211
95.2195	1.003210051
95.2495	1.002735413
95.2795	1.001997598
95.3095	1.001210392
95.3395	1.000628864
95.3695	1.000422244
95.3995	1.000657824
95.4295	1.001292921
95.4595	1.002193987
95.4895	1.003089231
95.5195	1.003704576
95.5495	1.003745883
95.5795	1.003207824
95.6095	1.002245295
95.6395	1.001112737
95.6695	1.000124413
95.6995	0.999577349
95.7295	0.999641037
95.7595	1.000324044
95.7895	1.001413125
95.8195	1.0026065
95.8495	1.003629829
95.8795	1.004194965
95.9095	1.004134582
95.9395	1.003536007
95.9695	1.002594641
95.9995	1.001600705
96.0295	1.000769162
96.0595	1.000253296
96.0895	1.000195955
96.1195	1.000615894
96.1495	1.001370857
96.1795	1.002241209
96.2095	1.00296189
96.2395	1.003364144
96.2695	1.003336796
96.2995	1.002897393
96.3295	1.002160668
96.3595	1.001338267
96.3895	1.000665861
96.4195	1.000345741
96.4495	1.000456364
96.4795	1.00096737
96.5095	1.001718934
96.5395	1.002621757
96.5695	1.003446431
96.5995	1.003958778
96.6295	1.003934767
96.6595	1.003299365
96.6895	1.002236432
96.7195	1.001062608
96.7495	1.000086349
96.7795	0.999597947
96.8095	0.999728927
96.8395	1.000426103
96.8695	1.001465269
96.8995	1.002541343
96.9295	1.00328637
96.9595	1.0034322
96.9895	1.002929
97.0195	1.001941909
97.0495	1.00080687
97.0795	0.999866209
97.1095	0.999386685
97.1395	0.999479247
97.1695	1.000091974
97.1995	1.001043875
97.2295	1.002085303
97.2595	1.002970719
97.2895	1.003432449
97.3195	1.003343079
97.3495	1.00272452
97.3795	1.001769231
97.4095	1.000755226
97.4395	1.000031424
97.4695	0.999818189
97.4995	1.000182782
97.5295	1.001098375
97.5595	1.002420376
97.5895	1.003754474
97.6195	1.004681253
97.6495	1.004723343
97.6795	1.003872997
97.7095	1.002379409
97.7395	1.000637257
97.7695	0.999135803
97.7995	0.998322633
97.8295	0.998425777
97.8595	0.999414209
97.8895	1.000982101
97.9195	1.002671526
97.9495	1.003993726
97.9795	1.0045685
98.0095	1.004226839
98.0395	1.003211971
98.0695	1.001867752
98.0995	1.000603037
98.1295	0.99972901
98.1595	0.999432362
98.1895	0.999790863
98.2195	1.00071044
98.2495	1.001958951
98.2795	1.003176013
98.3095	1.003997614
98.3395	1.004164904
98.3695	1.003618208
98.3995	1.00253122
98.4295	1.001286287
98.4595	1.000345136
98.4895	0.999980302
98.5195	1.000271657
98.5495	1.000941688
98.5795	1.001787271
98.6095	1.002547443
98.6395	1.002923296
98.6695	1.002349836
98.6995	1.002124235
98.7295	1.001608692
98.7595	1.001201681
98.7895	1.001105894
98.8195	1.001416542
98.8495	1.002113676
98.8795	1.003015233
98.9095	1.003867052
98.9395	1.004475902
98.9695	1.004684627
98.9995	1.004438724
99.0295	1.003726794
99.0595	1.002645612
99.0895	1.001514594
99.1195	1.000676991
99.1495	1.000427045
99.1795	1.000837183
99.2095	1.001779457
99.2395	1.002914133
99.2695	1.003882391
99.2995	1.004398464
99.3295	1.004322628
99.3595	1.003697052
99.3895	1.002707239
99.4195	1.001660124
99.4495	1.000934177
99.4795	1.000745441
99.5095	1.001143302
99.5395	1.001899864
99.5695	1.002749388
99.5995	1.003438567
99.6295	1.003826711
99.6595	1.003887971
99.6895	1.003605119
99.7195	1.003072221
99.7495	1.002487383
99.7795	1.002027284
99.8095	1.001825577
99.8395	1.001861127
99.8695	1.002092383
99.8995	1.00244967
99.9295	1.002864175
99.9595	1.010066967
99.9895	1.010327444
100.0195	1.010457232
100.0495	1.01011683
100.0795	1.009403658
100.1095	1.008540362
100.1395	1.007876543
100.1695	1.007636404
100.1995	1.007906359
100.2295	1.008623195
100.2595	1.009613914
100.2895	1.010576085
100.3195	1.011222272
100.3495	1.01129155
100.3795	1.010770752
100.4095	1.009808216
100.4395	1.008818852
100.4695	1.008127809
100.4995	1.007946506
100.5295	1.008294001
100.5595	1.009041914
100.5895	1.009958549
100.6195	1.010782787
100.6495	1.011273345
100.6795	1.011297531
100.7095	1.010842428
100.7395	1.00994869
100.7695	1.010910121
100.7995	1.009435295
100.8295	1.008694912
100.8595	1.008729598
100.8895	1.009419116
100.9195	1.010539305
100.9495	1.011803585
100.9795	1.012854181
101.0095	1.013382888
101.0395	1.013199425
101.0695	1.012342047
101.0995	1.011079421
101.1295	1.009774257
101.1595	1.00881194
101.1895	1.008467066
101.2195	1.008831961
101.2495	1.009713471
101.2795	1.010850816
101.3095	1.011898497
101.3395	1.012671986
101.3695	1.012977784
101.3995	1.012738455
101.4295	1.012050483
101.4595	1.011167683
101.4895	1.010347377
101.5195	1.009823706
101.5495	1.009642223
101.5795	1.00985839
101.6095	1.01039848
101.6395	1.011158684
101.6695	1.006912114
101.6995	1.007827509
101.7295	1.008268389
101.7595	1.008162392
101.7895	1.007618273
101.8195	1.006856159
101.8495	1.006121749
101.8795	1.005655307
101.9095	1.005604529
101.9395	1.006059231
101.9695	1.006907676
101.9995	1.007900308
102.0295	1.008737027
102.0595	1.009166531
102.0895	1.009064501
102.1195	1.008458892
102.1495	1.007485578
102.1795	1.006433843
102.2095	1.005611947
102.2395	1.005202783
102.2695	1.00530092
102.2995	1.005873298
102.3295	1.006749787
102.3595	1.007676915
102.3895	1.00837701
102.4195	1.008650099
102.4495	1.00844485
102.4795	1.007826728
102.5095	1.006978953
102.5395	1.006203595
102.5695	1.005744063
102.5995	1.005735384
102.6295	1.006245772
102.6595	0.999466025
102.6895	1.000042834
102.7195	1.000582575
102.7495	1.00063742
102.7795	1.000068399
102.8095	0.998968445
102.8395	0.997506905
102.8695	0.996055438
102.8995	0.995019422
102.9295	0.994745192
102.9595	0.995363918
102.9895	0.996688794
103.0195	0.99829882
103.0495	0.999618352
103.0795	1.0002474
103.1095	1.000006168
103.1395	0.998991359
103.1695	0.997518761
103.1995	0.9960188
103.2295	0.995040311
103.2595	0.995003004
103.2895	0.995917896
103.3195	0.997467527
103.3495	0.998986103
103.3795	1.000009546
103.4095	1.000241612
103.4395	0.999684391
103.4695	0.998535971
103.4995	0.997134627
103.5295	0.996006031
103.5595	0.995621511
103.5895	0.996098752
103.6195	0.997253641
103.6495	0.998541644
103.6795	0.999568368
103.7095	1.000036467
103.7395	0.999823953
103.7695	0.999008573
103.7995	0.997831453
103.8295	0.996653857
103.8595	0.995828773
103.8895	0.995602753
103.9195	0.996063113
103.9495	0.997228065
103.9795	0.998755946
104.0095	1.000201673
104.0395	1.001063833
104.0695	1.00347549
104.0995	1.002606902
104.1295	1.000995543
104.1595	0.999182522
104.1895	0.997705567
104.2195	0.996964392
104.2495	0.997153604
104.2795	0.998182144
104.3095	0.999728201
104.3395	1.001251568
104.3695	1.00227909
104.3995	1.002503642
104.4295	1.001851074
104.4595	1.0004921
104.4895	0.998835628
104.5195	0.997376084
104.5495	0.996597361
104.5795	0.99672211
104.6095	0.997710999
104.6395	0.999245389
104.6695	1.000866581
104.6995	1.002090035
104.7295	1.002566884
104.7595	1.002164156
104.7895	1.001010273
104.8195	0.999452306
104.8495	0.997993704
104.8795	0.997061785
104.9095	0.99693037
104.9395	0.997468226
104.9695	0.998457815
104.9995	0.999595234
105.0295	1.00063327
105.0595	1.001379426
105.0895	1.001619548
105.1195	1.001288246
105.1495	1.000527791
105.1795	0.999563624
105.2095	0.998685629
105.2395	0.998045685
105.2695	0.997798798
105.2995	0.998009243
105.3295	0.998669947
105.3595	0.999652484
105.3895	1.000669465
105.4195	1.001430358
105.4495	1.001791431
105.4795	1.001650587
105.5095	1.000113577
105.5395	0.998246688
105.5695	0.996402191
105.5995	0.994888179
105.6295	0.994079361
105.6595	0.994240316
105.6895	0.995271566
105.7195	0.996869102
105.7495	0.998672733
105.7795	1.000159165
105.8095	1.000892054
105.8395	1.000541999
105.8695	0.999175224
105.8995	0.997205665
105.9295	0.995169686
105.9595	0.993608552
105.9895	0.992974957
106.0195	0.993475912
106.0495	0.995092768
106.0795	0.997350198
106.1095	0.999576094
106.1395	1.001119951
106.1695	1.001530452
106.1995	1.000698899
106.2295	0.998888692
106.2595	0.996660164
106.2895	0.994673156
106.3195	0.993517571
106.3495	0.993526337
106.3795	0.99469325
106.4095	0.996663411
106.4395	0.998810076
106.4695	1.000481331
106.4995	1.001191194
106.5295	1.000715814
106.5595	0.999181236
106.5895	0.997044068
106.6195	0.99493743
106.6495	0.993455645
106.6795	0.993033003
106.7095	0.993782755
106.7395	0.995477909
106.7695	0.997607343
106.7995	0.999541266
106.8295	1.000693751
106.8595	1.000714824
106.8895	0.999601721
106.9195	0.997718897
106.9495	0.995772024
106.9795	0.99434811
107.0095	0.993863999
107.0395	0.994450765
107.0695	0.995922897
107.0995	0.997844126
107.1295	0.999589706
107.1595	1.000577842
107.1895	1.000519
107.2195	0.999445692
107.2495	0.997708838
107.2795	0.995829872
107.3095	0.994360036
107.3395	0.993606498
107.3695	0.993737572
107.3995	0.994707879
107.4295	0.996261869
107.4595	0.997995186
107.4895	0.999390779
107.5195	1.000036045
107.5495	0.999714654
107.5795	0.99852802
107.6095	0.99682626
107.6395	0.995028622
107.6695	0.993630207
107.6995	0.993040531
107.7295	0.993467948
107.7595	0.99484145
107.7895	0.996744492
107.8195	0.998632477
107.8495	1.000051212
107.8795	1.000595003
107.9095	1.000110128
107.9395	0.99880665
107.9695	0.997094182
107.9995	0.995487359
108.0295	0.994355952
108.0595	0.993894127
108.0895	0.994229975
108.1195	0.995273382
108.1495	0.996778632
108.1795	0.998304995
108.2095	0.999401327
108.2395	0.999794621
108.2695	0.9993881
108.2995	0.998312088
108.3295	0.996918805
108.3595	0.995668301
108.3895	0.994929763
108.4195	0.994923524
108.4495	0.995644891
108.4795	0.996881733
108.5095	0.999203412
108.5395	1.001009922
108.5695	1.001868865
108.5995	1.001763088
108.6295	1.000841844
108.6595	0.999406351
108.6895	0.997930015
108.7195	0.996899799
108.7495	0.996832628
108.7795	0.99775139
108.8095	0.999385378
108.8395	1.00116876
108.8695	1.0025541
108.8995	1.003132758
108.9295	1.002785939
108.9595	1.001673905
108.9895	1.000137501
109.0195	0.998610049
109.0495	0.997430917
109.0795	0.996936183
109.1095	0.997270334
109.1395	0.998287159
109.1695	0.999672114
109.1995	1.001007848
109.2295	1.001926165
109.2595	1.002183862
109.2895	1.001713111
109.3195	1.000663268
109.3495	0.99941173
109.3795	0.998327733
109.4095	0.997734522
109.4395	0.997764459
109.4695	0.998396021
109.4995	0.9994332
109.5295	1.00051695
109.5595	1.00124903
109.5895	1.001416895
109.6195	1.000988517
109.6495	0.999616344
109.6795	0.998186103
109.7095	0.997126541
109.7395	0.996500392
109.7695	0.996353962
109.7995	0.996655433
109.8295	0.997299901
109.8595	0.998100659
109.8895	0.998815424
109.9195	0.999227072
109.9495	0.99922129
109.9795	0.998798323
	
