0.0195	50.00144513
0.0395	50.00144536
0.0595	50.00144562
0.0795	50.00144589
0.0995	50.00144618
0.1195	50.00144648
0.1395	50.0014468
0.1595	50.00144713
0.1795	50.00144748
0.1995	50.00144783
0.2195	50.0014482
0.2395	50.00144857
0.2595	50.00144895
0.2795	50.00144934
0.2995	50.00144974
0.3195	50.00145015
0.3395	50.00145056
0.3595	50.00145098
0.3795	50.0014514
0.3995	50.00145184
0.4195	50.00145228
0.4395	50.00145273
0.4595	50.00145319
0.4795	50.00145366
0.4995	50.00145414
0.5195	50.00145463
0.5395	50.00145513
0.5595	50.00145564
0.5795	50.00145616
0.5995	50.0014567
0.6195	50.00145724
0.6395	50.0014578
0.6595	50.00145837
0.6795	50.00145895
0.6995	50.00145954
0.7195	50.00146014
0.7395	50.00146076
0.7595	50.00146138
0.7795	50.00146201
0.7995	50.00146265
0.8195	50.00146329
0.8395	50.00146394
0.8595	50.00146459
0.8795	50.00146525
0.8995	50.00146591
0.9195	50.00146658
0.9395	50.00146725
0.9595	50.00146792
0.9795	50.00146858
0.9995	50.00146926
1.0195	50.00146993
1.0395	50.0014706
1.0595	50.00147127
1.0795	50.00147194
1.0995	50.00147261
1.1195	50.00147328
1.1395	50.00147395
1.1595	50.00147462
1.1795	50.00147529
1.1995	50.00147597
1.2195	50.00147664
1.2395	50.00147732
1.2595	50.00147799
1.2795	50.00147867
1.2995	50.00147935
1.3195	50.00148003
1.3395	50.00148072
1.3595	50.0014814
1.3795	50.00148208
1.3995	50.00148277
1.4195	50.00148346
1.4395	50.00148415
1.4595	50.00148483
1.4795	50.00148552
1.4995	50.0014862
1.5195	50.00148689
1.5395	50.00148757
1.5595	50.00148824
1.5795	50.00148892
1.5995	50.00148959
1.6195	50.00149026
1.6395	50.00149092
1.6595	50.00149157
1.6795	50.00149223
1.6995	50.00149287
1.7195	50.00149351
1.7395	50.00149414
1.7595	50.00149477
1.7795	50.00149539
1.7995	50.001496
1.8195	50.00149661
1.8395	50.00149721
1.8595	50.00149781
1.8795	50.0014984
1.8995	50.00149898
1.9195	50.00149956
1.9395	50.00150013
1.9595	50.0015007
1.9795	50.00150126
1.9995	50.00150181
2.0195	50.00150236
2.0395	50.00150291
2.0595	50.00150345
2.0795	50.00150398
2.0995	50.00150451
2.1195	50.00150503
2.1395	50.00150555
2.1595	50.00150606
2.1795	50.00150656
2.1995	50.00150705
2.2195	50.00150754
2.2395	50.00150802
2.2595	50.0015085
2.2795	50.00150896
2.2995	50.00150942
2.3195	50.00150987
2.3395	50.00149546
2.3595	50.00147524
2.3795	50.00149617
2.3995	50.00149839
2.4195	50.00148887
2.4395	50.00149313
2.4595	50.00149744
2.4795	50.00149518
2.4995	50.00149551
2.5195	50.00149784
2.5395	50.00149803
2.5595	50.00149802
2.5795	50.00149897
2.5995	50.00149948
2.6195	50.00149956
2.6395	50.00149987
2.6595	50.00150015
2.6795	50.00150019
2.6995	50.00150022
2.7195	50.00150026
2.7395	50.00150021
2.7595	50.00150012
2.7795	50.00150004
2.7995	50.00149995
2.8195	50.00149986
2.8395	50.00149979
2.8595	50.00149975
2.8795	50.00149973
2.8995	50.00149977
2.9195	50.00149985
2.9395	50.00149998
2.9595	50.00150016
2.9795	50.00150039
2.9995	50.00150067
3.0195	50.001501
3.0395	50.00150136
3.0595	50.00150176
3.0795	50.00150219
3.0995	50.00150263
3.1195	50.00150308
3.1395	50.00150353
3.1595	50.00150397
3.1795	50.00150438
3.1995	50.00150477
3.2195	50.00150513
3.2395	50.00150544
3.2595	50.00150571
3.2795	50.00150593
3.2995	50.0015061
3.3195	50.00150621
3.3395	50.00150627
3.3595	50.00150628
3.3795	50.00150624
3.3995	50.00150616
3.4195	50.00150605
3.4395	50.0015059
3.4595	50.00150573
3.4795	50.00150553
3.4995	50.00150533
3.5195	50.00150513
3.5395	50.00150492
3.5595	50.00150473
3.5795	50.00150454
3.5995	50.00150438
3.6195	50.00150424
3.6395	50.00150412
3.6595	50.00150403
3.6795	50.00150396
3.6995	50.00150392
3.7195	50.00150391
3.7395	50.00150391
3.7595	50.00150393
3.7795	50.00150397
3.7995	50.00150401
3.8195	50.00150406
3.8395	50.0015041
3.8595	50.00150414
3.8795	50.00150417
3.8995	50.00150418
3.9195	50.00150417
3.9395	50.00150414
3.9595	50.00150407
3.9795	50.00150398
3.9995	50.00150386
4.0195	50.0015037
4.0395	50.00150351
4.0595	50.00150329
4.0795	50.00150304
4.0995	50.00150276
4.1195	50.00150246
4.1395	50.00150213
4.1595	50.00150179
4.1795	50.00150144
4.1995	50.00150108
4.2195	50.00150071
4.2395	50.00150034
4.2595	50.00149997
4.2795	50.00149961
4.2995	50.00149926
4.3195	50.00149892
4.3395	50.00149859
4.3595	50.00149828
4.3795	50.00149798
4.3995	50.0014977
4.4195	50.00149743
4.4395	50.00149718
4.4595	50.00149694
4.4795	50.0014967
4.4995	50.00149647
4.5195	50.00149625
4.5395	50.00149603
4.5595	50.0014958
4.5795	50.00149557
4.5995	50.00149534
4.6195	50.00149509
4.6395	50.00149483
4.6595	50.00149456
4.6795	50.00149427
4.6995	50.00149396
4.7195	50.00149364
4.7395	50.0014933
4.7595	50.00149294
4.7795	50.00149257
4.7995	50.00149218
4.8195	50.00149178
4.8395	50.00149137
4.8595	50.00149095
4.8795	50.00149052
4.8995	50.00149009
4.9195	50.00148965
4.9395	50.00148922
4.9595	50.00148879
4.9795	50.00148836
4.9995	50.00148794
5.0195	50.00148753
5.0395	50.00148713
5.0595	50.00148674
5.0795	50.00148636
5.0995	50.00148599
5.1195	50.00148563
5.1395	50.00148529
5.1595	50.00148495
5.1795	50.00148462
5.1995	50.0014843
5.2195	50.00148399
5.2395	50.00148367
5.2595	50.00148337
5.2795	50.00148306
5.2995	50.00148275
5.3195	50.00148244
5.3395	50.00148213
5.3595	50.00148181
5.3795	50.00148149
5.3995	50.00148115
5.4195	50.00148082
5.4395	50.00148047
5.4595	50.00148012
5.4795	50.00147977
5.4995	50.0014794
5.5195	50.00147904
5.5395	50.00147867
5.5595	50.00147829
5.5795	50.00147792
5.5995	50.00147754
5.6195	50.00147717
5.6395	50.0014768
5.6595	50.00147644
5.6795	50.00147608
5.6995	50.00147573
5.7195	50.00147538
5.7395	50.00147505
5.7595	50.00147472
5.7795	50.0014744
5.7995	50.0014741
5.8195	50.0014738
5.8395	50.00147351
5.8595	50.00147324
5.8795	50.00147297
5.8995	50.00147271
5.9195	50.00147245
5.9395	50.00147221
5.9595	50.00147196
5.9795	50.00147173
5.9995	50.00147149
6.0195	50.00147126
6.0395	50.00147103
6.0595	50.0014708
6.0795	50.00147057
6.0995	50.00147034
6.1195	50.00147012
6.1395	50.00146989
6.1595	50.00146966
6.1795	50.00146942
6.1995	50.00146919
6.2195	50.00146896
6.2395	50.00146873
6.2595	50.0014685
6.2795	50.00146828
6.2995	50.00146805
6.3195	50.00146784
6.3395	50.00146762
6.3595	50.00146741
6.3795	50.00146721
6.3995	50.00146701
6.4195	50.00146682
6.4395	50.00146664
6.4595	50.00146647
6.4795	50.0014663
6.4995	50.00146614
6.5195	50.001466
6.5395	50.00146586
6.5595	50.00146573
6.5795	50.0014656
6.5995	50.00146549
6.6195	50.00146538
6.6395	50.00146528
6.6595	50.00146518
6.6795	50.00146509
6.6995	50.001465
6.7195	50.00146492
6.7395	50.00146485
6.7595	50.00146477
6.7795	50.0014647
6.7995	50.00146463
6.8195	50.00146456
6.8395	50.00146449
6.8595	50.00146443
6.8795	50.00146437
6.8995	50.00146431
6.9195	50.00146425
6.9395	50.00146419
6.9595	50.00146414
6.9795	50.00146409
6.9995	50.00146404
7.0195	50.001464
7.0395	50.00146396
7.0595	50.00146393
7.0795	50.0014639
7.0995	50.00146388
7.1195	50.00146386
7.1395	50.00146385
7.1595	50.00146384
7.1795	50.00146384
7.1995	50.00146385
7.2195	50.00146386
7.2395	50.00146388
7.2595	50.00146391
7.2795	50.00146394
7.2995	50.00146398
7.3195	50.00146402
7.3395	50.00146407
7.3595	50.00146413
7.3795	50.00146418
7.3995	50.00146425
7.4195	50.00146431
7.4395	50.00146438
7.4595	50.00146445
7.4795	50.00146452
7.4995	50.0014646
7.5195	50.00146467
7.5395	50.00146475
7.5595	50.00146484
7.5795	50.00146492
7.5995	50.001465
7.6195	50.00146509
7.6395	50.00146518
7.6595	50.00146527
7.6795	50.00146536
7.6995	50.00146545
7.7195	50.00146555
7.7395	50.00146565
7.7595	50.00146575
7.7795	50.00146585
7.7995	50.00146596
7.8195	50.00146607
7.8395	50.00146619
7.8595	50.00146631
7.8795	50.00146643
7.8995	50.00146655
7.9195	50.00146668
7.9395	50.00146682
7.9595	50.00146695
7.9795	50.00146709
7.9995	50.00146723
8.0195	50.00146738
8.0395	50.00146753
8.0595	50.00146768
8.0795	50.00146783
8.0995	50.00146799
8.1195	50.00146814
8.1395	50.0014683
8.1595	50.00146811
8.1795	50.00143836
8.1995	50.00144675
8.2195	50.00145814
8.2395	50.00145043
8.2595	50.00144916
8.2795	50.00145442
8.2995	50.00145399
8.3195	50.00145273
8.3395	50.00145444
8.3595	50.00145526
8.3795	50.00145492
8.3995	50.00145535
8.4195	50.00145589
8.4395	50.00145589
8.4595	50.00145592
8.4795	50.00145607
8.4995	50.00145604
8.5195	50.00145592
8.5395	50.00145584
8.5595	50.00145571
8.5795	50.00145553
8.5995	50.00145537
8.6195	50.00145522
8.6395	50.00145507
8.6595	50.00145496
8.6795	50.00145488
8.6995	50.00145485
8.7195	50.00145487
8.7395	50.00145494
8.7595	50.00145508
8.7795	50.00145527
8.7995	50.00145553
8.8195	50.00145584
8.8395	50.0014562
8.8595	50.00145661
8.8795	50.00145706
8.8995	50.00145755
8.9195	50.00145805
8.9395	50.00145857
8.9595	50.0014591
8.9795	50.00145962
8.9995	50.00146012
9.0195	50.00146061
9.0395	50.00146106
9.0595	50.00146148
9.0795	50.00146186
9.0995	50.0014622
9.1195	50.00146249
9.1395	50.00146274
9.1595	50.00146294
9.1795	50.00146309
9.1995	50.00146321
9.2195	50.00146329
9.2395	50.00146334
9.2595	50.00146336
9.2795	50.00146337
9.2995	50.00146336
9.3195	50.00146336
9.3395	50.00146335
9.3595	50.00146335
9.3795	50.00146337
9.3995	50.00146341
9.4195	50.00146347
9.4395	50.00146356
9.4595	50.00146368
9.4795	50.00146383
9.4995	50.00146401
9.5195	50.00146422
9.5395	50.00146446
9.5595	50.00146472
9.5795	50.00146501
9.5995	50.00146531
9.6195	50.00146562
9.6395	50.00146594
9.6595	50.00146626
9.6795	50.00146657
9.6995	50.00146688
9.7195	50.00146717
9.7395	50.00146744
9.7595	50.0014677
9.7795	50.00146792
9.7995	50.00146812
9.8195	50.00146829
9.8395	50.00146843
9.8595	50.00146853
9.8795	50.00146861
9.8995	50.00146867
9.9195	50.00146869
9.9395	50.0014687
9.9595	50.00146868
9.9795	50.00146866
9.9995	50.00146862
10.0195	49.98285902
10.0395	49.97404851
10.0595	49.97039216
10.0795	49.96934443
10.0995	49.96976102
10.1195	49.97117488
10.1395	49.97311889
10.1595	49.97530545
10.1795	49.97764606
10.1995	49.98003303
10.2195	49.98235211
10.2395	49.98454855
10.2595	49.98657787
10.2795	49.98838584
10.2995	49.98993677
10.3195	49.99121048
10.3395	49.99218969
10.3595	49.99286633
10.3795	49.99324491
10.3995	49.99334656
10.4195	49.9931662
10.4395	49.99273298
10.4595	49.99212371
10.4795	49.99134043
10.4995	49.99041871
10.5195	49.98942249
10.5395	49.98839161
10.5595	49.98736272
10.5795	49.9863835
10.5995	49.98549453
10.6195	49.98472748
10.6395	49.98411261
10.6595	49.98367497
10.6795	49.98343106
10.6995	49.98339107
10.7195	49.98355908
10.7395	49.98393179
10.7595	49.98449925
10.7795	49.98524583
10.7995	49.98615051
10.8195	49.98718762
10.8395	49.98832799
10.8595	49.98953992
10.8795	49.99079018
10.8995	49.99204514
10.9195	49.99327187
10.9395	49.99443909
10.9595	49.99551815
10.9795	49.99648382
10.9995	49.99731499
11.0195	49.99799523
11.0395	49.99851309
11.0595	49.99886241
11.0795	49.99904226
11.0995	49.99905687
11.1195	49.99891531
11.1395	49.99863106
11.1595	49.99822149
11.1795	49.99770716
11.1995	49.99711111
11.2195	49.99645808
11.2395	49.99577366
11.2595	49.99508355
11.2795	49.99441267
11.2995	49.99378452
11.3195	49.99321868
11.3395	49.99276331
11.3595	49.99236884
11.3795	49.99208705
11.3995	49.99193942
11.4195	49.99190545
11.4395	49.99198846
11.4595	49.99219504
11.4795	49.992512
11.4995	49.99292588
11.5195	49.99342693
11.5395	49.99399902
11.5595	49.99462271
11.5795	49.99527995
11.5995	49.9959519
11.6195	49.99661865
11.6395	49.99726156
11.6595	49.99786355
11.6795	49.99840887
11.6995	49.99888398
11.7195	49.99927804
11.7395	49.99958296
11.7595	49.99979352
11.7795	49.99990762
11.7995	49.99992618
11.8195	49.99985295
11.8395	49.99969441
11.8595	49.99945942
11.8795	49.9991589
11.8995	49.99880542
11.9195	49.99841276
11.9395	49.99799546
11.9595	49.99756833
11.9795	49.99714599
11.9995	49.99674244
12.0195	49.99637064
12.0395	49.99604212
12.0595	49.99576669
12.0795	49.99555221
12.0995	49.99540437
12.1195	49.99532659
12.1395	49.99531999
12.1595	49.99538345
12.1795	49.99551365
12.1995	49.99570531
12.2195	49.99595136
12.2395	49.99624324
12.2595	49.99657122
12.2795	49.99692471
12.2995	49.99729263
12.3195	49.99766377
12.3395	49.99802715
12.3595	49.99837234
12.3795	49.99868977
12.3995	49.99897101
12.4195	49.999209
12.4395	49.9993982
12.4595	49.99953476
12.4795	49.99961655
12.4995	49.9996432
12.5195	49.99961603
12.5395	49.99953799
12.5595	49.99941349
12.5795	49.99924824
12.5995	49.99904901
12.6195	49.99882343
12.6395	49.99857967
12.6595	49.99832621
12.6795	49.99807157
12.6995	49.99782401
12.7195	49.99759134
12.7395	49.99738064
12.7595	49.99719808
12.7795	49.99704877
12.7995	49.99693662
12.8195	49.99686427
12.8395	49.99683303
12.8595	49.99684288
12.8795	49.99689255
12.8995	49.99697953
12.9195	49.99710024
12.9395	49.99725016
12.9595	49.997424
12.9795	49.99761585
12.9995	49.99781946
13.0195	49.99802837
13.0395	49.99823615
13.0595	49.9984366
13.0795	49.99862394
13.0995	49.99879294
13.1195	49.99893911
13.1395	49.99905881
13.1595	49.99914932
13.1795	49.99920888
13.1995	49.99923678
13.2195	49.99923327
13.2395	49.99919959
13.2595	49.99913785
13.2795	49.99905097
13.2995	49.99894256
13.3195	49.99881679
13.3395	49.9986782
13.3595	49.99853163
13.3795	49.99838199
13.3995	49.99823413
13.4195	49.9980927
13.4395	49.997962
13.4595	49.99784588
13.4795	49.99774759
13.4995	49.99766976
13.5195	49.99761426
13.5395	49.99758224
13.5595	49.99757409
13.5795	49.99758942
13.5995	49.99762713
13.6195	49.99768548
13.6395	49.99776211
13.6595	49.99785417
13.6795	49.99795844
13.6995	49.9980714
13.7195	49.99818935
13.7395	49.99830858
13.7595	49.99842542
13.7795	49.9985364
13.7995	49.99863835
13.8195	49.99872844
13.8395	49.99880432
13.8595	49.99886415
13.8795	49.99890662
13.8995	49.99893102
13.9195	49.9989372
13.9395	49.99892561
13.9595	49.9988972
13.9795	49.99885342
13.9995	49.99879617
14.0195	49.99872768
14.0395	49.99865048
14.0595	49.99856729
14.0795	49.99848091
14.0995	49.99839417
14.1195	49.99830983
14.1395	49.99823048
14.1595	49.99815847
14.1795	49.99809585
14.1995	49.99804433
14.2195	49.99800521
14.2395	49.99797937
14.2595	49.99796725
14.2795	49.99796886
14.2995	49.99798375
14.3195	49.99801112
14.3395	49.99804978
14.3595	49.99809821
14.3795	49.99815467
14.3995	49.99821719
14.4195	49.9982837
14.4395	49.99835205
14.4595	49.9984201
14.4795	49.99848579
14.4995	49.99854719
14.5195	49.99860256
14.5395	49.99865042
14.5595	49.99868953
14.5795	49.99871899
14.5995	49.99873822
14.6195	49.99874696
14.6395	49.99874529
14.6595	49.99873362
14.6795	49.99871265
14.6995	49.99868334
14.7195	49.99864689
14.7395	49.99860466
14.7595	49.99855819
14.7795	49.99850906
14.7995	49.9984589
14.8195	49.99840935
14.8395	49.99836192
14.8595	49.99831807
14.8795	49.99827906
14.8995	49.99824599
14.9195	49.99821972
14.9395	49.99820089
14.9595	49.99818987
14.9795	49.9981868
14.9995	49.99819156
15.0195	49.99820378
15.0395	49.99822288
15.0595	49.99824809
15.0795	49.99827845
15.0995	49.9983129
15.1195	49.99835028
15.1395	49.99838934
15.1595	49.99842886
15.1795	49.99846762
15.1995	49.99850446
15.2195	49.99853833
15.2395	49.99857204
15.2595	49.99856239
15.2795	49.99859361
15.2995	49.99862021
15.3195	49.99861786
15.3395	49.99861786
15.3595	49.99861952
15.3795	49.99860851
15.3995	49.99859159
15.4195	49.99857395
15.4395	49.99855152
15.4595	49.99852489
15.4795	49.99849737
15.4995	49.99846908
15.5195	49.99844012
15.5395	49.99841215
15.5595	49.99838612
15.5795	49.99836243
15.5995	49.99834185
15.6195	49.9983251
15.6395	49.99831249
15.6595	49.99830428
15.6795	49.99830067
15.6995	49.99830165
15.7195	49.99830703
15.7395	49.99831655
15.7595	49.99832982
15.7795	49.99834631
15.7995	49.99836545
15.8195	49.99838657
15.8395	49.99840899
15.8595	49.99843198
15.8795	49.99845483
15.8995	49.99847687
15.9195	49.99849745
15.9395	49.99851599
15.9595	49.998532
15.9795	49.99854509
15.9995	49.99855495
16.0195	49.99856139
16.0395	49.99856434
16.0595	49.99856383
16.0795	49.99855999
16.0995	49.99855308
16.1195	49.99854341
16.1395	49.99853138
16.1595	49.99851746
16.1795	49.99850215
16.1995	49.99848598
16.2195	49.99846951
16.2395	49.99845326
16.2595	49.99843776
16.2795	49.99842346
16.2995	49.99841081
16.3195	49.99840015
16.3395	49.99839177
16.3595	49.99838588
16.3795	49.9983826
16.3995	49.99838197
16.4195	49.99838394
16.4395	49.99838839
16.4595	49.99839512
16.4795	49.99840386
16.4995	49.99841431
16.5195	49.9984261
16.5395	49.99843885
16.5595	49.99845213
16.5795	49.99846554
16.5995	49.99847868
16.6195	49.99849116
16.6395	49.99850263
16.6595	49.99851279
16.6795	49.99852136
16.6995	49.99852816
16.7195	49.99853303
16.7395	49.99853591
16.7595	49.99853677
16.7795	49.99853567
16.7995	49.99853272
16.8195	49.99852807
16.8395	49.99852195
16.8595	49.9985146
16.8795	49.99850629
16.8995	49.99849734
16.9195	49.99848804
16.9395	49.99847872
16.9595	49.99846969
16.9795	49.99846121
16.9995	49.99845356
17.0195	49.99844696
17.0395	49.99844159
17.0595	49.99843761
17.0795	49.9984351
17.0995	49.99843411
17.1195	49.99843464
17.1395	49.99843664
17.1595	49.99844002
17.1795	49.99844464
17.1995	49.99845034
17.2195	49.99845693
17.2395	49.99846417
17.2595	49.99847185
17.2795	49.99847972
17.2995	49.99848755
17.3195	49.99849512
17.3395	49.9985022
17.3595	49.99850861
17.3795	49.99851418
17.3995	49.99851877
17.4195	49.9985223
17.4395	49.9985247
17.4595	49.99852593
17.4795	49.99852601
17.4995	49.99852499
17.5195	49.99852294
17.5395	49.99851998
17.5595	49.99851623
17.5795	49.99851184
17.5995	49.998507
17.6195	49.99850186
17.6395	49.99849662
17.6595	49.99849145
17.6795	49.99848653
17.6995	49.998482
17.7195	49.99847802
17.7395	49.9984747
17.7595	49.99847214
17.7795	49.9984704
17.7995	49.99846952
17.8195	49.99846953
17.8395	49.9984704
17.8595	49.99847209
17.8795	49.99847455
17.8995	49.99847767
17.9195	49.99848137
17.9395	49.99848551
17.9595	49.99848996
17.9795	49.9984946
17.9995	49.99849929
18.0195	49.99850388
18.0395	49.99850826
18.0595	49.9985123
18.0795	49.99851591
18.0995	49.99851899
18.1195	49.99852148
18.1395	49.99852334
18.1595	49.99852453
18.1795	49.99852505
18.1995	49.99852491
18.2195	49.99852417
18.2395	49.99852285
18.2595	49.99852105
18.2795	49.99851883
18.2995	49.9985163
18.3195	49.99851354
18.3395	49.99851068
18.3595	49.9985078
18.3795	49.99850501
18.3995	49.99850241
18.4195	49.99850008
18.4395	49.9984981
18.4595	49.99849653
18.4795	49.99849541
18.4995	49.99849478
18.5195	49.99849466
18.5395	49.99849505
18.5595	49.99849592
18.5795	49.99849725
18.5995	49.99849899
18.6195	49.99850109
18.6395	49.99850349
18.6595	49.9985061
18.6795	49.99850886
18.6995	49.99851169
18.7195	49.9985145
18.7395	49.99851723
18.7595	49.99851979
18.7795	49.99852213
18.7995	49.9985242
18.8195	49.99852594
18.8395	49.99852733
18.8595	49.99852833
18.8795	49.99852896
18.8995	49.9985292
18.9195	49.99852907
18.9395	49.9985286
18.9595	49.99852782
18.9795	49.99852678
18.9995	49.99852553
19.0195	49.99852413
19.0395	49.99852262
19.0595	49.99852108
19.0795	49.99851957
19.0995	49.99851813
19.1195	49.99851683
19.1395	49.9985157
19.1595	49.99851479
19.1795	49.99851413
19.1995	49.99851375
19.2195	49.99851365
19.2395	49.99851385
19.2595	49.99851433
19.2795	49.99851508
19.2995	49.99851609
19.3195	49.99851732
19.3395	49.99851874
19.3595	49.99852031
19.3795	49.99852198
19.3995	49.99852372
19.4195	49.99852547
19.4395	49.99852719
19.4595	49.99852883
19.4795	49.99853037
19.4995	49.99853176
19.5195	49.99853298
19.5395	49.998534
19.5595	49.99853481
19.5795	49.9985354
19.5995	49.99853576
19.6195	49.99853591
19.6395	49.99853585
19.6595	49.99853561
19.6795	49.9985352
19.6995	49.99853465
19.7195	49.99853399
19.7395	49.99853326
19.7595	49.9985325
19.7795	49.99853173
19.7995	49.99853098
19.8195	49.9985303
19.8395	49.99852971
19.8595	49.99852923
19.8795	49.99852889
19.8995	49.99852869
19.9195	49.99852866
19.9395	49.9985288
19.9595	49.99852911
19.9795	49.99852957
19.9995	49.99853019
20.0195	49.99853095
20.0395	49.99853182
20.0595	49.99853279
20.0795	49.99853384
20.0995	49.99853493
20.1195	49.99853605
20.1395	49.99853716
20.1595	49.99853824
20.1795	49.99853927
20.1995	49.99854022
20.2195	49.99854108
20.2395	49.99854184
20.2595	49.99854247
20.2795	49.99854298
20.2995	49.99854336
20.3195	49.99854362
20.3395	49.99854375
20.3595	49.99854376
20.3795	49.99854368
20.3995	49.9985435
20.4195	49.99854326
20.4395	49.99854296
20.4595	49.99854263
20.4795	49.99854229
20.4995	49.99854195
20.5195	49.99854164
20.5395	49.99854137
20.5595	49.99854117
20.5795	49.99854103
20.5995	49.99854097
20.6195	49.99854101
20.6395	49.99854114
20.6595	49.99854137
20.6795	49.99854169
20.6995	49.9985421
20.7195	49.9985426
20.7395	49.99854317
20.7595	49.9985438
20.7795	49.99854448
20.7995	49.9985452
20.8195	49.99854594
20.8395	49.99856057
20.8595	49.99855196
20.8795	49.99853451
20.8995	49.99854692
20.9195	49.9985513
20.9395	49.99854428
20.9595	49.99854547
20.9795	49.99854869
20.9995	49.99854705
21.0195	49.99854628
21.0395	49.99854742
21.0595	49.99854733
21.0795	49.99854679
21.0995	49.99854702
21.1195	49.99854718
21.1395	49.99854703
21.1595	49.99854708
21.1795	49.99854727
21.1995	49.99854739
21.2195	49.99854756
21.2395	49.99854784
21.2595	49.99854814
21.2795	49.99854848
21.2995	49.99854888
21.3195	49.99854933
21.3395	49.9985498
21.3595	49.9985503
21.3795	49.99855084
21.3995	49.99855138
21.4195	49.99855193
21.4395	49.99855247
21.4595	49.99855301
21.4795	49.99855353
21.4995	49.99855402
21.5195	49.99855448
21.5395	49.99855491
21.5595	49.99855529
21.5795	49.99855564
21.5995	49.99855594
21.6195	49.9985562
21.6395	49.99855642
21.6595	49.9985566
21.6795	49.99855675
21.6995	49.99855686
21.7195	49.99855696
21.7395	49.99855703
21.7595	49.9985571
21.7795	49.99855715
21.7995	49.99855721
21.8195	49.99855728
21.8395	49.99855735
21.8595	49.99855745
21.8795	49.99855757
21.8995	49.99855771
21.9195	49.99855788
21.9395	49.99855808
21.9595	49.99855831
21.9795	49.99855857
21.9995	49.99855886
22.0195	49.99855917
22.0395	49.99855951
22.0595	49.99855987
22.0795	49.99856024
22.0995	49.99856062
22.1195	49.99856101
22.1395	49.9985614
22.1595	49.99856178
22.1795	49.99856216
22.1995	49.99856252
22.2195	49.99856287
22.2395	49.9985632
22.2595	49.99856351
22.2795	49.99856379
22.2995	49.99856405
22.3195	49.99856429
22.3395	49.9985645
22.3595	49.99856469
22.3795	49.99856486
22.3995	49.99856501
22.4195	49.99856514
22.4395	49.99856526
22.4595	49.99856538
22.4795	49.99856548
22.4995	49.99856559
22.5195	49.9985657
22.5395	49.99856581
22.5595	49.99856593
22.5795	49.99856607
22.5995	49.99856622
22.6195	49.99856638
22.6395	49.99856656
22.6595	49.99856676
22.6795	49.99856697
22.6995	49.9985672
22.7195	49.99856745
22.7395	49.99856771
22.7595	49.99856798
22.7795	49.99856826
22.7995	49.99856855
22.8195	49.99856885
22.8395	49.99856914
22.8595	49.99856944
22.8795	49.99856973
22.8995	49.99857002
22.9195	49.9985703
22.9395	49.99857056
22.9595	49.99857082
22.9795	49.99857106
22.9995	49.99857129
23.0195	49.9985715
23.0395	49.9985717
23.0595	49.99857189
23.0795	49.99857206
23.0995	49.99857223
23.1195	49.99857238
23.1395	49.99857252
23.1595	49.99857266
23.1795	49.99857279
23.1995	49.99857293
23.2195	49.99857306
23.2395	49.99857319
23.2595	49.99857333
23.2795	49.99857347
23.2995	49.99857362
23.3195	49.99857378
23.3395	49.99857395
23.3595	49.99857413
23.3795	49.99857431
23.3995	49.99857451
23.4195	49.99857472
23.4395	49.99857493
23.4595	49.99857515
23.4795	49.99857538
23.4995	49.99857561
23.5195	49.99857585
23.5395	49.99857609
23.5595	49.99857633
23.5795	49.99857656
23.5995	49.9985768
23.6195	49.99857703
23.6395	49.99857725
23.6595	49.99857747
23.6795	49.99857768
23.6995	49.99857788
23.7195	49.99857808
23.7395	49.99857826
23.7595	49.99857844
23.7795	49.99857861
23.7995	49.99857877
23.8195	49.99857893
23.8395	49.99857908
23.8595	49.99857923
23.8795	49.99857937
23.8995	49.99857951
23.9195	49.99857965
23.9395	49.99857979
23.9595	49.99857993
23.9795	49.99858008
23.9995	49.99858023
24.0195	49.99858038
24.0395	49.99858054
24.0595	49.9985807
24.0795	49.99858087
24.0995	49.99858104
24.1195	49.99858122
24.1395	49.99858141
24.1595	49.9985816
24.1795	49.99858179
24.1995	49.99858199
24.2195	49.99858218
24.2395	49.99858238
24.2595	49.99858258
24.2795	49.99858278
24.2995	49.99858298
24.3195	49.99858317
24.3395	49.99858337
24.3595	49.99858356
24.3795	49.99858374
24.3995	49.99858392
24.4195	49.9985841
24.4395	49.99858427
24.4595	49.99858443
24.4795	49.99858459
24.4995	49.99858475
24.5195	49.9985849
24.5395	49.99858505
24.5595	49.99858519
24.5795	49.99858534
24.5995	49.99858548
24.6195	49.99858562
24.6395	49.99858576
24.6595	49.9985859
24.6795	49.99858604
24.6995	49.99858619
24.7195	49.99858633
24.7395	49.99858648
24.7595	49.99858663
24.7795	49.99858678
24.7995	49.99858694
24.8195	49.9985871
24.8395	49.99858726
24.8595	49.99858743
24.8795	49.9985876
24.8995	49.99858776
24.9195	49.99858793
24.9395	49.99858811
24.9595	49.99858828
24.9795	49.99858845
24.9995	49.99858862
25.0195	49.99858879
25.0395	49.99858896
25.0595	49.99858913
25.0795	49.99858929
25.0995	49.99858945
25.1195	49.99858961
25.1395	49.99858976
25.1595	49.99858992
25.1795	49.99859006
25.1995	49.99859021
25.2195	49.99859035
25.2395	49.9985905
25.2595	49.99859063
25.2795	49.99859077
25.2995	49.99859091
25.3195	49.99859104
25.3395	49.99859118
25.3595	49.99859131
25.3795	49.99859145
25.3995	49.99859159
25.4195	49.99859172
25.4395	49.99859186
25.4595	49.998592
25.4795	49.99859214
25.4995	49.99859228
25.5195	49.99859243
25.5395	49.99859257
25.5595	49.99859272
25.5795	49.99859287
25.5995	49.99859302
25.6195	49.99859317
25.6395	49.99859332
25.6595	49.99859347
25.6795	49.99859362
25.6995	49.99859377
25.7195	49.99859392
25.7395	49.99859407
25.7595	49.99859422
25.7795	49.99859436
25.7995	49.99859451
25.8195	49.99859465
25.8395	49.99859479
25.8595	49.99859493
25.8795	49.99859507
25.8995	49.9985952
25.9195	49.99859534
25.9395	49.99859547
25.9595	49.9985956
25.9795	49.99859573
25.9995	49.99859586
26.0195	49.99859598
26.0395	49.99859611
26.0595	49.99859624
26.0795	49.99859637
26.0995	49.99859649
26.1195	49.99859662
26.1395	49.99859675
26.1595	49.99859688
26.1795	49.99859701
26.1995	49.99859714
26.2195	49.99859727
26.2395	49.9985974
26.2595	49.99859753
26.2795	49.99859766
26.2995	49.9985978
26.3195	49.99859793
26.3395	49.99859806
26.3595	49.9985982
26.3795	49.99859833
26.3995	49.99859847
26.4195	49.9985986
26.4395	49.99859873
26.4595	49.99859887
26.4795	49.998599
26.4995	49.99859913
26.5195	49.99859926
26.5395	49.99859938
26.5595	49.99859951
26.5795	49.99859964
26.5995	49.99859976
26.6195	49.99859988
26.6395	49.99860001
26.6595	49.99860013
26.6795	49.99860025
26.6995	49.99860037
26.7195	49.99860049
26.7395	49.99863521
26.7595	49.99860571
26.7795	49.9986013
26.7995	49.99861753
26.8195	49.99861317
26.8395	49.99860692
26.8595	49.99861119
26.8795	49.99861215
26.8995	49.99860938
26.9195	49.99860973
26.9395	49.99861069
26.9595	49.99861
26.9795	49.99860977
26.9995	49.99861025
27.0195	49.99861034
27.0395	49.99861037
27.0595	49.99861072
27.0795	49.99861108
27.0995	49.99861138
27.1195	49.99861179
27.1395	49.99861226
27.1595	49.99861271
27.1795	49.99861318
27.1995	49.99861367
27.2195	49.99861414
27.2395	49.99861459
27.2595	49.99861503
27.2795	49.99861543
27.2995	49.99861579
27.3195	49.99861611
27.3395	49.99861638
27.3595	49.99861659
27.3795	49.99861676
27.3995	49.99861688
27.4195	49.99861695
27.4395	49.99861697
27.4595	49.99861696
27.4795	49.99861691
27.4995	49.99861684
27.5195	49.99861675
27.5395	49.99861665
27.5595	49.99861654
27.5795	49.99861644
27.5995	49.99861635
27.6195	49.99861628
27.6395	49.99861623
27.6595	49.99861621
27.6795	49.99861622
27.6995	49.99861627
27.7195	49.99861635
27.7395	49.99861648
27.7595	49.99861663
27.7795	49.99861682
27.7995	49.99861704
27.8195	49.99861729
27.8395	49.99861756
27.8595	49.99861785
27.8795	49.99861814
27.8995	49.99861845
27.9195	49.99861875
27.9395	49.99861904
27.9595	49.99861933
27.9795	49.9986196
27.9995	49.99861984
28.0195	49.99862007
28.0395	49.99862026
28.0595	49.99862043
28.0795	49.99862057
28.0995	49.99862068
28.1195	49.99862077
28.1395	49.99862082
28.1595	49.99862085
28.1795	49.99862087
28.1995	49.99862086
28.2195	49.99862084
28.2395	49.99862082
28.2595	49.99862079
28.2795	49.99862076
28.2995	49.99862073
28.3195	49.99862071
28.3395	49.99862071
28.3595	49.99862072
28.3795	49.99862075
28.3995	49.99862079
28.4195	49.99862086
28.4395	49.99862095
28.4595	49.99862106
28.4795	49.99862119
28.4995	49.99862134
28.5195	49.99862151
28.5395	49.99862169
28.5595	49.99862188
28.5795	49.99862208
28.5995	49.99862228
28.6195	49.99862249
28.6395	49.99862269
28.6595	49.99862289
28.6795	49.99862308
28.6995	49.99862326
28.7195	49.99862343
28.7395	49.99862359
28.7595	49.99862372
28.7795	49.99862384
28.7995	49.99862395
28.8195	49.99862403
28.8395	49.9986241
28.8595	49.99862416
28.8795	49.99862421
28.8995	49.99862424
28.9195	49.99862426
28.9395	49.99862428
28.9595	49.9986243
28.9795	49.99862431
28.9995	49.99862432
29.0195	49.99862434
29.0395	49.99862437
29.0595	49.9986244
29.0795	49.99862444
29.0995	49.99862449
29.1195	49.99862456
29.1395	49.99862464
29.1595	49.99862472
29.1795	49.99862482
29.1995	49.99862494
29.2195	49.99862506
29.2395	49.99862519
29.2595	49.99862533
29.2795	49.99862547
29.2995	49.99862562
29.3195	49.99862577
29.3395	49.99862592
29.3595	49.99862606
29.3795	49.99862621
29.3995	49.99862634
29.4195	49.99862648
29.4395	49.9986266
29.4595	49.99862671
29.4795	49.99862682
29.4995	49.99862691
29.5195	49.998627
29.5395	49.99862707
29.5595	49.99862714
29.5795	49.9986272
29.5995	49.99862725
29.6195	49.9986273
29.6395	49.99862734
29.6595	49.99862738
29.6795	49.99862742
29.6995	49.99862745
29.7195	49.99862749
29.7395	49.99862754
29.7595	49.99862758
29.7795	49.99862763
29.7995	49.99862769
29.8195	49.99862775
29.8395	49.99862782
29.8595	49.9986279
29.8795	49.99862798
29.8995	49.99862807
29.9195	49.99862817
29.9395	49.99862827
29.9595	49.99862838
29.9795	49.99862849
29.9995	49.9986286
30.0195	50.01390881
30.0395	50.02290098
30.0595	50.02696549
30.0795	50.02823666
30.0995	50.02812277
30.1195	50.0271708
30.1395	50.02567163
30.1595	50.02392671
30.1795	50.02208606
30.1995	50.02021098
30.2195	50.01839062
30.2395	50.01669898
30.2595	50.01517399
30.2795	50.01385444
30.2995	50.01277862
30.3195	50.01196869
30.3395	50.01143794
30.3595	50.0111953
30.3795	50.0112402
30.3995	50.0115628
30.4195	50.01214704
30.4395	50.01297033
30.4595	50.01400364
30.4795	50.0152133
30.4995	50.01656226
30.5195	50.01800745
30.5395	50.01949759
30.5595	50.02104515
30.5795	50.02254992
30.5995	50.02398721
30.6195	50.02534779
30.6395	50.0265875
30.6595	50.02767757
30.6795	50.02860958
30.6995	50.02937044
30.7195	50.02995068
30.7395	50.03035316
30.7595	50.03058541
30.7795	50.03065805
30.7995	50.03058819
30.8195	50.03039765
30.8395	50.03011071
30.8595	50.02974983
30.8795	50.02932447
30.8995	50.02892587
30.9195	50.02854417
30.9395	50.02818948
30.9595	50.02791248
30.9795	50.02773384
30.9995	50.02766139
31.0195	50.02771561
31.0395	50.0279104
31.0595	50.02824805
31.0795	50.02873007
31.0995	50.02935513
31.1195	50.030115
31.1395	50.03051565
31.1595	50.03153755
31.1795	50.03259599
31.1995	50.03374233
31.2195	50.03495383
31.2395	50.03617338
31.2595	50.03739128
31.2795	50.03859519
31.2995	50.03975263
31.3195	50.04084293
31.3395	50.04185397
31.3595	50.04276919
31.3795	50.0435645
31.3995	50.04423464
31.4195	50.04482521
31.4395	50.04527566
31.4595	50.04559561
31.4795	50.04581632
31.4995	50.04593306
31.5195	50.04595064
31.5395	50.04589181
31.5595	50.04572956
31.5795	50.04558311
31.5995	50.04539548
31.6195	50.04516763
31.6395	50.0449596
31.6595	50.0447771
31.6795	50.04461737
31.6995	50.04450394
31.7195	50.04445024
31.7395	50.04445512
31.7595	50.04456124
31.7795	50.04468504
31.7995	50.04489275
31.8195	50.04518634
31.8395	50.04552666
31.8595	50.04591699
31.8795	50.04635937
31.8995	50.04683289
31.9195	50.04728413
31.9395	50.04782155
31.9595	50.04831382
31.9795	50.04877279
31.9995	50.04922508
32.0195	50.04963127
32.0395	50.04997312
32.0595	50.05025779
32.0795	50.05056131
32.0995	50.05070922
32.1195	50.0507398
32.1395	50.0507278
32.1595	50.05064241
32.1795	50.0504612
32.1995	50.0502138
32.2195	50.04990841
32.2395	50.04953995
32.2595	50.04922074
32.2795	50.04880092
32.2995	50.04829636
32.3195	50.04778185
32.3395	50.0472809
32.3595	50.04676689
32.3795	50.04625652
32.3995	50.04577157
32.4195	50.04530931
32.4395	50.044822
32.4595	50.04445492
32.4795	50.04408777
32.4995	50.04373797
32.5195	50.04344689
32.5395	50.04318729
32.5595	50.04294532
32.5795	50.04273202
32.5995	50.04254008
32.6195	50.04106399
32.6395	50.04090233
32.6595	50.04069114
32.6795	50.04050231
32.6995	50.04030469
32.7195	50.04006361
32.7395	50.03979523
32.7595	50.03949837
32.7795	50.03915622
32.7995	50.0387683
32.8195	50.03833709
32.8395	50.03803626
32.8595	50.03749977
32.8795	50.03695069
32.8995	50.03633022
32.9195	50.03566551
32.9395	50.03498028
32.9595	50.03426037
32.9795	50.03350968
32.9995	50.03274378
33.0195	50.03196561
33.0395	50.03117783
33.0595	50.03038914
33.0795	50.02957333
33.0995	50.02877071
33.1195	50.02802491
33.1395	50.02728718
33.1595	50.02655248
33.1795	50.02585059
33.1995	50.02517492
33.2195	50.0245153
33.2395	50.02387859
33.2595	50.02326496
33.2795	50.02266771
33.2995	50.02208478
33.3195	50.02151441
33.3395	50.02095164
33.3595	50.02039204
33.3795	50.0209748
33.3995	50.02042397
33.4195	50.0198701
33.4395	50.01927054
33.4595	50.01866651
33.4795	50.01805583
33.4995	50.017415
33.5195	50.01675086
33.5395	50.0160694
33.5595	50.01536384
33.5795	50.01463421
33.5995	50.01388514
33.6195	50.01311735
33.6395	50.01233205
33.6595	50.01153304
33.6795	50.01072365
33.6995	50.00990677
33.7195	50.00908611
33.7395	50.0082655
33.7595	50.00744832
33.7795	50.00663792
33.7995	50.00583751
33.8195	50.00504983
33.8395	50.00427721
33.8595	50.00352158
33.8795	50.00278432
33.8995	50.0020663
33.9195	50.00136784
33.9395	50.00068878
33.9595	50.00002843
33.9795	49.99938567
33.9995	49.99875899
34.0195	49.99814655
34.0395	49.99754624
34.0595	49.9969558
34.0795	49.99637285
34.0995	49.99579502
34.1195	49.99521998
34.1395	49.99464558
34.1595	49.99406986
34.1795	49.99349113
34.1995	49.99290803
34.2195	49.99231956
34.2395	49.9917251
34.2595	49.99112442
34.2795	49.99051771
34.2995	49.98990553
34.3195	49.98928879
34.3395	49.98866874
34.3595	49.9880469
34.3795	49.98742504
34.3995	49.98680507
34.4195	49.98618903
34.4395	49.98557901
34.4595	49.98497707
34.4795	49.98438522
34.4995	49.98380531
34.5195	49.98323904
34.5395	49.98268785
34.5595	49.98215296
34.5795	49.98163527
34.5995	49.98113539
34.6195	49.98065363
34.6395	49.97904646
34.6595	49.97858754
34.6795	49.97813926
34.6995	49.97774109
34.7195	49.97734742
34.7395	49.97695622
34.7595	49.97658779
34.7795	49.97623238
34.7995	49.97588175
34.8195	49.97554126
34.8395	49.97521007
34.8595	49.97488353
34.8795	49.97456171
34.8995	49.97424482
34.9195	49.97393112
34.9395	49.97361996
34.9595	49.97331159
34.9795	49.97300577
34.9995	49.97277354
35.0195	49.97243838
35.0395	49.97213863
35.0595	49.97186426
35.0795	49.97157102
35.0995	49.97128362
35.1195	49.97101499
35.1395	49.97075021
35.1595	49.97049135
35.1795	49.97024679
35.1995	49.97001415
35.2195	49.96979233
35.2395	49.96958462
35.2595	49.96939169
35.2795	49.96921289
35.2995	49.96886388
35.3195	49.96872509
35.3395	49.96856808
35.3595	49.96845457
35.3795	49.96835968
35.3995	49.96826364
35.4195	49.96818544
35.4395	49.96812554
35.4595	49.96807333
35.4795	49.96803139
35.4995	49.96800207
35.5195	49.96798149
35.5395	49.96796843
35.5595	49.96927837
35.5795	49.96926376
35.5995	49.96925425
35.6195	49.96928289
35.6395	49.96930353
35.6595	49.96931867
35.6795	49.96934879
35.6995	49.9693841
35.7195	49.96941886
35.7395	49.96946028
35.7595	49.96950856
35.7795	49.9695608
35.7995	49.96961885
35.8195	49.96968424
35.8395	49.9697694
35.8595	49.96987481
35.8795	49.96994502
35.8995	49.97003642
35.9195	49.9701522
35.9395	49.97026522
35.9595	49.97038587
35.9795	49.97052342
35.9995	49.97066959
36.0195	49.97082361
36.0395	49.97098978
36.0595	49.97116658
36.0795	49.97135223
36.0995	49.97154768
36.1195	49.97164505
36.1395	49.97186434
36.1595	49.97206265
36.1795	49.9722983
36.1995	49.97254221
36.2195	49.97277751
36.2395	49.97302384
36.2595	49.97328011
36.2795	49.97353641
36.2995	49.9737963
36.3195	49.97406216
36.3395	49.97433054
36.3595	49.97460107
36.3795	49.97487502
36.3995	49.97515167
36.4195	49.97538132
36.4395	49.97564275
36.4595	49.97591167
36.4795	49.97621425
36.4995	49.9765044
36.5195	49.97678895
36.5395	49.9770875
36.5595	49.97738932
36.5795	49.97768994
36.5995	49.97799677
36.6195	49.97830936
36.6395	49.97862476
36.6595	49.97894472
36.6795	49.97927017
36.6995	49.97960006
36.7195	49.97993442
36.7395	49.98027367
36.7595	49.98061746
36.7795	49.98096545
36.7995	49.98135659
36.8195	49.9816754
36.8395	49.98203759
36.8595	49.98241658
36.8795	49.98277333
36.8995	49.98313576
36.9195	49.9835104
36.9395	49.98388061
36.9595	49.98424932
36.9795	49.98462255
36.9995	49.98499577
37.0195	49.98536735
37.0395	49.98573952
37.0595	49.98611166
37.0795	49.98648253
37.0995	49.98685261
37.1195	49.98722203
37.1395	49.98759034
37.1595	49.98795756
37.1795	49.98832387
37.1995	49.98868922
37.2195	49.98905365
37.2395	49.98941729
37.2595	49.98978024
37.2795	49.99014258
37.2995	49.99050441
37.3195	49.99086584
37.3395	49.99122693
37.3595	49.99158774
37.3795	49.99194831
37.3995	49.99230865
37.4195	49.99266773
37.4395	49.99299438
37.4595	49.99337536
37.4795	49.99374152
37.4995	49.99408624
37.5195	49.99444509
37.5395	49.99480659
37.5595	49.99515815
37.5795	49.99550998
37.5995	49.99586351
37.6195	49.99621287
37.6395	49.99655933
37.6595	49.99690471
37.6795	49.99724723
37.6995	49.99758632
37.7195	49.99792267
37.7395	49.9982559
37.7595	49.99858552
37.7795	49.99891161
37.7995	49.99923414
37.8195	49.99955289
37.8395	49.99986781
37.8595	50.00017895
37.8795	50.00048624
37.8995	50.00078969
37.9195	50.00108934
37.9395	50.00138523
37.9595	50.00167739
37.9795	50.0019659
37.9995	50.00225081
38.0195	50.00253217
38.0395	50.00281005
38.0595	50.00308448
38.0795	50.00335551
38.0995	50.00362316
38.1195	50.00388743
38.1395	50.00414832
38.1595	50.00440581
38.1795	50.00465985
38.1995	50.00491039
38.2195	50.00515736
38.2395	50.00540067
38.2595	50.00564023
38.2795	50.00587593
38.2995	50.00610766
38.3195	50.0063353
38.3395	50.00655873
38.3595	50.00678003
38.3795	50.00699341
38.3995	50.00722604
38.4195	50.00742326
38.4395	50.00761717
38.4595	50.0078205
38.4795	50.00801265
38.4995	50.00819572
38.5195	50.00837854
38.5395	50.00855648
38.5595	50.00872716
38.5795	50.00889375
38.5995	50.00905611
38.6195	50.00921285
38.6395	50.00936466
38.6595	50.00951203
38.6795	50.00965455
38.6995	50.00979228
38.7195	50.00992553
38.7395	50.01005428
38.7595	50.01017853
38.7795	50.01029843
38.7995	50.01041405
38.8195	50.01052539
38.8395	50.01063254
38.8595	50.01073552
38.8795	50.01083437
38.8995	50.0109291
38.9195	50.01101972
38.9395	50.01110622
38.9595	50.0111886
38.9795	50.01126684
38.9995	50.0113409
39.0195	50.01141077
39.0395	50.01147641
39.0595	50.01153778
39.0795	50.01159486
39.0995	50.01164761
39.1195	50.011696
39.1395	50.01174003
39.1595	50.01177966
39.1795	50.01181491
39.1995	50.01180575
39.2195	50.01186953
39.2395	50.0118884
39.2595	50.01188988
39.2795	50.01191197
39.2995	50.01192621
39.3195	50.01192603
39.3395	50.01192766
39.3595	50.01192775
39.3795	50.01192005
39.3995	50.01190878
39.4195	50.01189536
39.4395	50.01187733
39.4595	50.01185518
39.4795	50.01183002
39.4995	50.01180133
39.5195	50.01176893
39.5395	50.01173329
39.5595	50.01169444
39.5795	50.0116523
39.5995	50.01160699
39.6195	50.01155864
39.6395	50.01150723
39.6595	50.01145281
39.6795	50.01139545
39.6995	50.01133519
39.7195	50.01127204
39.7395	50.01120605
39.7595	50.01113724
39.7795	50.01106564
39.7995	50.01099127
39.8195	50.01091416
39.8395	50.01083433
39.8595	50.01075181
39.8795	50.01066664
39.8995	50.01057884
39.9195	50.01057667
39.9395	50.01049304
39.9595	50.01036775
39.9795	50.01027586
39.9995	50.01018773
40.0195	50.01007798
40.0395	50.00997093
40.0595	50.00986889
40.0795	50.00975943
40.0995	50.00964658
40.1195	50.00953472
40.1395	50.0094203
40.1595	50.00930279
40.1795	50.00918422
40.1995	50.00906417
40.2195	50.00894199
40.2395	50.00881828
40.2595	50.00869326
40.2795	50.0085667
40.2995	50.00843874
40.3195	50.00830957
40.3395	50.00817919
40.3595	50.00804763
40.3795	50.00791502
40.3995	50.0077814
40.4195	50.00764682
40.4395	50.00751135
40.4595	50.00737504
40.4795	50.00723793
40.4995	50.00710008
40.5195	50.00696152
40.5395	50.0068223
40.5595	50.00668246
40.5795	50.00654204
40.5995	50.00640107
40.6195	50.00625959
40.6395	50.00611765
40.6595	50.00597528
40.6795	50.00583252
40.6995	50.00568942
40.7195	50.00554601
40.7395	50.00540234
40.7595	50.00525846
40.7795	50.00511442
40.7995	50.00497027
40.8195	50.00482606
40.8395	50.00468185
40.8595	50.0045377
40.8795	50.00439366
40.8995	50.00424979
40.9195	50.00410614
40.9395	50.00396279
40.9595	50.00381978
40.9795	50.00367718
40.9995	50.00353503
41.0195	50.0033934
41.0395	50.00325235
41.0595	50.0031119
41.0795	50.00297213
41.0995	50.00283308
41.1195	50.00269478
41.1395	50.00255728
41.1595	50.00242062
41.1795	50.00239082
41.1995	50.0022509
41.2195	50.00214014
41.2395	50.00200044
41.2595	50.00186072
41.2795	50.00173682
41.2995	50.00160855
41.3195	50.00147656
41.3395	50.00135016
41.3595	50.00122531
41.3795	50.00109923
41.3995	50.00097499
41.4195	50.00085271
41.4395	50.00073092
41.4595	50.00061019
41.4795	50.00049106
41.4995	50.00037307
41.5195	50.00025624
41.5395	50.00014082
41.5595	50.00002679
41.5795	49.99991411
41.5995	49.99980288
41.6195	49.99969316
41.6395	49.99958495
41.6595	49.99947831
41.6795	49.99937329
41.6995	49.99926991
41.7195	49.99916821
41.7395	49.99906822
41.7595	49.99896998
41.7795	49.99887351
41.7995	49.99877883
41.8195	49.99868597
41.8395	49.99859493
41.8595	49.99850572
41.8795	49.99841836
41.8995	49.99833285
41.9195	49.99824919
41.9395	49.99816738
41.9595	49.99808742
41.9795	49.9980093
41.9995	49.99783443
42.0195	49.99772396
42.0395	49.99767087
42.0595	49.99760953
42.0795	49.99752726
42.0995	49.99746059
42.1195	49.99740086
42.1395	49.99733427
42.1595	49.99727058
42.1795	49.99721243
42.1995	49.99715414
42.2195	49.99709679
42.2395	49.99704267
42.2595	49.99699037
42.2795	49.99693938
42.2995	49.99689061
42.3195	49.99684394
42.3395	49.996799
42.3595	49.99675601
42.3795	49.99671505
42.3995	49.996676
42.4195	49.99663885
42.4395	49.99660366
42.4595	49.9965704
42.4795	49.99653903
42.4995	49.99650957
42.5195	49.99648201
42.5395	49.99645631
42.5595	49.99643247
42.5795	49.99641047
42.5995	49.9963903
42.6195	49.99637193
42.6395	49.99635536
42.6595	49.99634055
42.6795	49.9963275
42.6995	49.9963162
42.7195	49.99630662
42.7395	49.99629875
42.7595	49.99629257
42.7795	49.99628808
42.7995	49.99628526
42.8195	49.99628411
42.8395	49.9962846
42.8595	49.99628673
42.8795	49.99629049
42.8995	49.99629587
42.9195	49.99630286
42.9395	49.99631144
42.9595	49.99632161
42.9795	49.99633336
42.9995	49.99634667
43.0195	49.99636152
43.0395	49.99637792
43.0595	49.99639583
43.0795	49.99641524
43.0995	49.99643614
43.1195	49.9964585
43.1395	49.9964823
43.1595	49.99650753
43.1795	49.99653415
43.1995	49.99656215
43.2195	49.9965915
43.2395	49.99662217
43.2595	49.99665414
43.2795	49.99668738
43.2995	49.99672187
43.3195	49.99675757
43.3395	49.99679447
43.3595	49.99683253
43.3795	49.99687172
43.3995	49.99691203
43.4195	49.99695342
43.4395	49.99699587
43.4595	49.99703936
43.4795	49.99708386
43.4995	49.99712935
43.5195	49.99717581
43.5395	49.99722321
43.5595	49.99727153
43.5795	49.99732076
43.5995	49.99737086
43.6195	49.99742183
43.6395	49.99747363
43.6595	49.99752624
43.6795	49.99757966
43.6995	49.99763385
43.7195	49.99768879
43.7395	49.99774446
43.7595	49.99780083
43.7795	49.99785789
43.7995	49.99791562
43.8195	49.99797398
43.8395	49.99803295
43.8595	49.9980925
43.8795	49.99815262
43.8995	49.99821327
43.9195	49.99827443
43.9395	49.99833607
43.9595	49.99839816
43.9795	49.99846068
43.9995	49.9985236
44.0195	49.99858689
44.0395	49.99865053
44.0595	49.99871449
44.0795	49.99877874
44.0995	49.99884326
44.1195	49.99890803
44.1395	49.99897301
44.1595	49.99903819
44.1795	49.99910354
44.1995	49.99916904
44.2195	49.99923466
44.2395	49.99930039
44.2595	49.99936621
44.2795	49.99943208
44.2995	49.999498
44.3195	49.99956393
44.3395	49.99962987
44.3595	49.99969579
44.3795	49.99976168
44.3995	49.99982751
44.4195	49.99989326
44.4395	49.99995892
44.4595	50.00002446
44.4795	50.00008987
44.4995	50.00015513
44.5195	50.00022021
44.5395	50.00028511
44.5595	50.00034979
44.5795	50.00041424
44.5995	50.00047844
44.6195	50.00054237
44.6395	50.00060601
44.6595	50.00066934
44.6795	50.00073234
44.6995	50.00079499
44.7195	50.00085727
44.7395	50.00091917
44.7595	50.00098067
44.7795	50.00104175
44.7995	50.00110238
44.8195	50.00116256
44.8395	50.00122227
44.8595	50.0012815
44.8795	50.00134022
44.8995	50.00139842
44.9195	50.00145609
44.9395	50.00151321
44.9595	50.00156978
44.9795	50.00162578
44.9995	50.0016812
45.0195	50.00173602
45.0395	50.00179023
45.0595	50.00184383
45.0795	50.0018968
45.0995	50.00194913
45.1195	50.00200082
45.1395	50.00205184
45.1595	50.0021022
45.1795	50.00215188
45.1995	50.00220088
45.2195	50.00224918
45.2395	50.00229677
45.2595	50.00234365
45.2795	50.00238981
45.2995	50.00243523
45.3195	50.00247991
45.3395	50.00252385
45.3595	50.00256702
45.3795	50.00260943
45.3995	50.00265107
45.4195	50.00269193
45.4395	50.002732
45.4595	50.00277128
45.4795	50.00280976
45.4995	50.00284743
45.5195	50.00288429
45.5395	50.00292033
45.5595	50.00295556
45.5795	50.00298995
45.5995	50.00302352
45.6195	50.00305626
45.6395	50.00308816
45.6595	50.00311923
45.6795	50.00314945
45.6995	50.00317884
45.7195	50.00320738
45.7395	50.00323508
45.7595	50.00326194
45.7795	50.00328795
45.7995	50.00331312
45.8195	50.00333745
45.8395	50.00336093
45.8595	50.00338357
45.8795	50.00340537
45.8995	50.00342633
45.9195	50.00344646
45.9395	50.00346574
45.9595	50.00348419
45.9795	50.0035018
45.9995	50.00351858
46.0195	50.00353453
46.0395	50.00354966
46.0595	50.00356396
46.0795	50.00357743
46.0995	50.00359008
46.1195	50.00360192
46.1395	50.00361295
46.1595	50.00362316
46.1795	50.00363257
46.1995	50.00364117
46.2195	50.00364898
46.2395	50.00365599
46.2595	50.00366221
46.2795	50.00366765
46.2995	50.00367232
46.3195	50.00367621
46.3395	50.00367933
46.3595	50.0036817
46.3795	50.00368331
46.3995	50.00368418
46.4195	50.00368431
46.4395	50.0036837
46.4595	50.00368237
46.4795	50.00368033
46.4995	50.00367757
46.5195	50.00367412
46.5395	50.00366997
46.5595	50.00366514
46.5795	50.00365963
46.5995	50.00365346
46.6195	50.00364662
46.6395	50.00363914
46.6595	50.00363101
46.6795	50.00362225
46.6995	50.00361287
46.7195	50.00360287
46.7395	50.00359227
46.7595	50.00358106
46.7795	50.00356927
46.7995	50.00355691
46.8195	50.00354397
46.8395	50.00353047
46.8595	50.00351642
46.8795	50.00350183
46.8995	50.00348671
46.9195	50.00347106
46.9395	50.00345491
46.9595	50.00343825
46.9795	50.0034211
46.9995	50.00340347
47.0195	50.00338537
47.0395	50.00336681
47.0595	50.0033478
47.0795	50.00332836
47.0995	50.00341478
47.1195	50.00338951
47.1395	50.00339187
47.1595	50.00336405
47.1795	50.00333486
47.1995	50.00332001
47.2195	50.00329939
47.2395	50.00327364
47.2595	50.00325202
47.2795	50.00323049
47.2995	50.00320626
47.3195	50.00318239
47.3395	50.00315897
47.3595	50.00313451
47.3795	50.0031096
47.3995	50.00308472
47.4195	50.00305942
47.4395	50.00303369
47.4595	50.00300777
47.4795	50.0029816
47.4995	50.00295514
47.5195	50.00292847
47.5395	50.00290161
47.5595	50.00287457
47.5795	50.00284737
47.5995	50.00282004
47.6195	50.00279259
47.6395	50.00276505
47.6595	50.00273743
47.6795	50.00270975
47.6995	50.00268202
47.7195	50.00265425
47.7395	50.00262646
47.7595	50.00259865
47.7795	50.00257083
47.7995	50.00254301
47.8195	50.00251518
47.8395	50.00248735
47.8595	50.00245952
47.8795	50.00243169
47.8995	50.00240387
47.9195	50.00237605
47.9395	50.00234823
47.9595	50.00232041
47.9795	50.00229261
47.9995	50.00226481
48.0195	50.00223702
48.0395	50.00220925
48.0595	50.0021815
48.0795	50.00215379
48.0995	50.00212612
48.1195	50.00209849
48.1395	50.00207093
48.1595	50.00204344
48.1795	50.00201604
48.1995	50.00198874
48.2195	50.00196155
48.2395	50.0019345
48.2595	50.00190758
48.2795	50.00188083
48.2995	50.00185425
48.3195	50.00182785
48.3395	50.00180165
48.3595	50.00177566
48.3795	50.00174989
48.3995	50.00172435
48.4195	50.00169904
48.4395	50.00167398
48.4595	50.00164917
48.4795	50.00162462
48.4995	50.00160032
48.5195	50.00157629
48.5395	50.00155251
48.5595	50.00152901
48.5795	50.00150576
48.5995	50.00148279
48.6195	50.00146007
48.6395	50.00143762
48.6595	50.00141544
48.6795	50.00139353
48.6995	50.00137188
48.7195	50.00135049
48.7395	50.00132938
48.7595	50.00130854
48.7795	50.00128798
48.7995	50.00126769
48.8195	50.00124769
48.8395	50.00122798
48.8595	50.00120856
48.8795	50.00118945
48.8995	50.00117064
48.9195	50.00115215
48.9395	50.00113398
48.9595	50.00111614
48.9795	50.00109863
48.9995	50.00108146
49.0195	50.00106465
49.0395	50.00104818
49.0595	50.00103208
49.0795	50.00101633
49.0995	50.00100096
49.1195	50.00098595
49.1395	50.00097132
49.1595	50.00095706
49.1795	50.00094317
49.1995	50.00092966
49.2195	50.00091653
49.2395	50.00090376
49.2595	50.00089137
49.2795	50.00087935
49.2995	50.0008677
49.3195	50.00085641
49.3395	50.00084548
49.3595	50.00083491
49.3795	50.0008247
49.3995	50.00081485
49.4195	50.00080534
49.4395	50.00079619
49.4595	50.00078739
49.4795	50.00077894
49.4995	50.00077083
49.5195	50.00076307
49.5395	50.00075566
49.5595	50.00074859
49.5795	50.00074187
49.5995	50.0007355
49.6195	50.00072948
49.6395	50.00072381
49.6595	50.00071848
49.6795	50.00071351
49.6995	50.00070889
49.7195	50.00070463
49.7395	50.00070071
49.7595	50.00069715
49.7795	50.00069394
49.7995	50.00069108
49.8195	50.00068858
49.8395	50.00068641
49.8595	50.0006846
49.8795	50.00068312
49.8995	50.00068199
49.9195	50.00068119
49.9395	50.00068072
49.9595	50.00068059
49.9795	50.00068077
49.9995	50.00068128
50.0195	50.00068209
50.0395	50.00068322
50.0595	50.00068465
50.0795	50.00068638
50.0995	50.00068841
50.1195	50.00069073
50.1395	50.00069333
50.1595	50.00069621
50.1795	50.00069937
50.1995	50.0007028
50.2195	50.0007065
50.2395	50.00071046
50.2595	50.00071469
50.2795	50.00071918
50.2995	50.00072392
50.3195	50.00072892
50.3395	50.00073416
50.3595	50.00073966
50.3795	50.0007454
50.3995	50.00075138
50.4195	50.00075759
50.4395	50.00076405
50.4595	50.00077074
50.4795	50.00077765
50.4995	50.00078479
50.5195	50.00079216
50.5395	50.00079974
50.5595	50.00080753
50.5795	50.00081553
50.5995	50.00082374
50.6195	50.00083215
50.6395	50.00084075
50.6595	50.00084953
50.6795	50.00085851
50.6995	50.00086765
50.7195	50.00087698
50.7395	50.00088646
50.7595	50.00089611
50.7795	50.00090591
50.7995	50.00091586
50.8195	50.00092596
50.8395	50.00093619
50.8595	50.00094656
50.8795	50.00095705
50.8995	50.00096767
50.9195	50.00097841
50.9395	50.00098926
50.9595	50.00100022
50.9795	50.00101128
50.9995	50.00102245
51.0195	50.00103371
51.0395	50.00104507
51.0595	50.00105651
51.0795	50.00106804
51.0995	50.00107965
51.1195	50.00109134
51.1395	50.0011031
51.1595	50.00111493
51.1795	50.00112682
51.1995	50.00113878
51.2195	50.00115079
51.2395	50.00116286
51.2595	50.00117498
51.2795	50.00118714
51.2995	50.00119934
51.3195	50.00121158
51.3395	50.00122384
51.3595	50.00123614
51.3795	50.00124845
51.3995	50.00126078
51.4195	50.00127312
51.4395	50.00128547
51.4595	50.00129782
51.4795	50.00131017
51.4995	50.00132251
51.5195	50.00133484
51.5395	50.00134715
51.5595	50.00135945
51.5795	50.00137172
51.5995	50.00138396
51.6195	50.00139616
51.6395	50.00140834
51.6595	50.00142047
51.6795	50.00143256
51.6995	50.0014446
51.7195	50.00145659
51.7395	50.00146853
51.7595	50.00148041
51.7795	50.00149224
51.7995	50.001504
51.8195	50.00151569
51.8395	50.00152732
51.8595	50.00153888
51.8795	50.00155037
51.8995	50.00156177
51.9195	50.0015731
51.9395	50.00158435
51.9595	50.00159551
51.9795	50.00160659
51.9995	50.00161757
52.0195	50.00162846
52.0395	50.00163926
52.0595	50.00164995
52.0795	50.00166055
52.0995	50.00167104
52.1195	50.00168142
52.1395	50.00169169
52.1595	50.00170185
52.1795	50.00171189
52.1995	50.00172182
52.2195	50.00173162
52.2395	50.0017413
52.2595	50.00175085
52.2795	50.00176028
52.2995	50.00176958
52.3195	50.00177875
52.3395	50.00178778
52.3595	50.00179668
52.3795	50.00180544
52.3995	50.00181406
52.4195	50.00182254
52.4395	50.00183088
52.4595	50.00183908
52.4795	50.00184714
52.4995	50.00185505
52.5195	50.00186281
52.5395	50.00187043
52.5595	50.0018779
52.5795	50.00188523
52.5995	50.0018924
52.6195	50.00189942
52.6395	50.0019063
52.6595	50.00191302
52.6795	50.00191959
52.6995	50.001926
52.7195	50.00193226
52.7395	50.00193837
52.7595	50.00194432
52.7795	50.00195012
52.7995	50.00195576
52.8195	50.00196124
52.8395	50.00196656
52.8595	50.00197173
52.8795	50.00197674
52.8995	50.00198159
52.9195	50.00198628
52.9395	50.00199081
52.9595	50.00199518
52.9795	50.00199939
52.9995	50.00200344
53.0195	50.00200733
53.0395	50.00201106
53.0595	50.00201464
53.0795	50.00201805
53.0995	50.00202131
53.1195	50.0020244
53.1395	50.00202734
53.1595	50.00203013
53.1795	50.00203275
53.1995	50.00203523
53.2195	50.00203754
53.2395	50.00203971
53.2595	50.00204172
53.2795	50.00204357
53.2995	50.00204528
53.3195	50.00203266
53.3395	50.00200897
53.3595	50.0020281
53.3795	50.00203421
53.3995	50.00202522
53.4195	50.0020284
53.4395	50.00203363
53.4595	50.00203199
53.4795	50.00203186
53.4995	50.00203405
53.5195	50.00203424
53.5395	50.00203377
53.5595	50.00203414
53.5795	50.0020341
53.5995	50.00203343
53.6195	50.00203283
53.6395	50.00203211
53.6595	50.00203105
53.6795	50.00202982
53.6995	50.0020285
53.7195	50.00202697
53.7395	50.00202528
53.7595	50.00202349
53.7795	50.00202158
53.7995	50.00201955
53.8195	50.00201743
53.8395	50.00201523
53.8595	50.00201296
53.8795	50.00201063
53.8995	50.00200824
53.9195	50.0020058
53.9395	50.00200332
53.9595	50.00200079
53.9795	50.00199821
53.9995	50.00199559
54.0195	50.00199292
54.0395	50.00199018
54.0595	50.00198739
54.0795	50.00198453
54.0995	50.0019816
54.1195	50.00197858
54.1395	50.00197547
54.1595	50.00197226
54.1795	50.00196895
54.1995	50.00196553
54.2195	50.001962
54.2395	50.00195836
54.2595	50.00195459
54.2795	50.00195071
54.2995	50.00194671
54.3195	50.00194259
54.3395	50.00193837
54.3595	50.00193404
54.3795	50.00192961
54.3995	50.00192508
54.4195	50.00192047
54.4395	50.00191579
54.4595	50.00191104
54.4795	50.00190623
54.4995	50.00190137
54.5195	50.00189648
54.5395	50.00189154
54.5595	50.00188659
54.5795	50.00188161
54.5995	50.00187663
54.6195	50.00187163
54.6395	50.00186663
54.6595	50.00186162
54.6795	50.00185661
54.6995	50.0018516
54.7195	50.00184659
54.7395	50.00184158
54.7595	50.00183656
54.7795	50.00183153
54.7995	50.00182649
54.8195	50.00182143
54.8395	50.00181636
54.8595	50.00181126
54.8795	50.00180614
54.8995	50.00180099
54.9195	50.00179581
54.9395	50.0017906
54.9595	50.00178536
54.9795	50.00178008
54.9995	50.00177478
55.0195	50.00176945
55.0395	50.00176409
55.0595	50.00175871
55.0795	50.00175331
55.0995	50.0017479
55.1195	50.00174247
55.1395	50.00173704
55.1595	50.00173162
55.1795	50.0017262
55.1995	50.00172079
55.2195	50.0017154
55.2395	50.00171004
55.2595	50.0017047
55.2795	50.0016994
55.2995	50.00169413
55.3195	50.00168891
55.3395	50.00168372
55.3595	50.00167858
55.3795	50.00167349
55.3995	50.00166844
55.4195	50.00166344
55.4395	50.00165849
55.4595	50.00165358
55.4795	50.00164871
55.4995	50.00164389
55.5195	50.00163911
55.5395	50.00163437
55.5595	50.00162966
55.5795	50.00162499
55.5995	50.00162036
55.6195	50.00161575
55.6395	50.00161118
55.6595	50.00160664
55.6795	50.00160214
55.6995	50.00159766
55.7195	50.00159322
55.7395	50.00158881
55.7595	50.00158443
55.7795	50.0015801
55.7995	50.0015758
55.8195	50.00157155
55.8395	50.00156734
55.8595	50.00156318
55.8795	50.00155908
55.8995	50.00155503
55.9195	50.00155103
55.9395	50.0015471
55.9595	50.00154323
55.9795	50.00153943
55.9995	50.0015357
56.0195	50.00153204
56.0395	50.00152845
56.0595	50.00152493
56.0795	50.00152148
56.0995	50.00151811
56.1195	50.00151482
56.1395	50.0015116
56.1595	50.00150845
56.1795	50.00150537
56.1995	50.00150236
56.2195	50.00149942
56.2395	50.00149655
56.2595	50.00149374
56.2795	50.001491
56.2995	50.00148833
56.3195	50.00148572
56.3395	50.00148316
56.3595	50.00148067
56.3795	50.00147824
56.3995	50.00147587
56.4195	50.00147356
56.4395	50.00147131
56.4595	50.00146912
56.4795	50.00146699
56.4995	50.00146492
56.5195	50.00146291
56.5395	50.00146097
56.5595	50.00145909
56.5795	50.00145728
56.5995	50.00145554
56.6195	50.00145387
56.6395	50.00145226
56.6595	50.00145073
56.6795	50.00144927
56.6995	50.00144789
56.7195	50.00144657
56.7395	50.00144533
56.7595	50.00144417
56.7795	50.00144308
56.7995	50.00144206
56.8195	50.00144111
56.8395	50.00144024
56.8595	50.00143944
56.8795	50.00143871
56.8995	50.00143804
56.9195	50.00143745
56.9395	50.00143692
56.9595	50.00143646
56.9795	50.00143606
56.9995	50.00143572
57.0195	50.00143544
57.0395	50.00143522
57.0595	50.00143506
57.0795	50.00143496
57.0995	50.00143491
57.1195	50.00143492
57.1395	50.00143498
57.1595	50.0014351
57.1795	50.00143527
57.1995	50.0014355
57.2195	50.00143577
57.2395	50.00143611
57.2595	50.00143649
57.2795	50.00143693
57.2995	50.00143743
57.3195	50.00143798
57.3395	50.00143858
57.3595	50.00143923
57.3795	50.00143995
57.3995	50.00144071
57.4195	50.00144153
57.4395	50.0014424
57.4595	50.00144332
57.4795	50.0014443
57.4995	50.00144533
57.5195	50.00144641
57.5395	50.00144753
57.5595	50.00144871
57.5795	50.00144993
57.5995	50.0014512
57.6195	50.00145252
57.6395	50.00145387
57.6595	50.00145527
57.6795	50.00145671
57.6995	50.00145819
57.7195	50.0014597
57.7395	50.00146125
57.7595	50.00146284
57.7795	50.00146446
57.7995	50.00146611
57.8195	50.0014678
57.8395	50.00146951
57.8595	50.00147125
57.8795	50.00147303
57.8995	50.00147483
57.9195	50.00147666
57.9395	50.00147851
57.9595	50.00148039
57.9795	50.0014823
57.9995	50.00148424
58.0195	50.0014862
58.0395	50.00148818
58.0595	50.00149019
58.0795	50.00149222
58.0995	50.00149428
58.1195	50.00149636
58.1395	50.00149846
58.1595	50.00150058
58.1795	50.00150272
58.1995	50.00150488
58.2195	50.00150706
58.2395	50.00150926
58.2595	50.00151148
58.2795	50.00151371
58.2995	50.00151595
58.3195	50.00151821
58.3395	50.00152048
58.3595	50.00152277
58.3795	50.00152506
58.3995	50.00152736
58.4195	50.00152967
58.4395	50.00153198
58.4595	50.0015343
58.4795	50.00153663
58.4995	50.00153895
58.5195	50.00154128
58.5395	50.00154362
58.5595	50.00154595
58.5795	50.00154828
58.5995	50.00155061
58.6195	50.00155294
58.6395	50.00155527
58.6595	50.00155759
58.6795	50.00155992
58.6995	50.00156224
58.7195	50.00156455
58.7395	50.00156686
58.7595	50.00156916
58.7795	50.00157146
58.7995	50.00157376
58.8195	50.00157604
58.8395	50.00157832
58.8595	50.0015806
58.8795	50.00158286
58.8995	50.00158512
58.9195	50.00158736
58.9395	50.0015896
58.9595	50.00159182
58.9795	50.00159403
58.9995	50.00030551
59.0195	50.00032569
59.0395	50.00029818
59.0595	50.00030426
59.0795	50.00031928
59.0995	50.00031493
59.1195	50.00031427
59.1395	50.00032134
59.1595	50.0003235
59.1795	50.00032391
59.1995	50.00032726
59.2195	50.00033013
59.2395	50.00033165
59.2595	50.00033378
59.2795	50.00033613
59.2995	50.00033793
59.3195	50.00033967
59.3395	50.00034153
59.3595	50.00034321
59.3795	50.00034476
59.3995	50.00034631
59.4195	50.00034781
59.4395	50.00034923
59.4595	50.00035063
59.4795	50.00035203
59.4995	50.0003534
59.5195	50.00035478
59.5395	50.00035617
59.5595	50.00035758
59.5795	50.00035902
59.5995	50.00036049
59.6195	50.00036199
59.6395	50.00036352
59.6595	50.00036509
59.6795	50.00036669
59.6995	50.00036831
59.7195	50.00036995
59.7395	50.00037161
59.7595	50.00037327
59.7795	50.00037492
59.7995	50.00037656
59.8195	50.00037818
59.8395	50.00037976
59.8595	50.00038131
59.8795	50.0003828
59.8995	50.00038423
59.9195	50.0003856
59.9395	50.0003869
59.9595	50.00038813
59.9795	50.00038928
59.9995	50.00039036
60.0195	50.00039136
60.0395	50.00039229
60.0595	50.00039315
60.0795	50.00039395
60.0995	50.00039469
60.1195	50.00039537
60.1395	50.000396
60.1595	50.0003966
60.1795	50.00039717
60.1995	50.0003977
60.2195	50.00039822
60.2395	50.00039873
60.2595	50.00039923
60.2795	50.00039972
60.2995	50.00040021
60.3195	50.00040071
60.3395	50.00040121
60.3595	50.00040171
60.3795	50.00040221
60.3995	50.00040272
60.4195	50.00040322
60.4395	50.00040372
60.4595	50.0004042
60.4795	50.00040468
60.4995	50.00040513
60.5195	50.00040556
60.5395	50.00040596
60.5595	50.00040632
60.5795	50.00040664
60.5995	50.00040692
60.6195	50.00040715
60.6395	50.00040733
60.6595	50.00040746
60.6795	50.00040754
60.6995	50.00040756
60.7195	50.00040752
60.7395	50.00040744
60.7595	50.0004073
60.7795	50.00040712
60.7995	50.00040688
60.8195	50.00040661
60.8395	50.0004063
60.8595	50.00040596
60.8795	50.00040559
60.8995	50.0004052
60.9195	50.00040478
60.9395	50.00040435
60.9595	50.00040391
60.9795	50.00040346
60.9995	50.000403
61.0195	50.00040254
61.0395	50.00040207
61.0595	50.0004016
61.0795	50.00040112
61.0995	50.00040064
61.1195	50.00040016
61.1395	50.00039967
61.1595	50.00039918
61.1795	50.00039867
61.1995	50.00039815
61.2195	50.00039762
61.2395	50.00039706
61.2595	50.00039649
61.2795	50.00039589
61.2995	50.00039527
61.3195	50.00039461
61.3395	50.00039393
61.3595	50.00039322
61.3795	50.00039248
61.3995	50.0003917
61.4195	50.0003909
61.4395	50.00039006
61.4595	50.0003892
61.4795	50.0003883
61.4995	50.00038738
61.5195	50.00038644
61.5395	50.00038548
61.5595	50.0003845
61.5795	50.00038351
61.5995	50.0003825
61.6195	50.00038148
61.6395	50.00038046
61.6595	50.00037943
61.6795	50.0003784
61.6995	50.00037736
61.7195	50.00037633
61.7395	50.0003753
61.7595	50.00037427
61.7795	50.00037325
61.7995	50.00037222
61.8195	50.00037121
61.8395	50.00037019
61.8595	50.00036917
61.8795	50.00036816
61.8995	50.00036714
61.9195	50.00036612
61.9395	50.0003651
61.9595	50.00036407
61.9795	50.00036304
61.9995	50.000362
62.0195	50.00036095
62.0395	50.00035989
62.0595	50.00035882
62.0795	50.00035774
62.0995	50.00035665
62.1195	50.00035555
62.1395	50.00035444
62.1595	50.00035332
62.1795	50.00035219
62.1995	50.00035105
62.2195	50.00034991
62.2395	50.00034877
62.2595	50.00034762
62.2795	50.00034647
62.2995	50.00034533
62.3195	50.00034418
62.3395	50.00034304
62.3595	50.00034191
62.3795	50.00034078
62.3995	50.00033966
62.4195	50.00033855
62.4395	50.00033746
62.4595	50.00033637
62.4795	50.00033529
62.4995	50.00033423
62.5195	50.00033318
62.5395	50.00033214
62.5595	50.00033111
62.5795	50.00033009
62.5995	50.00032908
62.6195	50.00032808
62.6395	50.00032708
62.6595	50.0003261
62.6795	50.00032512
62.6995	50.00032415
62.7195	50.00032319
62.7395	50.00032223
62.7595	50.00032127
62.7795	50.00032032
62.7995	50.00031937
62.8195	50.00031843
62.8395	50.00031749
62.8595	50.00031656
62.8795	50.00031563
62.8995	50.00031471
62.9195	50.0003138
62.9395	50.00031289
62.9595	50.00031199
62.9795	50.0003111
62.9995	50.00031022
63.0195	50.00030936
63.0395	50.0003085
63.0595	50.00030766
63.0795	50.00030684
63.0995	50.00030603
63.1195	50.00030523
63.1395	50.00030445
63.1595	50.00030369
63.1795	50.00030294
63.1995	50.00030221
63.2195	50.0003015
63.2395	50.0003008
63.2595	50.00030012
63.2795	50.00029946
63.2995	50.00029881
63.3195	50.00029817
63.3395	50.00029756
63.3595	50.00029695
63.3795	50.00029636
63.3995	50.00029578
63.4195	50.00029522
63.4395	50.00029466
63.4595	50.00029412
63.4795	50.00029359
63.4995	50.00029308
63.5195	50.00029257
63.5395	50.00029208
63.5595	50.00029159
63.5795	50.00029112
63.5995	50.00029066
63.6195	50.00029021
63.6395	50.00028978
63.6595	50.00028936
63.6795	50.00028895
63.6995	50.00028855
63.7195	50.00028817
63.7395	50.0002878
63.7595	50.00028745
63.7795	50.00028712
63.7995	50.0002868
63.8195	50.0002865
63.8395	50.00028621
63.8595	50.00028594
63.8795	50.00028568
63.8995	50.00028544
63.9195	50.00028522
63.9395	50.00028502
63.9595	50.00028483
63.9795	50.00028465
63.9995	50.0002845
64.0195	50.00028435
64.0395	50.00028422
64.0595	50.00028411
64.0795	50.00028401
64.0995	50.00028392
64.1195	50.00028384
64.1395	50.00028378
64.1595	50.00028373
64.1795	50.00028369
64.1995	50.00028366
64.2195	50.00028365
64.2395	50.00028364
64.2595	50.00028365
64.2795	50.00028367
64.2995	50.00028369
64.3195	50.00028373
64.3395	50.00028378
64.3595	50.00028384
64.3795	50.00028392
64.3995	50.000284
64.4195	50.00028409
64.4395	50.0002842
64.4595	50.00028432
64.4795	50.00028445
64.4995	50.00028459
64.5195	50.00028475
64.5395	50.00028491
64.5595	50.00028509
64.5795	50.00028528
64.5995	50.00028548
64.6195	50.00028569
64.6395	50.00028592
64.6595	50.00028615
64.6795	50.0002864
64.6995	50.00028665
64.7195	50.00028692
64.7395	50.0002872
64.7595	50.00047381
64.7795	50.00046557
64.7995	50.00048906
64.8195	50.00048429
64.8395	50.00047618
64.8595	50.00048302
64.8795	50.0004855
64.8995	50.00048267
64.9195	50.00048405
64.9395	50.0004862
64.9595	50.00048598
64.9795	50.00048625
64.9995	50.00048735
65.0195	50.00048776
65.0395	50.00048794
65.0595	50.00048841
65.0795	50.00048876
65.0995	50.0004889
65.1195	50.00048909
65.1395	50.00048927
65.1595	50.00048937
65.1795	50.00048946
65.1995	50.00048956
65.2195	50.00048966
65.2395	50.00048978
65.2595	50.00048992
65.2795	50.00049011
65.2995	50.00049034
65.3195	50.00049063
65.3395	50.00049098
65.3595	50.00049138
65.3795	50.00049186
65.3995	50.00049239
65.4195	50.00049299
65.4395	50.00049365
65.4595	50.00049436
65.4795	50.00049511
65.4995	50.0004959
65.5195	50.00049672
65.5395	50.00049756
65.5595	50.00049841
65.5795	50.00049925
65.5995	50.00050009
65.6195	50.00050092
65.6395	50.00050171
65.6595	50.00050248
65.6795	50.00050321
65.6995	50.00050389
65.7195	50.00050453
65.7395	50.00050513
65.7595	50.00050568
65.7795	50.00050619
65.7995	50.00050666
65.8195	50.00050709
65.8395	50.00050749
65.8595	50.00050786
65.8795	50.00050822
65.8995	50.00050856
65.9195	50.00050889
65.9395	50.00050923
65.9595	50.00050957
65.9795	50.00050993
65.9995	50.0005103
66.0195	50.0005107
66.0395	50.00051112
66.0595	50.00051157
66.0795	50.00051205
66.0995	50.00051256
66.1195	50.0005131
66.1395	50.00051367
66.1595	50.00051427
66.1795	50.00051488
66.1995	50.00051551
66.2195	50.00051615
66.2395	50.0005168
66.2595	50.00051745
66.2795	50.0005181
66.2995	50.00051874
66.3195	50.00051936
66.3395	50.00051996
66.3595	50.00052054
66.3795	50.00052109
66.3995	50.00052161
66.4195	50.00052211
66.4395	50.00052256
66.4595	50.00052299
66.4795	50.00052338
66.4995	50.00052375
66.5195	50.00052408
66.5395	50.00052439
66.5595	50.00052467
66.5795	50.00052494
66.5995	50.00052519
66.6195	50.00052543
66.6395	50.00052566
66.6595	50.00052589
66.6795	50.00052612
66.6995	50.00052635
66.7195	50.00052659
66.7395	50.00052684
66.7595	50.0005271
66.7795	50.00052736
66.7995	50.00052765
66.8195	50.00052794
66.8395	50.00052824
66.8595	50.00052855
66.8795	50.00052888
66.8995	50.0005292
66.9195	50.00052953
66.9395	50.00052986
66.9595	50.00053019
66.9795	50.00053051
66.9995	50.00053082
67.0195	50.00053112
67.0395	50.0005314
67.0595	50.00053167
67.0795	50.00053192
67.0995	50.00053214
67.1195	50.00053235
67.1395	50.00053253
67.1595	50.00053269
67.1795	50.00053282
67.1995	50.00053294
67.2195	50.00053303
67.2395	50.0005331
67.2595	50.00053316
67.2795	50.00053319
67.2995	50.00053322
67.3195	50.00053323
67.3395	50.00053324
67.3595	50.00053323
67.3795	50.00053323
67.3995	50.00053322
67.4195	50.00053321
67.4395	50.00053321
67.4595	50.0005332
67.4795	50.0005332
67.4995	50.0005332
67.5195	50.00053321
67.5395	50.00053322
67.5595	50.00053323
67.5795	50.00053325
67.5995	50.00053327
67.6195	50.00053329
67.6395	50.0005333
67.6595	50.00053332
67.6795	50.00053333
67.6995	50.00053333
67.7195	50.00053332
67.7395	50.0005333
67.7595	50.00053328
67.7795	50.00053324
67.7995	50.00053318
67.8195	50.00053312
67.8395	50.00053304
67.8595	50.00053294
67.8795	50.00053283
67.8995	50.0005327
67.9195	50.00053256
67.9395	50.00053241
67.9595	50.00053225
67.9795	50.00053207
67.9995	50.00053189
68.0195	50.0005317
68.0395	50.0005315
68.0595	50.0005313
68.0795	50.00053109
68.0995	50.00053088
68.1195	50.00053067
68.1395	50.00053046
68.1595	50.00053025
68.1795	50.00053005
68.1995	50.00052984
68.2195	50.00052964
68.2395	50.00052944
68.2595	50.00052924
68.2795	50.00052905
68.2995	50.00052885
68.3195	50.00052866
68.3395	50.00052847
68.3595	50.00052827
68.3795	50.00052808
68.3995	50.00052788
68.4195	50.00052767
68.4395	50.00052747
68.4595	50.00052725
68.4795	50.00052704
68.4995	50.00052681
68.5195	50.00052658
68.5395	50.00052634
68.5595	50.00052609
68.5795	50.00052584
68.5995	50.00052558
68.6195	50.00052531
68.6395	50.00052503
68.6595	50.00052475
68.6795	50.00052447
68.6995	50.00052418
68.7195	50.00052389
68.7395	50.00052359
68.7595	50.0005233
68.7795	50.000523
68.7995	50.0005227
68.8195	50.00052241
68.8395	50.00052211
68.8595	50.00052182
68.8795	50.00052153
68.8995	50.00052124
68.9195	50.00052096
68.9395	50.00052068
68.9595	50.00052041
68.9795	50.00052013
68.9995	50.00051986
69.0195	50.0005196
69.0395	50.00051933
69.0595	50.00051907
69.0795	50.00051881
69.0995	50.00051855
69.1195	50.00051829
69.1395	50.00051803
69.1595	50.00051777
69.1795	50.00051751
69.1995	50.00051724
69.2195	50.00051698
69.2395	50.00051671
69.2595	50.00051645
69.2795	50.00051618
69.2995	50.00051591
69.3195	50.00051564
69.3395	50.00051536
69.3595	50.00051509
69.3795	50.00051481
69.3995	50.00051454
69.4195	50.00051426
69.4395	50.00051399
69.4595	50.00051372
69.4795	50.00051345
69.4995	50.00051318
69.5195	50.00051292
69.5395	50.00051266
69.5595	50.0005124
69.5795	50.00051215
69.5995	50.0005119
69.6195	50.00051166
69.6395	50.00051142
69.6595	50.00051119
69.6795	50.00051096
69.6995	50.00051073
69.7195	50.00051051
69.7395	50.0005103
69.7595	50.00051009
69.7795	50.00050988
69.7995	50.00050967
69.8195	50.00050947
69.8395	50.00050927
69.8595	50.00050908
69.8795	50.00050888
69.8995	50.00050869
69.9195	50.0005085
69.9395	50.00050831
69.9595	50.00050812
69.9795	50.00050794
69.9995	50.00050775
	
	
	
	
	
	
	
	
	
	
	
	
	
	
	
	
	
	
	
	
	
	
	
	
	
	
	
	
	
	
	
	
	
	
	
	
	
	
	
	
	
	
	
	
	
	
	
	
	
	
	
	
	
	
	
	
	
	
	
	
	
	
	
	
	
	
	
	
	
	
	
	
	
	
	
	
	
	
	
	
	
	
	
	
	
	
	
	
	
	
	
	
	
	
	
	
	
	
	
	
	
	
	
	
	
	
	
	
	
	
	
	
	
	
	
	
	
	
	
	
	
	
	
	
	
	
	
	
	
	
	
	
	
	
	
	
	
	
	
	
	
	
	
	
	
	
	
	
	
	
	
	
	
	
	
	
	
	
	
	
	
	
	
	
	
	
	
	
	
	
	
	
	
	
	
	
	
	
	
	
	
	
	
	
	
	
	
	
	
	
	
	
	
	
	
	
	
	
	
	
	
	
	
	
	
	
	
	
	
	
	
	
	
	
	
	
	
	
	
	
	
	
	
	
	
	
	
	
	
	
	
	
	
	
	
	
	
	
	
	
	
	
	
	
	
	
	
	
	
	
	
	
	
	
	
	
	
	
	
	
	
	
	
	
	
	
	
	
	
	
	
	
	
	
	
	
	
	
	
	
	
	
	
	
	
	
	
	
	
	
	
	
	
	
	
	
	
	
	
	
	
	
	
	
	
	
	
	
	
	
	
	
	
	
	
	
	
	
	
	
	
	
	
	
	
	
	
	
	
	
	
	
	
	
	
	
	
	
	
	
	
	
	
	
	
	
	
	
	
	
	
	
	
	
	
	
	
	
	
	
	
	
	
	
	
	
	
	
	
	
	
	
	
	
	
	
	
	
	
	
	
	
	
	
	
	
	
	
	
	
	
	
	
	
	
	
	
	
	
	
	
	
	
	
	
	
	
	
	
	
	
	
	
	
	
	
	
	
	
	
	
	
	
	
	
	
	
	
	
	
	
	
	
	
	
	
	
	
	
	
	
	
	
	
	
	
	
	
	
	
	
	
	
	
	
	
	
	
	
	
	
	
	
	
	
	
	
	
	
	
	
	
	
	
	
	
	
	
	
	
	
	
	
	
	
	
	
	
	
	
	
	
	
	
	
	
	
	
	
	
	
	
	
	
	
	
	
	
	
	
	
	
	
	
	
	
	
	
	
	
	
	
	
	
	
	
	
	
	
	
	
	
	
	
	
	
	
	
	
	
	
	
	
	
	
	
	
	
	
	
	
	
	
	
	
	
	
	
	
	
	
	
	
	
	
	
	
	
	
	
	
	
	
	
	
	
	
	
	
	
	
	
	
	
	
	
	
	
	
	
	
	
	
	
	
	
	
	
	
	
	
	
	
	
	
	
	
	
	
	
	
	
	
	
	
	
	
	
	
	
	
	
	
	
	
	
	
	
	
	
	
	
	
	
	
	
	
	
	
	
	
	
	
	
	
	
	
	
	
	
	
	
	
	
	
	
	
	
	
	
	
	
	
	
	
	
	
	
	
	
	
	
	
	
	
	
	
	
	
	
	
	
	
	
	
	
	
	
	
	
	
	
	
	
	
	
	
	
	
	
	
	
	
	
	
	
	
	
	
	
	
	
	
	
	
	
	
	
	
	
	
	
	
	
	
	
	
	
	
	
	
	
	
	
	
	
	
	
	
	
	
	
	
	
	
	
	
	
	
	
	
	
	
	
	
	
	
	
	
	
	
	
	
	
	
	
	
	
	
	
	
	
	
	
	
	
	
	
	
	
	
	
	
	
	
	
	
	
	
	
	
	
	
	
	
	
	
	
	
	
	
	
	
	
	
	
	
	
	
	
	
	
	
	
	
	
	
	
	
	
	
	
	
	
	
	
	
	
	
	
	
	
	
	
	
	
	
	
	
	
	
	
	
	
	
	
	
	
	
	
	
	
	
	
	
	
	
	
	
	
	
	
	
	
	
	
	
	
	
	
	
	
	
	
	
	
	
	
	
	
	
	
	
	
	
	
	
	
	
	
	
	
	
	
	
	
	
	
	
	
	
	
	
	
	
	
	
	
	
	
	
	
	
	
	
	
	
	
	
	
	
	
	
	
	
	
	
	
	
	
	
	
	
	
	
	
	
	
	
	
	
	
	
	
	
	
	
	
	
	
	
	
	
	
	
	
	
	
	
	
	
	
	
	
	
	
	
	
	
	
	
	
	
	
	
	
	
	
	
	
	
	
	
	
	
	
	
	
	
	
	
	
	
	
	
	
	
	
	
	
	
