0.0195	1000
0.0395	1000
0.0595	1000
0.0795	1000
0.0995	1000
0.1195	1000
0.1395	1000
0.1595	1000
0.1795	1000
0.1995	1000
0.2195	1000
0.2395	1000
0.2595	1000
0.2795	1000
0.2995	1000
0.3195	1000
0.3395	1000
0.3595	1000
0.3795	1000
0.3995	1000
0.4195	1000
0.4395	1000
0.4595	1000
0.4795	1000
0.4995	1000
0.5195	1000
0.5395	1000
0.5595	1000
0.5795	1000
0.5995	1000
0.6195	1000
0.6395	1000
0.6595	1000
0.6795	1000
0.6995	1000
0.7195	1000
0.7395	1000
0.7595	1000
0.7795	1000
0.7995	1000
0.8195	1000
0.8395	1000
0.8595	1000
0.8795	1000
0.8995	1000
0.9195	1000
0.9395	1000
0.9595	1000
0.9795	1000
0.9995	1000
1.0195	1000
1.0395	1000
1.0595	1000
1.0795	1000
1.0995	1000
1.1195	1000
1.1395	1000
1.1595	1000
1.1795	1000
1.1995	1000
1.2195	1000
1.2395	1000
1.2595	1000
1.2795	1000
1.2995	1000
1.3195	1000
1.3395	1000
1.3595	1000
1.3795	1000
1.3995	1000
1.4195	1000
1.4395	1000
1.4595	1000
1.4795	1000
1.4995	1000
1.5195	1000
1.5395	1000
1.5595	1000
1.5795	1000
1.5995	1000
1.6195	1000
1.6395	1000
1.6595	1000
1.6795	1000
1.6995	1000
1.7195	1000
1.7395	1000
1.7595	1000
1.7795	1000
1.7995	1000
1.8195	1000
1.8395	1000
1.8595	1000
1.8795	1000
1.8995	1000
1.9195	1000
1.9395	1000
1.9595	1000
1.9795	1000
1.9995	1000
2.0195	1000
2.0395	1000
2.0595	1000
2.0795	1000
2.0995	1000
2.1195	1000
2.1395	1000
2.1595	1000
2.1795	1000
2.1995	1000
2.2195	1000
2.2395	1000
2.2595	1000
2.2795	1000
2.2995	1000
2.3195	1000
2.3395	1000
2.3595	1000
2.3795	1000
2.3995	1000
2.4195	1000
2.4395	1000
2.4595	1000
2.4795	1000
2.4995	1000
2.5195	1000
2.5395	1000
2.5595	1000
2.5795	1000
2.5995	1000
2.6195	1000
2.6395	1000
2.6595	1000
2.6795	1000
2.6995	1000
2.7195	1000
2.7395	1000
2.7595	1000
2.7795	1000
2.7995	1000
2.8195	1000
2.8395	1000
2.8595	1000
2.8795	1000
2.8995	1000
2.9195	1000
2.9395	1000
2.9595	1000
2.9795	1000
2.9995	1000
3.0195	1000
3.0395	1000
3.0595	1000
3.0795	1000
3.0995	1000
3.1195	1000
3.1395	1000
3.1595	1000
3.1795	1000
3.1995	1000
3.2195	1000
3.2395	1000
3.2595	1000
3.2795	1000
3.2995	1000
3.3195	1000
3.3395	1000
3.3595	1000
3.3795	1000
3.3995	1000
3.4195	1000
3.4395	1000
3.4595	1000
3.4795	1000
3.4995	1000
3.5195	1000
3.5395	1000
3.5595	1000
3.5795	1000
3.5995	1000
3.6195	1000
3.6395	1000
3.6595	1000
3.6795	1000
3.6995	1000
3.7195	1000
3.7395	1000
3.7595	1000
3.7795	1000
3.7995	1000
3.8195	1000
3.8395	1000
3.8595	1000
3.8795	1000
3.8995	1000
3.9195	1000
3.9395	1000
3.9595	1000
3.9795	1000
3.9995	1000
4.0195	1000
4.0395	1000
4.0595	1000
4.0795	1000
4.0995	1000
4.1195	1000
4.1395	1000
4.1595	1000
4.1795	1000
4.1995	1000
4.2195	1000
4.2395	1000
4.2595	1000
4.2795	1000
4.2995	1000
4.3195	1000
4.3395	1000
4.3595	1000
4.3795	1000
4.3995	1000
4.4195	1000
4.4395	1000
4.4595	1000
4.4795	1000
4.4995	1000
4.5195	1000
4.5395	1000
4.5595	1000
4.5795	1000
4.5995	1000
4.6195	1000
4.6395	1000
4.6595	1000
4.6795	1000
4.6995	1000
4.7195	1000
4.7395	1000
4.7595	1000
4.7795	1000
4.7995	1000
4.8195	1000
4.8395	1000
4.8595	1000
4.8795	1000
4.8995	1000
4.9195	1000
4.9395	1000
4.9595	1000
4.9795	1000
4.9995	1000
5.0195	1000
5.0395	1000
5.0595	1000
5.0795	1000
5.0995	1000
5.1195	1000
5.1395	1000
5.1595	1000
5.1795	1000
5.1995	1000
5.2195	1000
5.2395	1000
5.2595	1000
5.2795	1000
5.2995	1000
5.3195	1000
5.3395	1000
5.3595	1000
5.3795	1000
5.3995	1000
5.4195	1000
5.4395	1000
5.4595	1000
5.4795	1000
5.4995	1000
5.5195	1000
5.5395	1000
5.5595	1000
5.5795	1000
5.5995	1000
5.6195	1000
5.6395	1000
5.6595	1000
5.6795	1000
5.6995	1000
5.7195	1000
5.7395	1000
5.7595	1000
5.7795	1000
5.7995	1000
5.8195	1000
5.8395	1000
5.8595	1000
5.8795	1000
5.8995	1000
5.9195	1000
5.9395	1000
5.9595	1000
5.9795	1000
5.9995	1000
6.0195	1000
6.0395	1000
6.0595	1000
6.0795	1000
6.0995	1000
6.1195	1000
6.1395	1000
6.1595	1000
6.1795	1000
6.1995	1000
6.2195	1000
6.2395	1000
6.2595	1000
6.2795	1000
6.2995	1000
6.3195	1000
6.3395	1000
6.3595	1000
6.3795	1000
6.3995	1000
6.4195	1000
6.4395	1000
6.4595	1000
6.4795	1000
6.4995	1000
6.5195	1000
6.5395	1000
6.5595	1000
6.5795	1000
6.5995	1000
6.6195	1000
6.6395	1000
6.6595	1000
6.6795	1000
6.6995	1000
6.7195	1000
6.7395	1000
6.7595	1000
6.7795	1000
6.7995	1000
6.8195	1000
6.8395	1000
6.8595	1000
6.8795	1000
6.8995	1000
6.9195	1000
6.9395	1000
6.9595	1000
6.9795	1000
6.9995	1000
7.0195	1000
7.0395	1000
7.0595	1000
7.0795	1000
7.0995	1000
7.1195	1000
7.1395	1000
7.1595	1000
7.1795	1000
7.1995	1000
7.2195	1000
7.2395	1000
7.2595	1000
7.2795	1000
7.2995	1000
7.3195	1000
7.3395	1000
7.3595	1000
7.3795	1000
7.3995	1000
7.4195	1000
7.4395	1000
7.4595	1000
7.4795	1000
7.4995	1000
7.5195	1000
7.5395	1000
7.5595	1000
7.5795	1000
7.5995	1000
7.6195	1000
7.6395	1000
7.6595	1000
7.6795	1000
7.6995	1000
7.7195	1000
7.7395	1000
7.7595	1000
7.7795	1000
7.7995	1000
7.8195	1000
7.8395	1000
7.8595	1000
7.8795	1000
7.8995	1000
7.9195	1000
7.9395	1000
7.9595	1000
7.9795	1000
7.9995	1000
8.0195	1000
8.0395	1000
8.0595	1000
8.0795	1000
8.0995	1000
8.1195	1000
8.1395	1000
8.1595	1000
8.1795	1000
8.1995	1000
8.2195	1000
8.2395	1000
8.2595	1000
8.2795	1000
8.2995	1000
8.3195	1000
8.3395	1000
8.3595	1000
8.3795	1000
8.3995	1000
8.4195	1000
8.4395	1000
8.4595	1000
8.4795	1000
8.4995	1000
8.5195	1000
8.5395	1000
8.5595	1000
8.5795	1000
8.5995	1000
8.6195	1000
8.6395	1000
8.6595	1000
8.6795	1000
8.6995	1000
8.7195	1000
8.7395	1000
8.7595	1000
8.7795	1000
8.7995	1000
8.8195	1000
8.8395	1000
8.8595	1000
8.8795	1000
8.8995	1000
8.9195	1000
8.9395	1000
8.9595	1000
8.9795	1000
8.9995	1000
9.0195	1000
9.0395	1000
9.0595	1000
9.0795	1000
9.0995	1000
9.1195	1000
9.1395	1000
9.1595	1000
9.1795	1000
9.1995	1000
9.2195	1000
9.2395	1000
9.2595	1000
9.2795	1000
9.2995	1000
9.3195	1000
9.3395	1000
9.3595	1000
9.3795	1000
9.3995	1000
9.4195	1000
9.4395	1000
9.4595	1000
9.4795	1000
9.4995	1000
9.5195	1000
9.5395	1000
9.5595	1000
9.5795	1000
9.5995	1000
9.6195	1000
9.6395	1000
9.6595	1000
9.6795	1000
9.6995	1000
9.7195	1000
9.7395	1000
9.7595	1000
9.7795	1000
9.7995	1000
9.8195	1000
9.8395	1000
9.8595	1000
9.8795	1000
9.8995	1000
9.9195	1000
9.9395	1000
9.9595	1000
9.9795	1000
9.9995	1000
10.0195	960
10.0395	960
10.0595	960
10.0795	960
10.0995	960
10.1195	960
10.1395	960
10.1595	960
10.1795	960
10.1995	960
10.2195	960
10.2395	960
10.2595	960
10.2795	960
10.2995	960
10.3195	960
10.3395	960
10.3595	960
10.3795	960
10.3995	960
10.4195	960
10.4395	960
10.4595	960
10.4795	960
10.4995	960
10.5195	960
10.5395	960
10.5595	960
10.5795	960
10.5995	960
10.6195	960
10.6395	960
10.6595	960
10.6795	960
10.6995	960
10.7195	960
10.7395	960
10.7595	960
10.7795	960
10.7995	960
10.8195	960
10.8395	960
10.8595	960
10.8795	960
10.8995	960
10.9195	960
10.9395	960
10.9595	960
10.9795	960
10.9995	960
11.0195	960
11.0395	960
11.0595	960
11.0795	960
11.0995	960
11.1195	960
11.1395	960
11.1595	960
11.1795	960
11.1995	960
11.2195	960
11.2395	960
11.2595	960
11.2795	960
11.2995	960
11.3195	960
11.3395	960
11.3595	960
11.3795	960
11.3995	960
11.4195	960
11.4395	960
11.4595	960
11.4795	960
11.4995	960
11.5195	960
11.5395	960
11.5595	960
11.5795	960
11.5995	960
11.6195	960
11.6395	960
11.6595	960
11.6795	960
11.6995	960
11.7195	960
11.7395	960
11.7595	960
11.7795	960
11.7995	960
11.8195	960
11.8395	960
11.8595	960
11.8795	960
11.8995	960
11.9195	960
11.9395	960
11.9595	960
11.9795	960
11.9995	960
12.0195	960
12.0395	960
12.0595	960
12.0795	960
12.0995	960
12.1195	960
12.1395	960
12.1595	960
12.1795	960
12.1995	960
12.2195	960
12.2395	960
12.2595	960
12.2795	960
12.2995	960
12.3195	960
12.3395	960
12.3595	960
12.3795	960
12.3995	960
12.4195	960
12.4395	960
12.4595	960
12.4795	960
12.4995	960
12.5195	960
12.5395	960
12.5595	960
12.5795	960
12.5995	960
12.6195	960
12.6395	960
12.6595	960
12.6795	960
12.6995	960
12.7195	960
12.7395	960
12.7595	960
12.7795	960
12.7995	960
12.8195	960
12.8395	960
12.8595	960
12.8795	960
12.8995	960
12.9195	960
12.9395	960
12.9595	960
12.9795	960
12.9995	960
13.0195	960
13.0395	960
13.0595	960
13.0795	960
13.0995	960
13.1195	960
13.1395	960
13.1595	960
13.1795	960
13.1995	960
13.2195	960
13.2395	960
13.2595	960
13.2795	960
13.2995	960
13.3195	960
13.3395	960
13.3595	960
13.3795	960
13.3995	960
13.4195	960
13.4395	960
13.4595	960
13.4795	960
13.4995	960
13.5195	960
13.5395	960
13.5595	960
13.5795	960
13.5995	960
13.6195	960
13.6395	960
13.6595	960
13.6795	960
13.6995	960
13.7195	960
13.7395	960
13.7595	960
13.7795	960
13.7995	960
13.8195	960
13.8395	960
13.8595	960
13.8795	960
13.8995	960
13.9195	960
13.9395	960
13.9595	960
13.9795	960
13.9995	960
14.0195	960
14.0395	960
14.0595	960
14.0795	960
14.0995	960
14.1195	960
14.1395	960
14.1595	960
14.1795	960
14.1995	960
14.2195	960
14.2395	960
14.2595	960
14.2795	960
14.2995	960
14.3195	960
14.3395	960
14.3595	960
14.3795	960
14.3995	960
14.4195	960
14.4395	960
14.4595	960
14.4795	960
14.4995	960
14.5195	960
14.5395	960
14.5595	960
14.5795	960
14.5995	960
14.6195	960
14.6395	960
14.6595	960
14.6795	960
14.6995	960
14.7195	960
14.7395	960
14.7595	960
14.7795	960
14.7995	960
14.8195	960
14.8395	960
14.8595	960
14.8795	960
14.8995	960
14.9195	960
14.9395	960
14.9595	960
14.9795	960
14.9995	960
15.0195	960
15.0395	960
15.0595	960
15.0795	960
15.0995	960
15.1195	960
15.1395	960
15.1595	960
15.1795	960
15.1995	960
15.2195	960
15.2395	960
15.2595	960
15.2795	960
15.2995	960
15.3195	960
15.3395	960
15.3595	960
15.3795	960
15.3995	960
15.4195	960
15.4395	960
15.4595	960
15.4795	960
15.4995	960
15.5195	960
15.5395	960
15.5595	960
15.5795	960
15.5995	960
15.6195	960
15.6395	960
15.6595	960
15.6795	960
15.6995	960
15.7195	960
15.7395	960
15.7595	960
15.7795	960
15.7995	960
15.8195	960
15.8395	960
15.8595	960
15.8795	960
15.8995	960
15.9195	960
15.9395	960
15.9595	960
15.9795	960
15.9995	960
16.0195	960
16.0395	960
16.0595	960
16.0795	960
16.0995	960
16.1195	960
16.1395	960
16.1595	960
16.1795	960
16.1995	960
16.2195	960
16.2395	960
16.2595	960
16.2795	960
16.2995	960
16.3195	960
16.3395	960
16.3595	960
16.3795	960
16.3995	960
16.4195	960
16.4395	960
16.4595	960
16.4795	960
16.4995	960
16.5195	960
16.5395	960
16.5595	960
16.5795	960
16.5995	960
16.6195	960
16.6395	960
16.6595	960
16.6795	960
16.6995	960
16.7195	960
16.7395	960
16.7595	960
16.7795	960
16.7995	960
16.8195	960
16.8395	960
16.8595	960
16.8795	960
16.8995	960
16.9195	960
16.9395	960
16.9595	960
16.9795	960
16.9995	960
17.0195	960
17.0395	960
17.0595	960
17.0795	960
17.0995	960
17.1195	960
17.1395	960
17.1595	960
17.1795	960
17.1995	960
17.2195	960
17.2395	960
17.2595	960
17.2795	960
17.2995	960
17.3195	960
17.3395	960
17.3595	960
17.3795	960
17.3995	960
17.4195	960
17.4395	960
17.4595	960
17.4795	960
17.4995	960
17.5195	960
17.5395	960
17.5595	960
17.5795	960
17.5995	960
17.6195	960
17.6395	960
17.6595	960
17.6795	960
17.6995	960
17.7195	960
17.7395	960
17.7595	960
17.7795	960
17.7995	960
17.8195	960
17.8395	960
17.8595	960
17.8795	960
17.8995	960
17.9195	960
17.9395	960
17.9595	960
17.9795	960
17.9995	960
18.0195	960
18.0395	960
18.0595	960
18.0795	960
18.0995	960
18.1195	960
18.1395	960
18.1595	960
18.1795	960
18.1995	960
18.2195	960
18.2395	960
18.2595	960
18.2795	960
18.2995	960
18.3195	960
18.3395	960
18.3595	960
18.3795	960
18.3995	960
18.4195	960
18.4395	960
18.4595	960
18.4795	960
18.4995	960
18.5195	960
18.5395	960
18.5595	960
18.5795	960
18.5995	960
18.6195	960
18.6395	960
18.6595	960
18.6795	960
18.6995	960
18.7195	960
18.7395	960
18.7595	960
18.7795	960
18.7995	960
18.8195	960
18.8395	960
18.8595	960
18.8795	960
18.8995	960
18.9195	960
18.9395	960
18.9595	960
18.9795	960
18.9995	960
19.0195	960
19.0395	960
19.0595	960
19.0795	960
19.0995	960
19.1195	960
19.1395	960
19.1595	960
19.1795	960
19.1995	960
19.2195	960
19.2395	960
19.2595	960
19.2795	960
19.2995	960
19.3195	960
19.3395	960
19.3595	960
19.3795	960
19.3995	960
19.4195	960
19.4395	960
19.4595	960
19.4795	960
19.4995	960
19.5195	960
19.5395	960
19.5595	960
19.5795	960
19.5995	960
19.6195	960
19.6395	960
19.6595	960
19.6795	960
19.6995	960
19.7195	960
19.7395	960
19.7595	960
19.7795	960
19.7995	960
19.8195	960
19.8395	960
19.8595	960
19.8795	960
19.8995	960
19.9195	960
19.9395	960
19.9595	960
19.9795	960
19.9995	960
20.0195	960
20.0395	960
20.0595	960
20.0795	960
20.0995	960
20.1195	960
20.1395	960
20.1595	960
20.1795	960
20.1995	960
20.2195	960
20.2395	960
20.2595	960
20.2795	960
20.2995	960
20.3195	960
20.3395	960
20.3595	960
20.3795	960
20.3995	960
20.4195	960
20.4395	960
20.4595	960
20.4795	960
20.4995	960
20.5195	960
20.5395	960
20.5595	960
20.5795	960
20.5995	960
20.6195	960
20.6395	960
20.6595	960
20.6795	960
20.6995	960
20.7195	960
20.7395	960
20.7595	960
20.7795	960
20.7995	960
20.8195	960
20.8395	960
20.8595	960
20.8795	960
20.8995	960
20.9195	960
20.9395	960
20.9595	960
20.9795	960
20.9995	960
21.0195	960
21.0395	960
21.0595	960
21.0795	960
21.0995	960
21.1195	960
21.1395	960
21.1595	960
21.1795	960
21.1995	960
21.2195	960
21.2395	960
21.2595	960
21.2795	960
21.2995	960
21.3195	960
21.3395	960
21.3595	960
21.3795	960
21.3995	960
21.4195	960
21.4395	960
21.4595	960
21.4795	960
21.4995	960
21.5195	960
21.5395	960
21.5595	960
21.5795	960
21.5995	960
21.6195	960
21.6395	960
21.6595	960
21.6795	960
21.6995	960
21.7195	960
21.7395	960
21.7595	960
21.7795	960
21.7995	960
21.8195	960
21.8395	960
21.8595	960
21.8795	960
21.8995	960
21.9195	960
21.9395	960
21.9595	960
21.9795	960
21.9995	960
22.0195	960
22.0395	960
22.0595	960
22.0795	960
22.0995	960
22.1195	960
22.1395	960
22.1595	960
22.1795	960
22.1995	960
22.2195	960
22.2395	960
22.2595	960
22.2795	960
22.2995	960
22.3195	960
22.3395	960
22.3595	960
22.3795	960
22.3995	960
22.4195	960
22.4395	960
22.4595	960
22.4795	960
22.4995	960
22.5195	960
22.5395	960
22.5595	960
22.5795	960
22.5995	960
22.6195	960
22.6395	960
22.6595	960
22.6795	960
22.6995	960
22.7195	960
22.7395	960
22.7595	960
22.7795	960
22.7995	960
22.8195	960
22.8395	960
22.8595	960
22.8795	960
22.8995	960
22.9195	960
22.9395	960
22.9595	960
22.9795	960
22.9995	960
23.0195	960
23.0395	960
23.0595	960
23.0795	960
23.0995	960
23.1195	960
23.1395	960
23.1595	960
23.1795	960
23.1995	960
23.2195	960
23.2395	960
23.2595	960
23.2795	960
23.2995	960
23.3195	960
23.3395	960
23.3595	960
23.3795	960
23.3995	960
23.4195	960
23.4395	960
23.4595	960
23.4795	960
23.4995	960
23.5195	960
23.5395	960
23.5595	960
23.5795	960
23.5995	960
23.6195	960
23.6395	960
23.6595	960
23.6795	960
23.6995	960
23.7195	960
23.7395	960
23.7595	960
23.7795	960
23.7995	960
23.8195	960
23.8395	960
23.8595	960
23.8795	960
23.8995	960
23.9195	960
23.9395	960
23.9595	960
23.9795	960
23.9995	960
24.0195	960
24.0395	960
24.0595	960
24.0795	960
24.0995	960
24.1195	960
24.1395	960
24.1595	960
24.1795	960
24.1995	960
24.2195	960
24.2395	960
24.2595	960
24.2795	960
24.2995	960
24.3195	960
24.3395	960
24.3595	960
24.3795	960
24.3995	960
24.4195	960
24.4395	960
24.4595	960
24.4795	960
24.4995	960
24.5195	960
24.5395	960
24.5595	960
24.5795	960
24.5995	960
24.6195	960
24.6395	960
24.6595	960
24.6795	960
24.6995	960
24.7195	960
24.7395	960
24.7595	960
24.7795	960
24.7995	960
24.8195	960
24.8395	960
24.8595	960
24.8795	960
24.8995	960
24.9195	960
24.9395	960
24.9595	960
24.9795	960
24.9995	960
25.0195	960
25.0395	960
25.0595	960
25.0795	960
25.0995	960
25.1195	960
25.1395	960
25.1595	960
25.1795	960
25.1995	960
25.2195	960
25.2395	960
25.2595	960
25.2795	960
25.2995	960
25.3195	960
25.3395	960
25.3595	960
25.3795	960
25.3995	960
25.4195	960
25.4395	960
25.4595	960
25.4795	960
25.4995	960
25.5195	960
25.5395	960
25.5595	960
25.5795	960
25.5995	960
25.6195	960
25.6395	960
25.6595	960
25.6795	960
25.6995	960
25.7195	960
25.7395	960
25.7595	960
25.7795	960
25.7995	960
25.8195	960
25.8395	960
25.8595	960
25.8795	960
25.8995	960
25.9195	960
25.9395	960
25.9595	960
25.9795	960
25.9995	960
26.0195	960
26.0395	960
26.0595	960
26.0795	960
26.0995	960
26.1195	960
26.1395	960
26.1595	960
26.1795	960
26.1995	960
26.2195	960
26.2395	960
26.2595	960
26.2795	960
26.2995	960
26.3195	960
26.3395	960
26.3595	960
26.3795	960
26.3995	960
26.4195	960
26.4395	960
26.4595	960
26.4795	960
26.4995	960
26.5195	960
26.5395	960
26.5595	960
26.5795	960
26.5995	960
26.6195	960
26.6395	960
26.6595	960
26.6795	960
26.6995	960
26.7195	960
26.7395	960
26.7595	960
26.7795	960
26.7995	960
26.8195	960
26.8395	960
26.8595	960
26.8795	960
26.8995	960
26.9195	960
26.9395	960
26.9595	960
26.9795	960
26.9995	960
27.0195	960
27.0395	960
27.0595	960
27.0795	960
27.0995	960
27.1195	960
27.1395	960
27.1595	960
27.1795	960
27.1995	960
27.2195	960
27.2395	960
27.2595	960
27.2795	960
27.2995	960
27.3195	960
27.3395	960
27.3595	960
27.3795	960
27.3995	960
27.4195	960
27.4395	960
27.4595	960
27.4795	960
27.4995	960
27.5195	960
27.5395	960
27.5595	960
27.5795	960
27.5995	960
27.6195	960
27.6395	960
27.6595	960
27.6795	960
27.6995	960
27.7195	960
27.7395	960
27.7595	960
27.7795	960
27.7995	960
27.8195	960
27.8395	960
27.8595	960
27.8795	960
27.8995	960
27.9195	960
27.9395	960
27.9595	960
27.9795	960
27.9995	960
28.0195	960
28.0395	960
28.0595	960
28.0795	960
28.0995	960
28.1195	960
28.1395	960
28.1595	960
28.1795	960
28.1995	960
28.2195	960
28.2395	960
28.2595	960
28.2795	960
28.2995	960
28.3195	960
28.3395	960
28.3595	960
28.3795	960
28.3995	960
28.4195	960
28.4395	960
28.4595	960
28.4795	960
28.4995	960
28.5195	960
28.5395	960
28.5595	960
28.5795	960
28.5995	960
28.6195	960
28.6395	960
28.6595	960
28.6795	960
28.6995	960
28.7195	960
28.7395	960
28.7595	960
28.7795	960
28.7995	960
28.8195	960
28.8395	960
28.8595	960
28.8795	960
28.8995	960
28.9195	960
28.9395	960
28.9595	960
28.9795	960
28.9995	960
29.0195	960
29.0395	960
29.0595	960
29.0795	960
29.0995	960
29.1195	960
29.1395	960
29.1595	960
29.1795	960
29.1995	960
29.2195	960
29.2395	960
29.2595	960
29.2795	960
29.2995	960
29.3195	960
29.3395	960
29.3595	960
29.3795	960
29.3995	960
29.4195	960
29.4395	960
29.4595	960
29.4795	960
29.4995	960
29.5195	960
29.5395	960
29.5595	960
29.5795	960
29.5995	960
29.6195	960
29.6395	960
29.6595	960
29.6795	960
29.6995	960
29.7195	960
29.7395	960
29.7595	960
29.7795	960
29.7995	960
29.8195	960
29.8395	960
29.8595	960
29.8795	960
29.8995	960
29.9195	960
29.9395	960
29.9595	960
29.9795	960
29.9995	960
30.0195	1000
30.0395	1000
30.0595	1000
30.0795	1000
30.0995	1000
30.1195	1000
30.1395	1000
30.1595	1000
30.1795	1000
30.1995	1000
30.2195	1000
30.2395	1000
30.2595	1000
30.2795	1000
30.2995	1000
30.3195	1000
30.3395	1000
30.3595	1000
30.3795	1000
30.3995	1000
30.4195	1000
30.4395	1000
30.4595	1000
30.4795	1000
30.4995	1000
30.5195	1000
30.5395	1000
30.5595	1000
30.5795	1000
30.5995	1000
30.6195	1000
30.6395	1000
30.6595	1000
30.6795	1000
30.6995	1000
30.7195	1000
30.7395	1000
30.7595	1000
30.7795	1000
30.7995	1000
30.8195	1000
30.8395	1000
30.8595	1000
30.8795	1000
30.8995	1000
30.9195	1000
30.9395	1000
30.9595	1000
30.9795	1000
30.9995	1000
31.0195	1000
31.0395	1000
31.0595	1000
31.0795	1000
31.0995	1000
31.1195	1000
31.1395	1000
31.1595	1000
31.1795	1000
31.1995	1000
31.2195	1000
31.2395	1000
31.2595	1000
31.2795	1000
31.2995	1000
31.3195	1000
31.3395	1000
31.3595	1000
31.3795	1000
31.3995	1000
31.4195	1000
31.4395	1000
31.4595	1000
31.4795	1000
31.4995	1000
31.5195	1000
31.5395	1000
31.5595	1000
31.5795	1000
31.5995	1000
31.6195	1000
31.6395	1000
31.6595	1000
31.6795	1000
31.6995	1000
31.7195	1000
31.7395	1000
31.7595	1000
31.7795	1000
31.7995	1000
31.8195	1000
31.8395	1000
31.8595	1000
31.8795	1000
31.8995	1000
31.9195	1000
31.9395	1000
31.9595	1000
31.9795	1000
31.9995	1000
32.0195	1000
32.0395	1000
32.0595	1000
32.0795	1000
32.0995	1000
32.1195	1000
32.1395	1000
32.1595	1000
32.1795	1000
32.1995	1000
32.2195	1000
32.2395	1000
32.2595	1000
32.2795	1000
32.2995	1000
32.3195	1000
32.3395	1000
32.3595	1000
32.3795	1000
32.3995	1000
32.4195	1000
32.4395	1000
32.4595	1000
32.4795	1000
32.4995	1000
32.5195	1000
32.5395	1000
32.5595	1000
32.5795	1000
32.5995	1000
32.6195	1000
32.6395	1000
32.6595	1000
32.6795	1000
32.6995	1000
32.7195	1000
32.7395	1000
32.7595	1000
32.7795	1000
32.7995	1000
32.8195	1000
32.8395	1000
32.8595	1000
32.8795	1000
32.8995	1000
32.9195	1000
32.9395	1000
32.9595	1000
32.9795	1000
32.9995	1000
33.0195	1000
33.0395	1000
33.0595	1000
33.0795	1000
33.0995	1000
33.1195	1000
33.1395	1000
33.1595	1000
33.1795	1000
33.1995	1000
33.2195	1000
33.2395	1000
33.2595	1000
33.2795	1000
33.2995	1000
33.3195	1000
33.3395	1000
33.3595	1000
33.3795	1000
33.3995	1000
33.4195	1000
33.4395	1000
33.4595	1000
33.4795	1000
33.4995	1000
33.5195	1000
33.5395	1000
33.5595	1000
33.5795	1000
33.5995	1000
33.6195	1000
33.6395	1000
33.6595	1000
33.6795	1000
33.6995	1000
33.7195	1000
33.7395	1000
33.7595	1000
33.7795	1000
33.7995	1000
33.8195	1000
33.8395	1000
33.8595	1000
33.8795	1000
33.8995	1000
33.9195	1000
33.9395	1000
33.9595	1000
33.9795	1000
33.9995	1000
34.0195	1000
34.0395	1000
34.0595	1000
34.0795	1000
34.0995	1000
34.1195	1000
34.1395	1000
34.1595	1000
34.1795	1000
34.1995	1000
34.2195	1000
34.2395	1000
34.2595	1000
34.2795	1000
34.2995	1000
34.3195	1000
34.3395	1000
34.3595	1000
34.3795	1000
34.3995	1000
34.4195	1000
34.4395	1000
34.4595	1000
34.4795	1000
34.4995	1000
34.5195	1000
34.5395	1000
34.5595	1000
34.5795	1000
34.5995	1000
34.6195	1000
34.6395	1000
34.6595	1000
34.6795	1000
34.6995	1000
34.7195	1000
34.7395	1000
34.7595	1000
34.7795	1000
34.7995	1000
34.8195	1000
34.8395	1000
34.8595	1000
34.8795	1000
34.8995	1000
34.9195	1000
34.9395	1000
34.9595	1000
34.9795	1000
34.9995	1000
35.0195	1000
35.0395	1000
35.0595	1000
35.0795	1000
35.0995	1000
35.1195	1000
35.1395	1000
35.1595	1000
35.1795	1000
35.1995	1000
35.2195	1000
35.2395	1000
35.2595	1000
35.2795	1000
35.2995	1000
35.3195	1000
35.3395	1000
35.3595	1000
35.3795	1000
35.3995	1000
35.4195	1000
35.4395	1000
35.4595	1000
35.4795	1000
35.4995	1000
35.5195	1000
35.5395	1000
35.5595	1000
35.5795	1000
35.5995	1000
35.6195	1000
35.6395	1000
35.6595	1000
35.6795	1000
35.6995	1000
35.7195	1000
35.7395	1000
35.7595	1000
35.7795	1000
35.7995	1000
35.8195	1000
35.8395	1000
35.8595	1000
35.8795	1000
35.8995	1000
35.9195	1000
35.9395	1000
35.9595	1000
35.9795	1000
35.9995	1000
36.0195	1000
36.0395	1000
36.0595	1000
36.0795	1000
36.0995	1000
36.1195	1000
36.1395	1000
36.1595	1000
36.1795	1000
36.1995	1000
36.2195	1000
36.2395	1000
36.2595	1000
36.2795	1000
36.2995	1000
36.3195	1000
36.3395	1000
36.3595	1000
36.3795	1000
36.3995	1000
36.4195	1000
36.4395	1000
36.4595	1000
36.4795	1000
36.4995	1000
36.5195	1000
36.5395	1000
36.5595	1000
36.5795	1000
36.5995	1000
36.6195	1000
36.6395	1000
36.6595	1000
36.6795	1000
36.6995	1000
36.7195	1000
36.7395	1000
36.7595	1000
36.7795	1000
36.7995	1000
36.8195	1000
36.8395	1000
36.8595	1000
36.8795	1000
36.8995	1000
36.9195	1000
36.9395	1000
36.9595	1000
36.9795	1000
36.9995	1000
37.0195	1000
37.0395	1000
37.0595	1000
37.0795	1000
37.0995	1000
37.1195	1000
37.1395	1000
37.1595	1000
37.1795	1000
37.1995	1000
37.2195	1000
37.2395	1000
37.2595	1000
37.2795	1000
37.2995	1000
37.3195	1000
37.3395	1000
37.3595	1000
37.3795	1000
37.3995	1000
37.4195	1000
37.4395	1000
37.4595	1000
37.4795	1000
37.4995	1000
37.5195	1000
37.5395	1000
37.5595	1000
37.5795	1000
37.5995	1000
37.6195	1000
37.6395	1000
37.6595	1000
37.6795	1000
37.6995	1000
37.7195	1000
37.7395	1000
37.7595	1000
37.7795	1000
37.7995	1000
37.8195	1000
37.8395	1000
37.8595	1000
37.8795	1000
37.8995	1000
37.9195	1000
37.9395	1000
37.9595	1000
37.9795	1000
37.9995	1000
38.0195	1000
38.0395	1000
38.0595	1000
38.0795	1000
38.0995	1000
38.1195	1000
38.1395	1000
38.1595	1000
38.1795	1000
38.1995	1000
38.2195	1000
38.2395	1000
38.2595	1000
38.2795	1000
38.2995	1000
38.3195	1000
38.3395	1000
38.3595	1000
38.3795	1000
38.3995	1000
38.4195	1000
38.4395	1000
38.4595	1000
38.4795	1000
38.4995	1000
38.5195	1000
38.5395	1000
38.5595	1000
38.5795	1000
38.5995	1000
38.6195	1000
38.6395	1000
38.6595	1000
38.6795	1000
38.6995	1000
38.7195	1000
38.7395	1000
38.7595	1000
38.7795	1000
38.7995	1000
38.8195	1000
38.8395	1000
38.8595	1000
38.8795	1000
38.8995	1000
38.9195	1000
38.9395	1000
38.9595	1000
38.9795	1000
38.9995	1000
39.0195	1000
39.0395	1000
39.0595	1000
39.0795	1000
39.0995	1000
39.1195	1000
39.1395	1000
39.1595	1000
39.1795	1000
39.1995	1000
39.2195	1000
39.2395	1000
39.2595	1000
39.2795	1000
39.2995	1000
39.3195	1000
39.3395	1000
39.3595	1000
39.3795	1000
39.3995	1000
39.4195	1000
39.4395	1000
39.4595	1000
39.4795	1000
39.4995	1000
39.5195	1000
39.5395	1000
39.5595	1000
39.5795	1000
39.5995	1000
39.6195	1000
39.6395	1000
39.6595	1000
39.6795	1000
39.6995	1000
39.7195	1000
39.7395	1000
39.7595	1000
39.7795	1000
39.7995	1000
39.8195	1000
39.8395	1000
39.8595	1000
39.8795	1000
39.8995	1000
39.9195	1000
39.9395	1000
39.9595	1000
39.9795	1000
39.9995	1000
40.0195	1000
40.0395	1000
40.0595	1000
40.0795	1000
40.0995	1000
40.1195	1000
40.1395	1000
40.1595	1000
40.1795	1000
40.1995	1000
40.2195	1000
40.2395	1000
40.2595	1000
40.2795	1000
40.2995	1000
40.3195	1000
40.3395	1000
40.3595	1000
40.3795	1000
40.3995	1000
40.4195	1000
40.4395	1000
40.4595	1000
40.4795	1000
40.4995	1000
40.5195	1000
40.5395	1000
40.5595	1000
40.5795	1000
40.5995	1000
40.6195	1000
40.6395	1000
40.6595	1000
40.6795	1000
40.6995	1000
40.7195	1000
40.7395	1000
40.7595	1000
40.7795	1000
40.7995	1000
40.8195	1000
40.8395	1000
40.8595	1000
40.8795	1000
40.8995	1000
40.9195	1000
40.9395	1000
40.9595	1000
40.9795	1000
40.9995	1000
41.0195	1000
41.0395	1000
41.0595	1000
41.0795	1000
41.0995	1000
41.1195	1000
41.1395	1000
41.1595	1000
41.1795	1000
41.1995	1000
41.2195	1000
41.2395	1000
41.2595	1000
41.2795	1000
41.2995	1000
41.3195	1000
41.3395	1000
41.3595	1000
41.3795	1000
41.3995	1000
41.4195	1000
41.4395	1000
41.4595	1000
41.4795	1000
41.4995	1000
41.5195	1000
41.5395	1000
41.5595	1000
41.5795	1000
41.5995	1000
41.6195	1000
41.6395	1000
41.6595	1000
41.6795	1000
41.6995	1000
41.7195	1000
41.7395	1000
41.7595	1000
41.7795	1000
41.7995	1000
41.8195	1000
41.8395	1000
41.8595	1000
41.8795	1000
41.8995	1000
41.9195	1000
41.9395	1000
41.9595	1000
41.9795	1000
41.9995	1000
42.0195	1000
42.0395	1000
42.0595	1000
42.0795	1000
42.0995	1000
42.1195	1000
42.1395	1000
42.1595	1000
42.1795	1000
42.1995	1000
42.2195	1000
42.2395	1000
42.2595	1000
42.2795	1000
42.2995	1000
42.3195	1000
42.3395	1000
42.3595	1000
42.3795	1000
42.3995	1000
42.4195	1000
42.4395	1000
42.4595	1000
42.4795	1000
42.4995	1000
42.5195	1000
42.5395	1000
42.5595	1000
42.5795	1000
42.5995	1000
42.6195	1000
42.6395	1000
42.6595	1000
42.6795	1000
42.6995	1000
42.7195	1000
42.7395	1000
42.7595	1000
42.7795	1000
42.7995	1000
42.8195	1000
42.8395	1000
42.8595	1000
42.8795	1000
42.8995	1000
42.9195	1000
42.9395	1000
42.9595	1000
42.9795	1000
42.9995	1000
43.0195	1000
43.0395	1000
43.0595	1000
43.0795	1000
43.0995	1000
43.1195	1000
43.1395	1000
43.1595	1000
43.1795	1000
43.1995	1000
43.2195	1000
43.2395	1000
43.2595	1000
43.2795	1000
43.2995	1000
43.3195	1000
43.3395	1000
43.3595	1000
43.3795	1000
43.3995	1000
43.4195	1000
43.4395	1000
43.4595	1000
43.4795	1000
43.4995	1000
43.5195	1000
43.5395	1000
43.5595	1000
43.5795	1000
43.5995	1000
43.6195	1000
43.6395	1000
43.6595	1000
43.6795	1000
43.6995	1000
43.7195	1000
43.7395	1000
43.7595	1000
43.7795	1000
43.7995	1000
43.8195	1000
43.8395	1000
43.8595	1000
43.8795	1000
43.8995	1000
43.9195	1000
43.9395	1000
43.9595	1000
43.9795	1000
43.9995	1000
44.0195	1000
44.0395	1000
44.0595	1000
44.0795	1000
44.0995	1000
44.1195	1000
44.1395	1000
44.1595	1000
44.1795	1000
44.1995	1000
44.2195	1000
44.2395	1000
44.2595	1000
44.2795	1000
44.2995	1000
44.3195	1000
44.3395	1000
44.3595	1000
44.3795	1000
44.3995	1000
44.4195	1000
44.4395	1000
44.4595	1000
44.4795	1000
44.4995	1000
44.5195	1000
44.5395	1000
44.5595	1000
44.5795	1000
44.5995	1000
44.6195	1000
44.6395	1000
44.6595	1000
44.6795	1000
44.6995	1000
44.7195	1000
44.7395	1000
44.7595	1000
44.7795	1000
44.7995	1000
44.8195	1000
44.8395	1000
44.8595	1000
44.8795	1000
44.8995	1000
44.9195	1000
44.9395	1000
44.9595	1000
44.9795	1000
44.9995	1000
45.0195	1000
45.0395	1000
45.0595	1000
45.0795	1000
45.0995	1000
45.1195	1000
45.1395	1000
45.1595	1000
45.1795	1000
45.1995	1000
45.2195	1000
45.2395	1000
45.2595	1000
45.2795	1000
45.2995	1000
45.3195	1000
45.3395	1000
45.3595	1000
45.3795	1000
45.3995	1000
45.4195	1000
45.4395	1000
45.4595	1000
45.4795	1000
45.4995	1000
45.5195	1000
45.5395	1000
45.5595	1000
45.5795	1000
45.5995	1000
45.6195	1000
45.6395	1000
45.6595	1000
45.6795	1000
45.6995	1000
45.7195	1000
45.7395	1000
45.7595	1000
45.7795	1000
45.7995	1000
45.8195	1000
45.8395	1000
45.8595	1000
45.8795	1000
45.8995	1000
45.9195	1000
45.9395	1000
45.9595	1000
45.9795	1000
45.9995	1000
46.0195	1000
46.0395	1000
46.0595	1000
46.0795	1000
46.0995	1000
46.1195	1000
46.1395	1000
46.1595	1000
46.1795	1000
46.1995	1000
46.2195	1000
46.2395	1000
46.2595	1000
46.2795	1000
46.2995	1000
46.3195	1000
46.3395	1000
46.3595	1000
46.3795	1000
46.3995	1000
46.4195	1000
46.4395	1000
46.4595	1000
46.4795	1000
46.4995	1000
46.5195	1000
46.5395	1000
46.5595	1000
46.5795	1000
46.5995	1000
46.6195	1000
46.6395	1000
46.6595	1000
46.6795	1000
46.6995	1000
46.7195	1000
46.7395	1000
46.7595	1000
46.7795	1000
46.7995	1000
46.8195	1000
46.8395	1000
46.8595	1000
46.8795	1000
46.8995	1000
46.9195	1000
46.9395	1000
46.9595	1000
46.9795	1000
46.9995	1000
47.0195	1000
47.0395	1000
47.0595	1000
47.0795	1000
47.0995	1000
47.1195	1000
47.1395	1000
47.1595	1000
47.1795	1000
47.1995	1000
47.2195	1000
47.2395	1000
47.2595	1000
47.2795	1000
47.2995	1000
47.3195	1000
47.3395	1000
47.3595	1000
47.3795	1000
47.3995	1000
47.4195	1000
47.4395	1000
47.4595	1000
47.4795	1000
47.4995	1000
47.5195	1000
47.5395	1000
47.5595	1000
47.5795	1000
47.5995	1000
47.6195	1000
47.6395	1000
47.6595	1000
47.6795	1000
47.6995	1000
47.7195	1000
47.7395	1000
47.7595	1000
47.7795	1000
47.7995	1000
47.8195	1000
47.8395	1000
47.8595	1000
47.8795	1000
47.8995	1000
47.9195	1000
47.9395	1000
47.9595	1000
47.9795	1000
47.9995	1000
48.0195	1000
48.0395	1000
48.0595	1000
48.0795	1000
48.0995	1000
48.1195	1000
48.1395	1000
48.1595	1000
48.1795	1000
48.1995	1000
48.2195	1000
48.2395	1000
48.2595	1000
48.2795	1000
48.2995	1000
48.3195	1000
48.3395	1000
48.3595	1000
48.3795	1000
48.3995	1000
48.4195	1000
48.4395	1000
48.4595	1000
48.4795	1000
48.4995	1000
48.5195	1000
48.5395	1000
48.5595	1000
48.5795	1000
48.5995	1000
48.6195	1000
48.6395	1000
48.6595	1000
48.6795	1000
48.6995	1000
48.7195	1000
48.7395	1000
48.7595	1000
48.7795	1000
48.7995	1000
48.8195	1000
48.8395	1000
48.8595	1000
48.8795	1000
48.8995	1000
48.9195	1000
48.9395	1000
48.9595	1000
48.9795	1000
48.9995	1000
49.0195	1000
49.0395	1000
49.0595	1000
49.0795	1000
49.0995	1000
49.1195	1000
49.1395	1000
49.1595	1000
49.1795	1000
49.1995	1000
49.2195	1000
49.2395	1000
49.2595	1000
49.2795	1000
49.2995	1000
49.3195	1000
49.3395	1000
49.3595	1000
49.3795	1000
49.3995	1000
49.4195	1000
49.4395	1000
49.4595	1000
49.4795	1000
49.4995	1000
49.5195	1000
49.5395	1000
49.5595	1000
49.5795	1000
49.5995	1000
49.6195	1000
49.6395	1000
49.6595	1000
49.6795	1000
49.6995	1000
49.7195	1000
49.7395	1000
49.7595	1000
49.7795	1000
49.7995	1000
49.8195	1000
49.8395	1000
49.8595	1000
49.8795	1000
49.8995	1000
49.9195	1000
49.9395	1000
49.9595	1000
49.9795	1000
49.9995	1000
50.0195	1000
50.0395	1000
50.0595	1000
50.0795	1000
50.0995	1000
50.1195	1000
50.1395	1000
50.1595	1000
50.1795	1000
50.1995	1000
50.2195	1000
50.2395	1000
50.2595	1000
50.2795	1000
50.2995	1000
50.3195	1000
50.3395	1000
50.3595	1000
50.3795	1000
50.3995	1000
50.4195	1000
50.4395	1000
50.4595	1000
50.4795	1000
50.4995	1000
50.5195	1000
50.5395	1000
50.5595	1000
50.5795	1000
50.5995	1000
50.6195	1000
50.6395	1000
50.6595	1000
50.6795	1000
50.6995	1000
50.7195	1000
50.7395	1000
50.7595	1000
50.7795	1000
50.7995	1000
50.8195	1000
50.8395	1000
50.8595	1000
50.8795	1000
50.8995	1000
50.9195	1000
50.9395	1000
50.9595	1000
50.9795	1000
50.9995	1000
51.0195	1000
51.0395	1000
51.0595	1000
51.0795	1000
51.0995	1000
51.1195	1000
51.1395	1000
51.1595	1000
51.1795	1000
51.1995	1000
51.2195	1000
51.2395	1000
51.2595	1000
51.2795	1000
51.2995	1000
51.3195	1000
51.3395	1000
51.3595	1000
51.3795	1000
51.3995	1000
51.4195	1000
51.4395	1000
51.4595	1000
51.4795	1000
51.4995	1000
51.5195	1000
51.5395	1000
51.5595	1000
51.5795	1000
51.5995	1000
51.6195	1000
51.6395	1000
51.6595	1000
51.6795	1000
51.6995	1000
51.7195	1000
51.7395	1000
51.7595	1000
51.7795	1000
51.7995	1000
51.8195	1000
51.8395	1000
51.8595	1000
51.8795	1000
51.8995	1000
51.9195	1000
51.9395	1000
51.9595	1000
51.9795	1000
51.9995	1000
52.0195	1000
52.0395	1000
52.0595	1000
52.0795	1000
52.0995	1000
52.1195	1000
52.1395	1000
52.1595	1000
52.1795	1000
52.1995	1000
52.2195	1000
52.2395	1000
52.2595	1000
52.2795	1000
52.2995	1000
52.3195	1000
52.3395	1000
52.3595	1000
52.3795	1000
52.3995	1000
52.4195	1000
52.4395	1000
52.4595	1000
52.4795	1000
52.4995	1000
52.5195	1000
52.5395	1000
52.5595	1000
52.5795	1000
52.5995	1000
52.6195	1000
52.6395	1000
52.6595	1000
52.6795	1000
52.6995	1000
52.7195	1000
52.7395	1000
52.7595	1000
52.7795	1000
52.7995	1000
52.8195	1000
52.8395	1000
52.8595	1000
52.8795	1000
52.8995	1000
52.9195	1000
52.9395	1000
52.9595	1000
52.9795	1000
52.9995	1000
53.0195	1000
53.0395	1000
53.0595	1000
53.0795	1000
53.0995	1000
53.1195	1000
53.1395	1000
53.1595	1000
53.1795	1000
53.1995	1000
53.2195	1000
53.2395	1000
53.2595	1000
53.2795	1000
53.2995	1000
53.3195	1000
53.3395	1000
53.3595	1000
53.3795	1000
53.3995	1000
53.4195	1000
53.4395	1000
53.4595	1000
53.4795	1000
53.4995	1000
53.5195	1000
53.5395	1000
53.5595	1000
53.5795	1000
53.5995	1000
53.6195	1000
53.6395	1000
53.6595	1000
53.6795	1000
53.6995	1000
53.7195	1000
53.7395	1000
53.7595	1000
53.7795	1000
53.7995	1000
53.8195	1000
53.8395	1000
53.8595	1000
53.8795	1000
53.8995	1000
53.9195	1000
53.9395	1000
53.9595	1000
53.9795	1000
53.9995	1000
54.0195	1000
54.0395	1000
54.0595	1000
54.0795	1000
54.0995	1000
54.1195	1000
54.1395	1000
54.1595	1000
54.1795	1000
54.1995	1000
54.2195	1000
54.2395	1000
54.2595	1000
54.2795	1000
54.2995	1000
54.3195	1000
54.3395	1000
54.3595	1000
54.3795	1000
54.3995	1000
54.4195	1000
54.4395	1000
54.4595	1000
54.4795	1000
54.4995	1000
54.5195	1000
54.5395	1000
54.5595	1000
54.5795	1000
54.5995	1000
54.6195	1000
54.6395	1000
54.6595	1000
54.6795	1000
54.6995	1000
54.7195	1000
54.7395	1000
54.7595	1000
54.7795	1000
54.7995	1000
54.8195	1000
54.8395	1000
54.8595	1000
54.8795	1000
54.8995	1000
54.9195	1000
54.9395	1000
54.9595	1000
54.9795	1000
54.9995	1000
55.0195	1000
55.0395	1000
55.0595	1000
55.0795	1000
55.0995	1000
55.1195	1000
55.1395	1000
55.1595	1000
55.1795	1000
55.1995	1000
55.2195	1000
55.2395	1000
55.2595	1000
55.2795	1000
55.2995	1000
55.3195	1000
55.3395	1000
55.3595	1000
55.3795	1000
55.3995	1000
55.4195	1000
55.4395	1000
55.4595	1000
55.4795	1000
55.4995	1000
55.5195	1000
55.5395	1000
55.5595	1000
55.5795	1000
55.5995	1000
55.6195	1000
55.6395	1000
55.6595	1000
55.6795	1000
55.6995	1000
55.7195	1000
55.7395	1000
55.7595	1000
55.7795	1000
55.7995	1000
55.8195	1000
55.8395	1000
55.8595	1000
55.8795	1000
55.8995	1000
55.9195	1000
55.9395	1000
55.9595	1000
55.9795	1000
55.9995	1000
56.0195	1000
56.0395	1000
56.0595	1000
56.0795	1000
56.0995	1000
56.1195	1000
56.1395	1000
56.1595	1000
56.1795	1000
56.1995	1000
56.2195	1000
56.2395	1000
56.2595	1000
56.2795	1000
56.2995	1000
56.3195	1000
56.3395	1000
56.3595	1000
56.3795	1000
56.3995	1000
56.4195	1000
56.4395	1000
56.4595	1000
56.4795	1000
56.4995	1000
56.5195	1000
56.5395	1000
56.5595	1000
56.5795	1000
56.5995	1000
56.6195	1000
56.6395	1000
56.6595	1000
56.6795	1000
56.6995	1000
56.7195	1000
56.7395	1000
56.7595	1000
56.7795	1000
56.7995	1000
56.8195	1000
56.8395	1000
56.8595	1000
56.8795	1000
56.8995	1000
56.9195	1000
56.9395	1000
56.9595	1000
56.9795	1000
56.9995	1000
57.0195	1000
57.0395	1000
57.0595	1000
57.0795	1000
57.0995	1000
57.1195	1000
57.1395	1000
57.1595	1000
57.1795	1000
57.1995	1000
57.2195	1000
57.2395	1000
57.2595	1000
57.2795	1000
57.2995	1000
57.3195	1000
57.3395	1000
57.3595	1000
57.3795	1000
57.3995	1000
57.4195	1000
57.4395	1000
57.4595	1000
57.4795	1000
57.4995	1000
57.5195	1000
57.5395	1000
57.5595	1000
57.5795	1000
57.5995	1000
57.6195	1000
57.6395	1000
57.6595	1000
57.6795	1000
57.6995	1000
57.7195	1000
57.7395	1000
57.7595	1000
57.7795	1000
57.7995	1000
57.8195	1000
57.8395	1000
57.8595	1000
57.8795	1000
57.8995	1000
57.9195	1000
57.9395	1000
57.9595	1000
57.9795	1000
57.9995	1000
58.0195	1000
58.0395	1000
58.0595	1000
58.0795	1000
58.0995	1000
58.1195	1000
58.1395	1000
58.1595	1000
58.1795	1000
58.1995	1000
58.2195	1000
58.2395	1000
58.2595	1000
58.2795	1000
58.2995	1000
58.3195	1000
58.3395	1000
58.3595	1000
58.3795	1000
58.3995	1000
58.4195	1000
58.4395	1000
58.4595	1000
58.4795	1000
58.4995	1000
58.5195	1000
58.5395	1000
58.5595	1000
58.5795	1000
58.5995	1000
58.6195	1000
58.6395	1000
58.6595	1000
58.6795	1000
58.6995	1000
58.7195	1000
58.7395	1000
58.7595	1000
58.7795	1000
58.7995	1000
58.8195	1000
58.8395	1000
58.8595	1000
58.8795	1000
58.8995	1000
58.9195	1000
58.9395	1000
58.9595	1000
58.9795	1000
58.9995	1000
59.0195	1000
59.0395	1000
59.0595	1000
59.0795	1000
59.0995	1000
59.1195	1000
59.1395	1000
59.1595	1000
59.1795	1000
59.1995	1000
59.2195	1000
59.2395	1000
59.2595	1000
59.2795	1000
59.2995	1000
59.3195	1000
59.3395	1000
59.3595	1000
59.3795	1000
59.3995	1000
59.4195	1000
59.4395	1000
59.4595	1000
59.4795	1000
59.4995	1000
59.5195	1000
59.5395	1000
59.5595	1000
59.5795	1000
59.5995	1000
59.6195	1000
59.6395	1000
59.6595	1000
59.6795	1000
59.6995	1000
59.7195	1000
59.7395	1000
59.7595	1000
59.7795	1000
59.7995	1000
59.8195	1000
59.8395	1000
59.8595	1000
59.8795	1000
59.8995	1000
59.9195	1000
59.9395	1000
59.9595	1000
59.9795	1000
59.9995	1000
60.0195	1000
60.0395	1000
60.0595	1000
60.0795	1000
60.0995	1000
60.1195	1000
60.1395	1000
60.1595	1000
60.1795	1000
60.1995	1000
60.2195	1000
60.2395	1000
60.2595	1000
60.2795	1000
60.2995	1000
60.3195	1000
60.3395	1000
60.3595	1000
60.3795	1000
60.3995	1000
60.4195	1000
60.4395	1000
60.4595	1000
60.4795	1000
60.4995	1000
60.5195	1000
60.5395	1000
60.5595	1000
60.5795	1000
60.5995	1000
60.6195	1000
60.6395	1000
60.6595	1000
60.6795	1000
60.6995	1000
60.7195	1000
60.7395	1000
60.7595	1000
60.7795	1000
60.7995	1000
60.8195	1000
60.8395	1000
60.8595	1000
60.8795	1000
60.8995	1000
60.9195	1000
60.9395	1000
60.9595	1000
60.9795	1000
60.9995	1000
61.0195	1000
61.0395	1000
61.0595	1000
61.0795	1000
61.0995	1000
61.1195	1000
61.1395	1000
61.1595	1000
61.1795	1000
61.1995	1000
61.2195	1000
61.2395	1000
61.2595	1000
61.2795	1000
61.2995	1000
61.3195	1000
61.3395	1000
61.3595	1000
61.3795	1000
61.3995	1000
61.4195	1000
61.4395	1000
61.4595	1000
61.4795	1000
61.4995	1000
61.5195	1000
61.5395	1000
61.5595	1000
61.5795	1000
61.5995	1000
61.6195	1000
61.6395	1000
61.6595	1000
61.6795	1000
61.6995	1000
61.7195	1000
61.7395	1000
61.7595	1000
61.7795	1000
61.7995	1000
61.8195	1000
61.8395	1000
61.8595	1000
61.8795	1000
61.8995	1000
61.9195	1000
61.9395	1000
61.9595	1000
61.9795	1000
61.9995	1000
62.0195	1000
62.0395	1000
62.0595	1000
62.0795	1000
62.0995	1000
62.1195	1000
62.1395	1000
62.1595	1000
62.1795	1000
62.1995	1000
62.2195	1000
62.2395	1000
62.2595	1000
62.2795	1000
62.2995	1000
62.3195	1000
62.3395	1000
62.3595	1000
62.3795	1000
62.3995	1000
62.4195	1000
62.4395	1000
62.4595	1000
62.4795	1000
62.4995	1000
62.5195	1000
62.5395	1000
62.5595	1000
62.5795	1000
62.5995	1000
62.6195	1000
62.6395	1000
62.6595	1000
62.6795	1000
62.6995	1000
62.7195	1000
62.7395	1000
62.7595	1000
62.7795	1000
62.7995	1000
62.8195	1000
62.8395	1000
62.8595	1000
62.8795	1000
62.8995	1000
62.9195	1000
62.9395	1000
62.9595	1000
62.9795	1000
62.9995	1000
63.0195	1000
63.0395	1000
63.0595	1000
63.0795	1000
63.0995	1000
63.1195	1000
63.1395	1000
63.1595	1000
63.1795	1000
63.1995	1000
63.2195	1000
63.2395	1000
63.2595	1000
63.2795	1000
63.2995	1000
63.3195	1000
63.3395	1000
63.3595	1000
63.3795	1000
63.3995	1000
63.4195	1000
63.4395	1000
63.4595	1000
63.4795	1000
63.4995	1000
63.5195	1000
63.5395	1000
63.5595	1000
63.5795	1000
63.5995	1000
63.6195	1000
63.6395	1000
63.6595	1000
63.6795	1000
63.6995	1000
63.7195	1000
63.7395	1000
63.7595	1000
63.7795	1000
63.7995	1000
63.8195	1000
63.8395	1000
63.8595	1000
63.8795	1000
63.8995	1000
63.9195	1000
63.9395	1000
63.9595	1000
63.9795	1000
63.9995	1000
64.0195	1000
64.0395	1000
64.0595	1000
64.0795	1000
64.0995	1000
64.1195	1000
64.1395	1000
64.1595	1000
64.1795	1000
64.1995	1000
64.2195	1000
64.2395	1000
64.2595	1000
64.2795	1000
64.2995	1000
64.3195	1000
64.3395	1000
64.3595	1000
64.3795	1000
64.3995	1000
64.4195	1000
64.4395	1000
64.4595	1000
64.4795	1000
64.4995	1000
64.5195	1000
64.5395	1000
64.5595	1000
64.5795	1000
64.5995	1000
64.6195	1000
64.6395	1000
64.6595	1000
64.6795	1000
64.6995	1000
64.7195	1000
64.7395	1000
64.7595	1000
64.7795	1000
64.7995	1000
64.8195	1000
64.8395	1000
64.8595	1000
64.8795	1000
64.8995	1000
64.9195	1000
64.9395	1000
64.9595	1000
64.9795	1000
64.9995	1000
65.0195	1000
65.0395	1000
65.0595	1000
65.0795	1000
65.0995	1000
65.1195	1000
65.1395	1000
65.1595	1000
65.1795	1000
65.1995	1000
65.2195	1000
65.2395	1000
65.2595	1000
65.2795	1000
65.2995	1000
65.3195	1000
65.3395	1000
65.3595	1000
65.3795	1000
65.3995	1000
65.4195	1000
65.4395	1000
65.4595	1000
65.4795	1000
65.4995	1000
65.5195	1000
65.5395	1000
65.5595	1000
65.5795	1000
65.5995	1000
65.6195	1000
65.6395	1000
65.6595	1000
65.6795	1000
65.6995	1000
65.7195	1000
65.7395	1000
65.7595	1000
65.7795	1000
65.7995	1000
65.8195	1000
65.8395	1000
65.8595	1000
65.8795	1000
65.8995	1000
65.9195	1000
65.9395	1000
65.9595	1000
65.9795	1000
65.9995	1000
66.0195	1000
66.0395	1000
66.0595	1000
66.0795	1000
66.0995	1000
66.1195	1000
66.1395	1000
66.1595	1000
66.1795	1000
66.1995	1000
66.2195	1000
66.2395	1000
66.2595	1000
66.2795	1000
66.2995	1000
66.3195	1000
66.3395	1000
66.3595	1000
66.3795	1000
66.3995	1000
66.4195	1000
66.4395	1000
66.4595	1000
66.4795	1000
66.4995	1000
66.5195	1000
66.5395	1000
66.5595	1000
66.5795	1000
66.5995	1000
66.6195	1000
66.6395	1000
66.6595	1000
66.6795	1000
66.6995	1000
66.7195	1000
66.7395	1000
66.7595	1000
66.7795	1000
66.7995	1000
66.8195	1000
66.8395	1000
66.8595	1000
66.8795	1000
66.8995	1000
66.9195	1000
66.9395	1000
66.9595	1000
66.9795	1000
66.9995	1000
67.0195	1000
67.0395	1000
67.0595	1000
67.0795	1000
67.0995	1000
67.1195	1000
67.1395	1000
67.1595	1000
67.1795	1000
67.1995	1000
67.2195	1000
67.2395	1000
67.2595	1000
67.2795	1000
67.2995	1000
67.3195	1000
67.3395	1000
67.3595	1000
67.3795	1000
67.3995	1000
67.4195	1000
67.4395	1000
67.4595	1000
67.4795	1000
67.4995	1000
67.5195	1000
67.5395	1000
67.5595	1000
67.5795	1000
67.5995	1000
67.6195	1000
67.6395	1000
67.6595	1000
67.6795	1000
67.6995	1000
67.7195	1000
67.7395	1000
67.7595	1000
67.7795	1000
67.7995	1000
67.8195	1000
67.8395	1000
67.8595	1000
67.8795	1000
67.8995	1000
67.9195	1000
67.9395	1000
67.9595	1000
67.9795	1000
67.9995	1000
68.0195	1000
68.0395	1000
68.0595	1000
68.0795	1000
68.0995	1000
68.1195	1000
68.1395	1000
68.1595	1000
68.1795	1000
68.1995	1000
68.2195	1000
68.2395	1000
68.2595	1000
68.2795	1000
68.2995	1000
68.3195	1000
68.3395	1000
68.3595	1000
68.3795	1000
68.3995	1000
68.4195	1000
68.4395	1000
68.4595	1000
68.4795	1000
68.4995	1000
68.5195	1000
68.5395	1000
68.5595	1000
68.5795	1000
68.5995	1000
68.6195	1000
68.6395	1000
68.6595	1000
68.6795	1000
68.6995	1000
68.7195	1000
68.7395	1000
68.7595	1000
68.7795	1000
68.7995	1000
68.8195	1000
68.8395	1000
68.8595	1000
68.8795	1000
68.8995	1000
68.9195	1000
68.9395	1000
68.9595	1000
68.9795	1000
68.9995	1000
69.0195	1000
69.0395	1000
69.0595	1000
69.0795	1000
69.0995	1000
69.1195	1000
69.1395	1000
69.1595	1000
69.1795	1000
69.1995	1000
69.2195	1000
69.2395	1000
69.2595	1000
69.2795	1000
69.2995	1000
69.3195	1000
69.3395	1000
69.3595	1000
69.3795	1000
69.3995	1000
69.4195	1000
69.4395	1000
69.4595	1000
69.4795	1000
69.4995	1000
69.5195	1000
69.5395	1000
69.5595	1000
69.5795	1000
69.5995	1000
69.6195	1000
69.6395	1000
69.6595	1000
69.6795	1000
69.6995	1000
69.7195	1000
69.7395	1000
69.7595	1000
69.7795	1000
69.7995	1000
69.8195	1000
69.8395	1000
69.8595	1000
69.8795	1000
69.8995	1000
69.9195	1000
69.9395	1000
69.9595	1000
69.9795	1000
69.9995	1000
	
	
	
	
	
	
	
	
	
	
	
	
	
	
	
	
	
	
	
	
	
	
	
	
	
	
	
	
	
	
	
	
	
	
	
	
	
	
	
	
	
	
	
	
	
	
	
	
	
	
	
	
	
	
	
	
	
	
	
	
	
	
	
	
	
	
	
	
	
	
	
	
	
	
	
	
	
	
	
	
	
	
	
	
	
	
	
	
	
	
	
	
	
	
	
	
	
	
	
	
	
	
	
	
	
	
	
	
	
	
	
	
	
	
	
	
	
	
	
	
	
	
	
	
	
	
	
	
	
	
	
	
	
	
	
	
	
	
	
	
	
	
	
	
	
	
	
	
	
	
	
	
	
	
	
	
	
	
	
	
	
	
	
	
	
	
	
	
	
	
	
	
	
	
	
	
	
	
	
	
	
	
	
	
	
	
	
	
	
	
	
	
	
	
	
	
	
	
	
	
	
	
	
	
	
	
	
	
	
	
	
	
	
	
	
	
	
	
	
	
	
	
	
	
	
	
	
	
	
	
	
	
	
	
	
	
	
	
	
	
	
	
	
	
	
	
	
	
	
	
	
	
	
	
	
	
	
	
	
	
	
	
	
	
	
	
	
	
	
	
	
	
	
	
	
	
	
	
	
	
	
	
	
	
	
	
	
	
	
	
	
	
	
	
	
	
	
	
	
	
	
	
	
	
	
	
	
	
	
	
	
	
	
	
	
	
	
	
	
	
	
	
	
	
	
	
	
	
	
	
	
	
	
	
	
	
	
	
	
	
	
	
	
	
	
	
	
	
	
	
	
	
	
	
	
	
	
	
	
	
	
	
	
	
	
	
	
	
	
	
	
	
	
	
	
	
	
	
	
	
	
	
	
	
	
	
	
	
	
	
	
	
	
	
	
	
	
	
	
	
	
	
	
	
	
	
	
	
	
	
	
	
	
	
	
	
	
	
	
	
	
	
	
	
	
	
	
	
	
	
	
	
	
	
	
	
	
	
	
	
	
	
	
	
	
	
	
	
	
	
	
	
	
	
	
	
	
	
	
	
	
	
	
	
	
	
	
	
	
	
	
	
	
	
	
	
	
	
	
	
	
	
	
	
	
	
	
	
	
	
	
	
	
	
	
	
	
	
	
	
	
	
	
	
	
	
	
	
	
	
	
	
	
	
	
	
	
	
	
	
	
	
	
	
	
	
	
	
	
	
	
	
	
	
	
	
	
	
	
	
	
	
	
	
	
	
	
	
	
	
	
	
	
	
	
	
	
	
	
	
	
	
	
	
	
	
	
	
	
	
	
	
	
	
	
	
	
	
	
	
	
	
	
	
	
	
	
	
	
	
	
	
	
	
	
	
	
	
	
	
	
	
	
	
	
	
	
	
	
	
	
	
	
	
	
	
	
	
	
	
	
	
	
	
	
	
	
	
	
	
	
	
	
	
	
	
	
	
	
	
	
	
	
	
	
	
	
	
	
	
	
	
	
	
	
	
	
	
	
	
	
	
	
	
	
	
	
	
	
	
	
	
	
	
	
	
	
	
	
	
	
	
	
	
	
	
	
	
	
	
	
	
	
	
	
	
	
	
	
	
	
	
	
	
	
	
	
	
	
	
	
	
	
	
	
	
	
	
	
	
	
	
	
	
	
	
	
	
	
	
	
	
	
	
	
	
	
	
	
	
	
	
	
	
	
	
	
	
	
	
	
	
	
	
	
	
	
	
	
	
	
	
	
	
	
	
	
	
	
	
	
	
	
	
	
	
	
	
	
	
	
	
	
	
	
	
	
	
	
	
	
	
	
	
	
	
	
	
	
	
	
	
	
	
	
	
	
	
	
	
	
	
	
	
	
	
	
	
	
	
	
	
	
	
	
	
	
	
	
	
	
	
	
	
	
	
	
	
	
	
	
	
	
	
	
	
	
	
	
	
	
	
	
	
	
	
	
	
	
	
	
	
	
	
	
	
	
	
	
	
	
	
	
	
	
	
	
	
	
	
	
	
	
	
	
	
	
	
	
	
	
	
	
	
	
	
	
	
	
	
	
	
	
	
	
	
	
	
	
	
	
	
	
	
	
	
	
	
	
	
	
	
	
	
	
	
	
	
	
	
	
	
	
	
	
	
	
	
	
	
	
	
	
	
	
	
	
	
	
	
	
	
	
	
	
	
	
	
	
	
	
	
	
	
	
	
	
	
	
	
	
	
	
	
	
	
	
	
	
	
	
	
	
	
	
	
	
	
	
	
	
	
	
	
	
	
	
	
	
	
	
