0.0195	1001.644509
0.0395	1001.64458
0.0595	1001.644664
0.0795	1001.644765
0.0995	1001.644886
0.1195	1001.645028
0.1395	1001.645193
0.1595	1001.645381
0.1795	1001.645592
0.1995	1001.645825
0.2195	1001.646079
0.2395	1001.646351
0.2595	1001.646639
0.2795	1001.646939
0.2995	1001.647248
0.3195	1001.647563
0.3395	1001.64788
0.3595	1001.648196
0.3795	1001.648506
0.3995	1001.648807
0.4195	1001.649098
0.4395	1001.649375
0.4595	1001.649636
0.4795	1001.64988
0.4995	1001.650106
0.5195	1001.650313
0.5395	1001.650503
0.5595	1001.650675
0.5795	1001.650831
0.5995	1001.650973
0.6195	1001.651103
0.6395	1001.651223
0.6595	1001.651335
0.6795	1001.651443
0.6995	1001.651548
0.7195	1001.651655
0.7395	1001.651764
0.7595	1001.65188
0.7795	1001.652002
0.7995	1001.652134
0.8195	1001.652276
0.8395	1001.65243
0.8595	1001.652596
0.8795	1001.652774
0.8995	1001.652963
0.9195	1001.653163
0.9395	1001.653373
0.9595	1001.653592
0.9795	1001.653817
0.9995	1001.654046
1.0195	1001.654279
1.0395	1001.654512
1.0595	1001.654743
1.0795	1001.654971
1.0995	1001.655193
1.1195	1001.655408
1.1395	1001.655615
1.1595	1001.655811
1.1795	1001.655997
1.1995	1001.65617
1.2195	1001.656332
1.2395	1001.656482
1.2595	1001.65662
1.2795	1001.656748
1.2995	1001.656865
1.3195	1001.656973
1.3395	1001.657074
1.3595	1001.657168
1.3795	1001.657257
1.3995	1001.657344
1.4195	1001.657429
1.4395	1001.657513
1.4595	1001.6576
1.4795	1001.657688
1.4995	1001.657781
1.5195	1001.657878
1.5395	1001.65798
1.5595	1001.658088
1.5795	1001.658201
1.5995	1001.65832
1.6195	1001.658445
1.6395	1001.658574
1.6595	1001.658708
1.6795	1001.658844
1.6995	1001.658983
1.7195	1001.659122
1.7395	1001.659261
1.7595	1001.659399
1.7795	1001.659534
1.7995	1001.659666
1.8195	1001.659793
1.8395	1001.659914
1.8595	1001.660028
1.8795	1001.660135
1.8995	1001.660235
1.9195	1001.660327
1.9395	1001.660411
1.9595	1001.660487
1.9795	1001.660556
1.9995	1001.660618
2.0195	1001.660674
2.0395	1001.660724
2.0595	1001.660769
2.0795	1001.66081
2.0995	1001.660849
2.1195	1001.660885
2.1395	1001.66092
2.1595	1001.660955
2.1795	1001.66099
2.1995	1001.661026
2.2195	1001.661064
2.2395	1001.661105
2.2595	1001.661147
2.2795	1001.661193
2.2995	1001.661241
2.3195	1001.661292
2.3395	999.4651931
2.3595	999.9600047
2.3795	1001.092781
2.3995	1000.396922
2.4195	1000.138122
2.4395	1000.572036
2.4595	1000.518653
2.4795	1000.333888
2.4995	1000.434485
2.5195	1000.482691
2.5395	1000.417065
2.5595	1000.422897
2.5795	1000.454345
2.5995	1000.441816
2.6195	1000.435149
2.6395	1000.44715
2.6595	1000.44885
2.6795	1000.445781
2.6995	1000.449373
2.7195	1000.452283
2.7395	1000.451971
2.7595	1000.452888
2.7795	1000.454388
2.7995	1000.45458
2.8195	1000.454514
2.8395	1000.454662
2.8595	1000.454343
2.8795	1000.453637
2.8995	1000.452875
2.9195	1000.451937
2.9395	1000.450778
2.9595	1000.449544
2.9795	1000.448273
2.9995	1000.446959
3.0195	1000.445667
3.0395	1000.444449
3.0595	1000.443328
3.0795	1000.442335
3.0995	1000.441505
3.1195	1000.440856
3.1395	1000.440402
3.1595	1000.440153
3.1795	1000.440111
3.1995	1000.44027
3.2195	1000.440619
3.2395	1000.441143
3.2595	1000.441819
3.2795	1000.442622
3.2995	1000.443523
3.3195	1000.44449
3.3395	1000.445492
3.3595	1000.446496
3.3795	1000.447471
3.3995	1000.448386
3.4195	1000.449216
3.4395	1000.449935
3.4595	1000.450525
3.4795	1000.450971
3.4995	1000.451263
3.5195	1000.451396
3.5395	1000.45137
3.5595	1000.45119
3.5795	1000.450865
3.5995	1000.450411
3.6195	1000.449843
3.6395	1000.449183
3.6595	1000.448453
3.6795	1000.447677
3.6995	1000.446879
3.7195	1000.446085
3.7395	1000.445319
3.7595	1000.444601
3.7795	1000.443953
3.7995	1000.443391
3.8195	1000.44293
3.8395	1000.442579
3.8595	1000.442345
3.8795	1000.442232
3.8995	1000.442237
3.9195	1000.442356
3.9395	1000.442581
3.9595	1000.4429
3.9795	1000.4433
3.9995	1000.443765
4.0195	1000.444277
4.0395	1000.444817
4.0595	1000.445368
4.0795	1000.44591
4.0995	1000.446426
4.1195	1000.446899
4.1395	1000.447314
4.1595	1000.447661
4.1795	1000.447928
4.1995	1000.448108
4.2195	1000.448198
4.2395	1000.448197
4.2595	1000.448106
4.2795	1000.447929
4.2995	1000.447674
4.3195	1000.447349
4.3395	1000.446967
4.3595	1000.446539
4.3795	1000.446079
4.3995	1000.445601
4.4195	1000.44512
4.4395	1000.44465
4.4595	1000.444203
4.4795	1000.443793
4.4995	1000.443429
4.5195	1000.443121
4.5395	1000.442875
4.5595	1000.442696
4.5795	1000.442587
4.5995	1000.442549
4.6195	1000.442578
4.6395	1000.442672
4.6595	1000.442824
4.6795	1000.443028
4.6995	1000.443273
4.7195	1000.443552
4.7395	1000.443852
4.7595	1000.444164
4.7795	1000.444476
4.7995	1000.444778
4.8195	1000.44506
4.8395	1000.445313
4.8595	1000.44553
4.8795	1000.445704
4.8995	1000.445831
4.9195	1000.445906
4.9395	1000.44593
4.9595	1000.445902
4.9795	1000.445823
4.9995	1000.445699
5.0195	1000.445532
5.0395	1000.44533
5.0595	1000.445099
5.0795	1000.444847
5.0995	1000.444582
5.1195	1000.444312
5.1395	1000.444045
5.1595	1000.44379
5.1795	1000.443553
5.1995	1000.443342
5.2195	1000.443161
5.2395	1000.443016
5.2595	1000.442909
5.2795	1000.442843
5.2995	1000.442818
5.3195	1000.442834
5.3395	1000.442889
5.3595	1000.44298
5.3795	1000.443103
5.3995	1000.443253
5.4195	1000.443426
5.4395	1000.443615
5.4595	1000.443814
5.4795	1000.444016
5.4995	1000.444216
5.5195	1000.444407
5.5395	1000.444584
5.5595	1000.444743
5.5795	1000.444879
5.5995	1000.444989
5.6195	1000.445071
5.6395	1000.445124
5.6595	1000.445147
5.6795	1000.445141
5.6995	1000.445108
5.7195	1000.44505
5.7395	1000.44497
5.7595	1000.444872
5.7795	1000.444761
5.7995	1000.44464
5.8195	1000.444516
5.8395	1000.444391
5.8595	1000.444272
5.8795	1000.444162
5.8995	1000.444065
5.9195	1000.443986
5.9395	1000.443926
5.9595	1000.443888
5.9795	1000.443874
5.9995	1000.443884
6.0195	1000.443918
6.0395	1000.443976
6.0595	1000.444056
6.0795	1000.444155
6.0995	1000.444273
6.1195	1000.444404
6.1395	1000.444547
6.1595	1000.444698
6.1795	1000.444852
6.1995	1000.445007
6.2195	1000.445159
6.2395	1000.445304
6.2595	1000.44544
6.2795	1000.445564
6.2995	1000.445674
6.3195	1000.445768
6.3395	1000.445846
6.3595	1000.445907
6.3795	1000.445951
6.3995	1000.445979
6.4195	1000.445993
6.4395	1000.445993
6.4595	1000.445982
6.4795	1000.445962
6.4995	1000.445936
6.5195	1000.445906
6.5395	1000.445875
6.5595	1000.445846
6.5795	1000.445822
6.5995	1000.445805
6.6195	1000.445796
6.6395	1000.445799
6.6595	1000.445814
6.6795	1000.445842
6.6995	1000.445884
6.7195	1000.44594
6.7395	1000.44601
6.7595	1000.446093
6.7795	1000.446189
6.7995	1000.446295
6.8195	1000.44641
6.8395	1000.446533
6.8595	1000.44666
6.8795	1000.446792
6.8995	1000.446924
6.9195	1000.447055
6.9395	1000.447183
6.9595	1000.447306
6.9795	1000.447423
6.9995	1000.447532
7.0195	1000.447633
7.0395	1000.447724
7.0595	1000.447805
7.0795	1000.447877
7.0995	1000.447938
7.1195	1000.447991
7.1395	1000.448035
7.1595	1000.448073
7.1795	1000.448104
7.1995	1000.448131
7.2195	1000.448155
7.2395	1000.448177
7.2595	1000.4482
7.2795	1000.448225
7.2995	1000.448253
7.3195	1000.448285
7.3395	1000.448323
7.3595	1000.448368
7.3795	1000.44842
7.3995	1000.448479
7.4195	1000.448547
7.4395	1000.448622
7.4595	1000.448705
7.4795	1000.448795
7.4995	1000.448891
7.5195	1000.448993
7.5395	1000.449099
7.5595	1000.449208
7.5795	1000.44932
7.5995	1000.449432
7.6195	1000.449544
7.6395	1000.449655
7.6595	1000.449763
7.6795	1000.449867
7.6995	1000.449967
7.7195	1000.450061
7.7395	1000.45015
7.7595	1000.450234
7.7795	1000.450311
7.7995	1000.450382
7.8195	1000.450447
7.8395	1000.450507
7.8595	1000.450563
7.8795	1000.450614
7.8995	1000.450662
7.9195	1000.450707
7.9395	1000.450751
7.9595	1000.450795
7.9795	1000.450839
7.9995	1000.450883
8.0195	1000.45093
8.0395	1000.45098
8.0595	1000.451032
8.0795	1000.451089
8.0995	1000.451149
8.1195	1000.451214
8.1395	991.1949379
8.1595	989.4158727
8.1795	988.5254725
8.1995	989.742808
8.2195	989.6711028
8.2395	989.1197712
8.2595	989.3756065
8.2795	989.5334515
8.2995	989.3480333
8.3195	989.3486958
8.3395	989.4378109
8.3595	989.4032834
8.3795	989.3772433
8.3995	989.4069424
8.4195	989.4103857
8.4395	989.3981919
8.4595	989.4049256
8.4795	989.4114534
8.4995	989.4089891
8.5195	989.4100831
8.5395	989.4137453
8.5595	989.4143354
8.5795	989.4145415
8.5995	989.4159066
8.6195	989.4164951
8.6395	989.416339
8.6595	989.4163435
8.6795	989.4161413
8.6995	989.4154799
8.7195	989.4146787
8.7395	989.4137829
8.7595	989.4126866
8.7795	989.4114826
8.7995	989.4102604
8.8195	989.4090187
8.8395	989.4077944
8.8595	989.4066497
8.8795	989.4056137
8.8995	989.4047097
8.9195	989.4039704
8.9395	989.4034174
8.9595	989.4030607
8.9795	989.4029088
8.9995	989.4029634
9.0195	989.4032177
9.0395	989.4036595
9.0595	989.404272
9.0795	989.4050327
9.0995	989.405915
9.1195	989.4068899
9.1395	989.407926
9.1595	989.4089907
9.1795	989.4100521
9.1995	989.4110788
9.2195	989.4120415
9.2395	989.4129137
9.2595	989.4136727
9.2795	989.4142998
9.2995	989.4147809
9.3195	989.4151069
9.3395	989.4152739
9.3595	989.4152827
9.3795	989.4151392
9.3995	989.4148537
9.4195	989.4144409
9.4395	989.4139183
9.4595	989.413307
9.4795	989.4126295
9.4995	989.4119103
9.5195	989.4111739
9.5395	989.4104447
9.5595	989.4097462
9.5795	989.4091002
9.5995	989.408526
9.6195	989.4080403
9.6395	989.4076562
9.6595	989.4073834
9.6795	989.4072278
9.6995	989.4071914
9.7195	989.4072724
9.7395	989.4074654
9.7595	989.4077615
9.7795	989.4081493
9.7995	989.4086142
9.8195	989.40914
9.8395	989.4097092
9.8595	989.410303
9.8795	989.4109029
9.8995	989.4114904
9.9195	989.412048
9.9395	989.4125597
9.9595	989.4130114
9.9795	989.413391
9.9995	989.4136895
10.0195	951.6145834
10.0395	956.3293034
10.0595	955.3239243
10.0795	940.6802045
10.0995	933.5091443
10.1195	930.3430718
10.1395	923.2070874
10.1595	917.4829069
10.1795	915.2175619
10.1995	913.2485536
10.2195	911.987018
10.2395	912.8196243
10.2595	914.939331
10.2795	917.8694061
10.2995	921.9828841
10.3195	927.0923696
10.3395	932.7771182
10.3595	938.9405979
10.3795	945.4422559
10.3995	964.0343803
10.4195	968.2363606
10.4395	974.9250164
10.4595	981.3310948
10.4795	985.6062327
10.4995	989.5376436
10.5195	993.062492
10.5395	995.1726386
10.5595	996.1852095
10.5795	996.4006795
10.5995	995.5515247
10.6195	993.6640001
10.6395	990.9741637
10.6595	987.5430773
10.6795	983.4440922
10.6995	978.8649288
10.7195	973.9686428
10.7395	968.8909357
10.7595	963.7984432
10.7795	958.8573517
10.7995	954.2087425
10.8195	949.9848245
10.8395	946.3064904
10.8595	943.2697428
10.8795	940.9467535
10.8995	939.387827
10.9195	938.6174685
10.9395	938.6338935
10.9595	939.4115166
10.9795	940.9020635
10.9995	943.036161
11.0195	945.7266108
11.0395	948.8717962
11.0595	952.3590523
11.0795	956.068585
11.0995	959.8775428
11.1195	963.6638777
11.1395	967.3100889
11.1595	970.7067632
11.1795	973.7556966
11.1995	976.3725464
11.2195	978.4889937
11.2395	980.0543353
11.2595	981.036472
11.2795	981.4223059
11.2995	981.2175497
11.3195	982.667807
11.3395	980.941946
11.3595	978.0219592
11.3795	976.5211057
11.3995	974.3186892
11.4195	971.1562833
11.4395	968.3169655
11.4595	965.5846346
11.4795	962.6024222
11.4995	959.7849591
11.5195	957.2988055
11.5395	955.0258284
11.5595	953.0626174
11.5795	951.5358231
11.5995	950.4333309
11.6195	949.7581078
11.6395	949.5468776
11.6595	949.7886863
11.6795	950.4490381
11.6995	951.5008105
11.7195	952.9025559
11.7395	954.5951657
11.7595	956.5169858
11.7795	958.6031755
11.7995	960.7827756
11.8195	962.9843874
11.8395	965.1395167
11.8595	967.1825892
11.8795	969.0531615
11.8995	970.698488
11.9195	972.0744361
11.9395	973.1463537
11.9595	973.8901578
11.9795	974.2927276
11.9995	974.3518246
12.0195	974.0758923
12.0395	973.4835116
12.0595	972.6024696
12.0795	971.4686244
12.0995	970.1245799
12.1195	968.6181596
12.1395	967.0007663
12.1595	965.3256944
12.1795	963.646425
12.1995	962.0149613
12.2195	960.4802612
12.2395	959.0868111
12.2595	957.8733772
12.2795	956.8719716
12.2995	956.1070609
12.3195	955.5950318
12.3395	955.3439253
12.3595	955.3534392
12.3795	955.6151916
12.3995	956.1132279
12.4195	956.8247491
12.4395	957.7210319
12.4595	958.7685038
12.4795	959.9299371
12.4995	961.1657189
12.5195	962.4351547
12.5395	963.6977654
12.5595	964.9145361
12.5795	966.0490787
12.5995	967.0686778
12.6195	967.9451888
12.6395	968.6557656
12.6595	969.1834037
12.6795	969.5172836
12.6995	969.652915
12.7195	969.5920801
12.7395	969.3425869
12.7595	968.917843
12.7795	968.336272
12.7995	967.6205909
12.8195	966.7969789
12.8395	965.8941631
12.8595	964.9424528
12.8795	963.9727542
12.8995	963.0155958
12.9195	962.1001932
12.9395	961.2535837
12.9595	960.4998529
12.9795	959.8594773
12.9995	959.3487967
13.0195	958.9796328
13.0395	958.7590588
13.0595	958.6893236
13.0795	958.7679291
13.0995	958.9878524
13.1195	959.3379025
13.1395	959.803195
13.1595	960.3657282
13.1795	961.0050379
13.1995	961.6989078
13.2195	962.4241135
13.2395	963.1571737
13.2595	963.8750864
13.2795	964.5560265
13.2995	965.1799865
13.3195	965.729339
13.3395	966.1893098
13.3595	966.5483462
13.3795	966.7983763
13.3995	966.9349511
13.4195	966.9572706
13.4395	966.8680972
13.4595	966.6735613
13.4795	966.3828683
13.4995	966.0079209
13.5195	965.5628684
13.5395	965.0636005
13.5595	964.5272032
13.5795	963.9713929
13.5995	963.4139493
13.6195	962.8721623
13.6395	962.3623112
13.6595	961.899191
13.6795	961.4956981
13.6995	961.1624886
13.7195	960.9077151
13.7395	960.7368506
13.7595	960.6525997
13.7795	960.654899
13.7995	960.7410037
13.8195	960.9056547
13.8395	961.1413185
13.8595	961.4384906
13.8795	961.786051
13.8995	962.1716583
13.9195	962.5821703
13.9395	963.0040762
13.9595	963.4239264
13.9795	963.8287476
13.9995	964.2064306
14.0195	964.5460779
14.0395	964.8383051
14.0595	965.0754843
14.0795	965.2519264
14.0995	965.3639982
14.1195	965.4101712
14.1395	965.3910051
14.1595	965.309066
14.1795	965.168786
14.1995	964.9762692
14.2195	964.7390514
14.2395	964.4658232
14.2595	964.1661261
14.2795	963.8500307
14.2995	963.5278091
14.3195	963.2096103
14.3395	962.9051494
14.3595	962.6234201
14.3795	962.3724374
14.3995	962.1590195
14.4195	961.9886124
14.4395	961.865163
14.4595	961.791042
14.4795	961.7670192
14.4995	961.7922879
14.5195	961.8645382
14.5395	961.9800744
14.5595	962.1339725
14.5795	962.3202696
14.5995	962.5321817
14.6195	962.7623384
14.6395	963.0030295
14.6595	963.2464544
14.6795	963.484967
14.6995	963.7113075
14.7195	963.9188156
14.7395	964.1016186
14.7595	964.2547886
14.7795	964.3744674
14.7995	964.4579519
14.8195	964.503743
14.8395	964.5115554
14.8595	964.4822891
14.8795	964.4179651
14.8995	964.3216288
14.9195	964.1972247
14.9395	964.0494459
14.9595	963.883567
14.9795	963.7052624
14.9995	963.5204183
15.0195	963.3349439
15.0395	963.1545882
15.0595	962.9847657
15.0795	962.8304
15.0995	962.6957849
15.1195	962.5844716
15.1395	962.4991807
15.1595	962.4417433
15.1795	962.4130716
15.1995	962.413158
15.2195	962.4411043
15.2395	955.4349097
15.2595	955.6961128
15.2795	957.4252686
15.2995	956.8047916
15.3195	956.4451969
15.3395	957.1295158
15.3595	957.2856379
15.3795	957.1558994
15.3995	957.3894517
15.4195	957.6036222
15.4395	957.6322694
15.4595	957.7186383
15.4795	957.840046
15.4995	957.8845371
15.5195	957.9044718
15.5395	957.9308551
15.5595	957.925701
15.5795	957.8900234
15.5995	957.8436036
15.6195	957.7811634
15.6395	957.6993933
15.6595	957.6070495
15.6795	957.5077928
15.6995	957.4019892
15.7195	957.2940222
15.7395	957.1883142
15.7595	957.0872055
15.7795	956.99352
15.7995	956.9103875
15.8195	956.839933
15.8395	956.7837574
15.8595	956.7432761
15.8795	956.7192849
15.8995	956.7119334
15.9195	956.7209387
15.9395	956.7455375
15.9595	956.7844577
15.9795	956.8360334
15.9995	956.8982763
16.0195	956.9689157
16.0395	957.045486
16.0595	957.1254212
16.0795	957.2061281
16.0995	957.285066
16.1195	957.3598283
16.1395	957.4282124
16.1595	957.4882795
16.1795	957.5384079
16.1995	957.5773338
16.2195	957.6041794
16.2395	957.6184674
16.2595	957.6201248
16.2795	957.6094719
16.2995	957.5872005
16.3195	957.554342
16.3395	957.5122237
16.3595	957.4624194
16.3795	957.4066932
16.3995	957.3469388
16.4195	957.2851169
16.4395	957.2231926
16.4595	957.1630737
16.4795	957.1065543
16.4995	957.0552624
16.5195	957.0106136
16.5395	956.9737752
16.5595	956.9456363
16.5795	956.9267896
16.5995	956.9175219
16.6195	956.917814
16.6395	956.9273514
16.6595	956.9455428
16.6795	956.9715466
16.6995	957.0043051
16.7195	957.0425833
16.7395	957.0850135
16.7595	957.1301406
16.7795	957.1764707
16.7995	957.2225185
16.8195	957.2668524
16.8395	957.3081384
16.8595	957.345177
16.8795	957.3769376
16.8995	957.4025844
16.9195	957.4214967
16.9395	957.4332814
16.9595	957.4377783
16.9795	957.4350581
16.9995	957.4254128
17.0195	957.40934
17.0395	957.3875218
17.0595	957.3607969
17.0795	957.3301308
17.0995	957.2965815
17.1195	957.2612643
17.1395	957.2253149
17.1595	957.1898542
17.1795	957.1559537
17.1995	957.1246037
17.2195	957.0966854
17.2395	957.0729469
17.2595	957.0539837
17.2795	957.0402254
17.2995	957.0319269
17.3195	957.0291665
17.3395	957.0318485
17.3595	957.0397111
17.3795	957.0523406
17.3995	957.0691878
17.4195	957.08959
17.4395	957.1127942
17.4595	957.1379838
17.4795	957.1643059
17.4995	957.1908982
17.5195	957.2169168
17.5395	957.2415611
17.5595	957.2640978
17.5795	957.2838811
17.5995	957.3003706
17.6195	957.3131442
17.6395	957.3219081
17.6595	957.3265016
17.6795	957.3268983
17.6995	957.3232026
17.7195	957.3156426
17.7395	957.3045589
17.7595	957.2903914
17.7795	957.2736619
17.7995	957.2549556
17.8195	957.2349011
17.8395	957.2141499
17.8595	957.1933548
17.8795	957.1731504
17.8995	957.1541334
17.9195	957.1368456
17.9395	957.1217586
17.9595	957.1092617
17.9795	957.0996519
17.9995	957.0931276
18.0195	957.0897856
18.0395	957.0896214
18.0595	957.0925319
18.0795	957.098322
18.0995	957.1067134
18.1195	957.1173557
18.1395	957.1298395
18.1595	957.1437109
18.1795	957.1584868
18.1995	957.1736709
18.2195	957.1887697
18.2395	957.2033069
18.2595	957.2168389
18.2795	957.2289663
18.2995	957.2393455
18.3195	957.2476977
18.3395	957.2538157
18.3595	957.2575676
18.3795	957.2588987
18.3995	957.2578315
18.4195	957.2544616
18.4395	957.2489536
18.4595	957.2415331
18.4795	957.2324779
18.4995	957.2221085
18.5195	957.2107757
18.5395	957.19885
18.5595	957.1867088
18.5795	957.1747245
18.5995	957.1632536
18.6195	957.1526258
18.6395	957.1431342
18.6595	957.1350282
18.6795	957.1285067
18.6995	957.1237131
18.7195	957.1207332
18.7395	957.1195938
18.7595	957.1202642
18.7795	957.1226581
18.7995	957.1266389
18.8195	957.1320249
18.8395	957.1385963
18.8595	957.1461034
18.8795	957.1542752
18.8995	957.1628283
18.9195	957.1714765
18.9395	957.1799389
18.9595	957.1879493
18.9795	957.1952638
18.9995	957.201667
19.0195	957.2069791
19.0395	957.2110589
19.0595	957.2138082
19.0795	957.2151729
19.0995	957.2151434
19.1195	957.2137538
19.1395	957.2110791
19.1595	957.2072321
19.1795	957.2023583
19.1995	957.1966309
19.2195	957.1902439
19.2395	957.183406
19.2595	957.1763335
19.2795	957.1692435
19.2995	957.1623469
19.3195	957.1558423
19.3395	957.1499099
19.3595	957.144707
19.3795	957.1403632
19.3995	957.1369777
19.4195	957.1346171
19.4395	957.133314
19.4595	957.1330675
19.4795	957.1338439
19.4995	957.1355788
19.5195	957.1381801
19.5395	957.1415318
19.5595	957.1454981
19.5795	957.1499285
19.5995	957.1546625
19.6195	957.1595354
19.6395	957.1643828
19.6595	957.1690467
19.6795	957.1733794
19.6995	957.1772478
19.7195	957.1805376
19.7395	957.1831557
19.7595	957.1850327
19.7795	957.1861246
19.7995	957.1864127
19.8195	957.1859041
19.8395	957.1846302
19.8595	957.1826453
19.8795	957.180024
19.8995	957.1768584
19.9195	957.1732548
19.9395	957.1693295
19.9595	957.1652057
19.9795	957.1610088
19.9995	957.1568624
20.0195	957.1528852
20.0395	957.1491868
20.0595	957.1458649
20.0795	957.1430026
20.0995	957.1406663
20.1195	957.1389038
20.1395	957.137744
20.1595	957.1371964
20.1795	957.1372506
20.1995	957.1378787
20.2195	957.1390352
20.2395	957.1406602
20.2595	957.1426806
20.2795	957.1450138
20.2995	957.1475697
20.3195	957.1502544
20.3395	957.1529726
20.3595	957.155631
20.3795	957.158141
20.3995	957.1604214
20.4195	957.1624005
20.4395	957.1640184
20.4595	957.165228
20.4795	957.1659963
20.4995	957.1663051
20.5195	957.1661511
20.5395	957.1655453
20.5595	957.1645124
20.5795	957.1630897
20.5995	957.1613254
20.6195	957.159277
20.6395	957.1570086
20.6595	957.1545897
20.6795	957.1520921
20.6995	957.1495879
20.7195	957.1471472
20.7395	957.1448362
20.7595	957.1427148
20.7795	957.1408352
20.7995	957.139241
20.8195	957.1379652
20.8395	960.2969016
20.8595	958.1123328
20.8795	958.850997
20.8995	959.6065004
20.9195	958.9537589
20.9395	958.8539646
20.9595	959.209274
20.9795	959.1180279
20.9995	958.9861817
21.0195	959.0843725
21.0395	959.1100578
21.0595	959.0538969
21.0795	959.0646608
21.0995	959.0875516
21.1195	959.0730416
21.1395	959.0671438
21.1595	959.0753052
21.1795	959.0733248
21.1995	959.0682764
21.2195	959.0690052
21.2395	959.0686605
21.2595	959.0657992
21.2795	959.064355
21.2995	959.0635276
21.3195	959.0618223
21.3395	959.0602875
21.3595	959.0592862
21.3795	959.0582272
21.3995	959.0572192
21.4195	959.0565393
21.4395	959.056051
21.4595	959.0556903
21.4795	959.0555511
21.4995	959.0556182
21.5195	959.0558336
21.5395	959.0561988
21.5595	959.0567033
21.5795	959.0573059
21.5995	959.0579779
21.6195	959.0586962
21.6395	959.0594277
21.6595	959.06014
21.6795	959.0608071
21.6995	959.0614031
21.7195	959.0619038
21.7395	959.0622901
21.7595	959.0625471
21.7795	959.0626639
21.7995	959.0626342
21.8195	959.062457
21.8395	959.0621356
21.8595	959.0616775
21.8795	959.0610947
21.8995	959.0604023
21.9195	959.0596186
21.9395	959.058764
21.9595	959.0578608
21.9795	959.0569317
21.9995	959.0559999
22.0195	959.0550879
22.0395	959.0542169
22.0595	959.0534062
22.0795	959.0526726
22.0995	959.05203
22.1195	959.0514892
22.1395	959.0510577
22.1595	959.0507388
22.1795	959.0505328
22.1995	959.0504364
22.2195	959.050443
22.2395	959.0505427
22.2595	959.0507236
22.2795	959.0509713
22.2995	959.0512698
22.3195	959.0516021
22.3395	959.0519509
22.3595	959.0522984
22.3795	959.0526279
22.3995	959.0529237
22.4195	959.0531716
22.4395	959.053359
22.4595	959.0534761
22.4795	959.0535154
22.4995	959.0534719
22.5195	959.0533435
22.5395	959.0531308
22.5595	959.052837
22.5795	959.0524677
22.5995	959.0520308
22.6195	959.0515357
22.6395	959.050994
22.6595	959.0504177
22.6795	959.0498199
22.6995	959.049214
22.7195	959.0486132
22.7395	959.04803
22.7595	959.0474763
22.7795	959.0469624
22.7995	959.0464973
22.8195	959.0460882
22.8395	959.0457402
22.8595	959.0454567
22.8795	959.0452387
22.8995	959.0450851
22.9195	959.0449932
22.9395	959.0449582
22.9595	959.0449739
22.9795	959.0450326
22.9995	959.0451254
23.0195	959.045243
23.0395	959.0453753
23.0595	959.0455122
23.0795	959.0456438
23.0995	959.0457607
23.1195	959.0458541
23.1395	959.0459162
23.1595	959.0459409
23.1795	959.0459229
23.1995	959.0458585
23.2195	959.0457457
23.2395	959.0455842
23.2595	959.045375
23.2795	959.0451205
23.2995	959.0448249
23.3195	959.044493
23.3395	959.0441308
23.3595	959.0437453
23.3795	959.0433438
23.3995	959.0429338
23.4195	959.0425231
23.4395	959.0421191
23.4595	959.0417288
23.4795	959.0413588
23.4995	959.0410144
23.5195	959.0407006
23.5395	959.0404208
23.5595	959.0401774
23.5795	959.0399719
23.5995	959.039804
23.6195	959.0396728
23.6395	959.0395762
23.6595	959.0395108
23.6795	959.0394728
23.6995	959.0394572
23.7195	959.0394589
23.7395	959.0394721
23.7595	959.0394913
23.7795	959.0395103
23.7995	959.0395236
23.8195	959.0395261
23.8395	959.039513
23.8595	959.0394801
23.8795	959.0394241
23.8995	959.0393426
23.9195	959.0392339
23.9395	959.0390972
23.9595	959.0389328
23.9795	959.0387417
23.9995	959.0385256
24.0195	959.0382873
24.0395	959.0380298
24.0595	959.0377571
24.0795	959.0374731
24.0995	959.0371821
24.1195	959.0368885
24.1395	959.0365968
24.1595	959.0363112
24.1795	959.0360356
24.1995	959.0357733
24.2195	959.0355275
24.2395	959.0353005
24.2595	959.035094
24.2795	959.0349091
24.2995	959.0347463
24.3195	959.0346051
24.3395	959.0344847
24.3595	959.0343835
24.3795	959.0342993
24.3995	959.0342298
24.4195	959.0341719
24.4395	959.0341226
24.4595	959.0340784
24.4795	959.0340359
24.4995	959.033992
24.5195	959.0339436
24.5395	959.0338876
24.5595	959.0338214
24.5795	959.0337432
24.5995	959.0336509
24.6195	959.0335436
24.6395	959.0334204
24.6595	959.0332813
24.6795	959.0331266
24.6995	959.0329571
24.7195	959.032774
24.7395	959.0325791
24.7595	959.0323743
24.7795	959.032162
24.7995	959.0319445
24.8195	959.0317245
24.8395	959.0315043
24.8595	959.0312866
24.8795	959.0310737
24.8995	959.0308676
24.9195	959.0306703
24.9395	959.0304832
24.9595	959.0303078
24.9795	959.0301447
24.9995	959.0299943
25.0195	959.0298568
25.0395	959.0297316
25.0595	959.0296182
25.0795	959.0295154
25.0995	959.029422
25.1195	959.0293361
25.1395	959.0292562
25.1595	959.0291806
25.1795	959.029107
25.1995	959.0290336
25.2195	959.0289587
25.2395	959.0288804
25.2595	959.0287971
25.2795	959.0287076
25.2995	959.0286106
25.3195	959.0285052
25.3395	959.0283911
25.3595	959.0282679
25.3795	959.0281357
25.3995	959.0279949
25.4195	959.027846
25.4395	959.0276899
25.4595	959.0275276
25.4795	959.0273605
25.4995	959.0271898
25.5195	959.027017
25.5395	959.0268435
25.5595	959.0266707
25.5795	959.0265002
25.5995	959.0263332
25.6195	959.0261708
25.6395	959.0260141
25.6595	959.0258639
25.6795	959.0257207
25.6995	959.0255848
25.7195	959.0254565
25.7395	959.0253355
25.7595	959.0252218
25.7795	959.0251144
25.7995	959.0250131
25.8195	959.0249167
25.8395	959.0248245
25.8595	959.0247354
25.8795	959.0246482
25.8995	959.0245618
25.9195	959.0244751
25.9395	959.0243871
25.9595	959.0242969
25.9795	959.0242035
25.9995	959.0241062
26.0195	959.0240045
26.0395	959.023898
26.0595	959.0237865
26.0795	959.0236698
26.0995	959.0235481
26.1195	959.0234218
26.1395	959.0232911
26.1595	959.0231566
26.1795	959.0230192
26.1995	959.0228793
26.2195	959.0227379
26.2395	959.0225959
26.2595	959.0224539
26.2795	959.0223131
26.2995	959.0221739
26.3195	959.0220371
26.3395	959.0219035
26.3595	959.0217735
26.3795	959.0216475
26.3995	959.0215257
26.4195	959.0214084
26.4395	959.0212954
26.4595	959.0211868
26.4795	959.0210823
26.4995	959.0209815
26.5195	959.020884
26.5395	959.0207893
26.5595	959.0206967
26.5795	959.0206057
26.5995	959.0205157
26.6195	959.0204259
26.6395	959.0203358
26.6595	959.0202447
26.6795	959.0201523
26.6995	959.0200579
26.7195	959.0199612
26.7395	958.1802456
26.7595	956.8543633
26.7795	958.429328
26.7995	958.4395687
26.8195	957.682101
26.8395	957.9803557
26.8595	958.2257766
26.8795	957.9853935
26.8995	957.9632693
26.9195	958.0866357
26.9395	958.0468615
26.9595	958.0018143
26.9795	958.0366874
26.9995	958.0419136
27.0195	958.0203569
27.0395	958.0235077
27.0595	958.0295741
27.0795	958.0226318
27.0995	958.0195607
27.1195	958.0213559
27.1395	958.0195997
27.1595	958.0172316
27.1795	958.01717
27.1995	958.016883
27.2195	958.0160052
27.2395	958.015909
27.2595	958.0162212
27.2795	958.0164171
27.2995	958.0168573
27.3195	958.0176105
27.3395	958.0184279
27.3595	958.0193189
27.3795	958.0203364
27.3995	958.0213883
27.4195	958.0224177
27.4395	958.0234239
27.4595	958.0243693
27.4795	958.0252086
27.4995	958.0259238
27.5195	958.0264969
27.5395	958.0269063
27.5595	958.0271415
27.5795	958.0271996
27.5995	958.0270802
27.6195	958.0267886
27.6395	958.0263368
27.6595	958.0257405
27.6795	958.0250193
27.6995	958.0241964
27.7195	958.0232974
27.7395	958.0223495
27.7595	958.0213803
27.7795	958.0204179
27.7995	958.0194887
27.8195	958.0186173
27.8395	958.0178263
27.8595	958.0171347
27.8795	958.016558
27.8995	958.0161073
27.9195	958.0157902
27.9395	958.0156094
27.9595	958.0155632
27.9795	958.0156464
27.9995	958.0158494
28.0195	958.0161593
28.0395	958.0165605
28.0595	958.0170349
28.0795	958.0175627
28.0995	958.0181231
28.1195	958.0186949
28.1395	958.0192573
28.1595	958.0197902
28.1795	958.0202754
28.1995	958.0206963
28.2195	958.0210393
28.2395	958.0212932
28.2595	958.0214502
28.2795	958.0215057
28.2995	958.0214581
28.3195	958.0213096
28.3395	958.021065
28.3595	958.0207322
28.3795	958.0203213
28.3995	958.0198449
28.4195	958.0193171
28.4395	958.018753
28.4595	958.0181687
28.4795	958.0175802
28.4995	958.0170032
28.5195	958.0164525
28.5395	958.0159419
28.5595	958.0154832
28.5795	958.0150866
28.5995	958.0147597
28.6195	958.0145081
28.6395	958.0143345
28.6595	958.0142393
28.6795	958.0142208
28.6995	958.0142743
28.7195	958.0143936
28.7395	958.0145703
28.7595	958.0147947
28.7795	958.0150558
28.7995	958.015342
28.8195	958.0156411
28.8395	958.0159407
28.8595	958.0162293
28.8795	958.0164957
28.8995	958.0167297
28.9195	958.0169227
28.9395	958.0170675
28.9595	958.0171586
28.9795	958.0171922
28.9995	958.0171669
29.0195	958.0170824
29.0395	958.0169411
29.0595	958.0167464
29.0795	958.0165037
29.0995	958.0162195
29.1195	958.0159015
29.1395	958.0155582
29.1595	958.0151985
29.1795	958.0148319
29.1995	958.0144673
29.2195	958.0141137
29.2395	958.0137793
29.2595	958.0134717
29.2795	958.013197
29.2995	958.0129605
29.3195	958.012766
29.3395	958.0126159
29.3595	958.0125112
29.3795	958.0124515
29.3995	958.0124348
29.4195	958.012458
29.4395	958.012517
29.4595	958.0126067
29.4795	958.0127207
29.4995	958.0128528
29.5195	958.012996
29.5395	958.013143
29.5595	958.0132873
29.5795	958.013422
29.5995	958.0135409
29.6195	958.0136388
29.6395	958.0137108
29.6595	958.0137535
29.6795	958.0137642
29.6995	958.0137412
29.7195	958.013684
29.7395	958.0135935
29.7595	958.013471
29.7795	958.0133193
29.7995	958.0131418
29.8195	958.0129424
29.8395	958.012726
29.8595	958.0124977
29.8795	958.0122626
29.8995	958.0120261
29.9195	958.0117935
29.9395	958.0115697
29.9595	958.0113592
29.9795	958.0111661
29.9995	958.0109935
30.0195	982.8057217
30.0395	994.5256092
30.0595	995.6301609
30.0795	999.0652055
30.0995	1009.499378
30.1195	1015.795465
30.1395	1019.510275
30.1595	1024.805429
30.1795	1028.919117
30.1995	1030.764495
30.2195	1031.961196
30.2395	1032.325981
30.2595	1031.192925
30.2795	1029.014967
30.2995	1026.085497
30.3195	1022.284768
30.3395	1017.780111
30.3595	1012.855503
30.3795	1007.637395
30.3995	1002.275062
30.4195	996.9876317
30.4395	991.9489062
30.4595	987.3010321
30.4795	983.1943088
30.4995	979.7563714
30.5195	977.0398503
30.5395	975.9067724
30.5595	976.0117428
30.5795	975.1488622
30.5995	975.729982
30.6195	977.7907038
30.6395	980.0787914
30.6595	982.9441377
30.6795	986.6644134
30.6995	990.7528385
30.7195	995.0399913
30.7395	999.5750243
30.7595	1004.160022
30.7795	1008.592921
30.7995	1012.798839
30.8195	1016.669361
30.8395	1020.071709
30.8595	1020.947907
30.8795	1022.497084
30.8995	1025.313075
30.9195	1026.074205
30.9395	1025.788953
30.9595	1025.634416
30.9795	1024.703215
30.9995	1022.880216
31.0195	1020.754491
31.0395	1018.284942
31.0595	1015.37153
31.0795	1012.254188
31.0995	1009.075967
31.1195	1005.862211
31.1395	1009.783272
31.1595	1006.642832
31.1795	1002.422998
31.1995	1000.857901
31.2195	999.4312565
31.2395	997.4911423
31.2595	996.5728816
31.2795	996.4220182
31.2995	996.4300472
31.3195	996.9491909
31.3395	998.0862915
31.3595	999.5630668
31.3795	999.1507855
31.3995	1001.764169
31.4195	1005.243161
31.4395	1007.000748
31.4595	1009.242771
31.4795	1012.164422
31.4995	1014.493134
31.5195	1016.505032
31.5395	1018.564563
31.5595	1007.841257
31.5795	1011.206224
31.5995	1011.575216
31.6195	1011.397282
31.6395	1012.133733
31.6595	1012.031977
31.6795	1011.113847
31.6995	1010.239478
31.7195	1009.112262
31.7395	1012.946
31.7595	1011.250903
31.7795	1007.834732
31.7995	1006.472701
31.8195	1004.970379
31.8395	1002.523782
31.8595	1000.604975
31.8795	999.1134488
31.8995	997.4855632
31.9195	993.9769002
31.9395	994.6122598
31.9595	992.4468045
31.9795	991.6899977
31.9995	992.246371
32.0195	992.1572351
32.0395	992.2322736
32.0595	993.0458382
32.0795	1000.436078
32.0995	999.7992822
32.1195	999.9589573
32.1395	1002.446287
32.1595	1003.758052
32.1795	1004.507875
32.1995	1006.027101
32.2195	1007.409748
32.2395	1008.307409
32.2595	1012.28653
32.2795	1013.384381
32.2995	1012.250895
32.3195	1013.051213
32.3395	1013.724919
32.3595	1013.105605
32.3795	1012.63968
32.3995	1012.31999
32.4195	1011.491197
32.4395	1008.118467
32.4595	1008.864584
32.4795	1006.416908
32.4995	1004.817078
32.5195	1004.286297
32.5395	1002.884916
32.5595	1001.3473
32.5795	1000.364186
32.5995	999.3697904
32.6195	1009.147998
32.6395	1007.077749
32.6595	1005.27737
32.6795	1005.887604
32.6995	1005.713728
32.7195	1005.034293
32.7395	1005.249606
32.7595	1005.652982
32.7795	1005.838114
32.7995	1006.270918
32.8195	1006.91917
32.8395	1010.129012
32.8595	1012.04805
32.8795	1013.532628
32.8995	1013.301435
32.9195	1013.931852
32.9395	1014.953364
32.9595	1015.287684
32.9795	1015.552113
32.9995	1015.979528
33.0195	1016.158703
33.0395	1016.126491
33.0595	1016.053858
33.0795	1013.78716
33.0995	1013.256115
33.1195	1014.055051
33.1395	1013.068391
33.1595	1011.986778
33.1795	1011.64264
33.1995	1010.933895
33.2195	1009.944403
33.2395	1009.202363
33.2595	1008.494591
33.2795	1007.693271
33.2995	1006.986217
33.3195	1006.390742
33.3395	1005.83856
33.3595	1005.371861
33.3795	996.2804195
33.3995	998.1178936
33.4195	997.8355954
33.4395	996.8424997
33.4595	997.32666
33.4795	997.7270128
33.4995	997.6160175
33.5195	997.8866364
33.5395	998.3581775
33.5595	998.6523642
33.5795	998.9788653
33.5995	999.4035448
33.6195	999.7710615
33.6395	1000.084637
33.6595	1000.390564
33.6795	1000.645102
33.6995	1000.823683
33.7195	1000.940631
33.7395	1000.989709
33.7595	1000.958989
33.7795	1000.853203
33.7995	1000.67761
33.8195	1000.433705
33.8395	1000.128306
33.8595	999.7714894
33.8795	999.3725803
33.8995	998.9421412
33.9195	998.4924075
33.9395	998.0354603
33.9595	997.5830402
33.9795	997.1467822
33.9995	996.7375308
34.0195	996.3648795
34.0395	996.0371239
34.0595	995.761027
34.0795	995.5415597
34.0995	995.3818471
34.1195	995.2831528
34.1395	995.2448637
34.1595	995.2645667
34.1795	995.3381937
34.1995	995.4601912
34.2195	995.6237348
34.2395	995.8209844
34.2595	996.0433589
34.2795	996.2818242
34.2995	996.5271882
34.3195	996.7703925
34.3395	997.0027886
34.3595	997.2163957
34.3795	997.404127
34.3995	997.5599835
34.4195	997.679207
34.4395	997.7583896
34.4595	997.7955391
34.4795	997.7900969
34.4995	997.7429115
34.5195	997.6561695
34.5395	997.5332864
34.5595	997.3787624
34.5795	997.1980099
34.5995	996.9971561
34.6195	996.7828314
34.6395	1005.327033
34.6595	1003.004618
34.6795	1002.876806
34.6995	1003.643058
34.7195	1003.029948
34.7395	1002.592302
34.7595	1002.786948
34.7795	1002.695908
34.7995	1002.48165
34.8195	1002.518197
34.8395	1002.577531
34.8595	1002.574408
34.8795	1002.649748
34.8995	1002.782548
34.9195	1002.908643
34.9395	1003.05707
34.9595	1003.238234
34.9795	1003.424964
34.9995	1006.009173
35.0195	1004.208986
35.0395	1005.578168
35.0595	1006.228673
35.0795	1005.647186
35.0995	1005.88418
35.1195	1006.339982
35.1395	1006.278808
35.1595	1006.282284
35.1795	1006.460431
35.1995	1006.490826
35.2195	1006.453445
35.2395	1006.471082
35.2595	1006.459014
35.2795	1006.398101
35.2995	1003.73239
35.3195	1002.408669
35.3395	1001.539202
35.3595	1002.392495
35.3795	1002.32503
35.3995	1001.820549
35.4195	1001.945706
35.4395	1002.041115
35.4595	1001.874516
35.4795	1001.859199
35.4995	1001.94055
35.5195	1001.946968
35.5395	1001.976033
35.5595	994.3509622
35.5795	992.2783192
35.5995	992.6678677
35.6195	993.7098085
35.6395	993.3425402
35.6595	993.2645545
35.6795	993.7571802
35.6995	993.8921098
35.7195	993.9091578
35.7395	994.1461243
35.7595	994.3453581
35.7795	994.4462422
35.7995	994.5913297
35.8195	994.7470577
35.8395	997.3092809
35.8595	997.3524698
35.8795	996.1964028
35.8995	996.8144393
35.9195	997.2510243
35.9395	996.8916184
35.9595	996.9189041
35.9795	997.1444198
35.9995	997.0856718
36.0195	997.0328869
36.0395	997.100936
36.0595	997.1090769
36.0795	997.0808065
36.0995	997.0967906
36.1195	996.1770934
36.1395	994.7089949
36.1595	994.0970897
36.1795	995.0970581
36.1995	995.0493388
36.2195	994.681831
36.2395	994.9632759
36.2595	995.1525425
36.2795	995.0911772
36.2995	995.195426
36.3195	995.369332
36.3395	995.4521257
36.3595	995.5526039
36.3795	995.7000385
36.3995	995.8276927
36.4195	992.5734049
36.4395	990.5271079
36.4595	991.0786532
36.4795	992.0610047
36.4995	991.6242288
36.5195	991.5503568
36.5395	991.9902783
36.5595	992.0333801
36.5795	991.9778544
36.5995	992.1344195
36.6195	992.2344459
36.6395	992.2399553
36.6595	992.2949281
36.6795	992.3599831
36.6995	992.384315
36.7195	992.4092794
36.7395	992.4443802
36.7595	992.4684542
36.7795	992.4880678
36.7995	994.6557433
36.8195	992.9935065
36.8395	994.4123788
36.8595	994.6805971
36.8795	993.9589976
36.8995	994.1952671
36.9195	994.5215075
36.9395	994.3656049
36.9595	994.3732887
36.9795	994.5538961
36.9995	994.5962963
37.0195	994.621886
37.0395	994.7282057
37.0595	994.8166104
37.0795	994.8793355
37.0995	994.9647606
37.1195	995.0551284
37.1395	995.1328175
37.1595	995.2115923
37.1795	995.2924584
37.1995	995.3667984
37.2195	995.4361292
37.2395	995.502627
37.2595	995.5636185
37.2795	995.618348
37.2995	995.6678643
37.3195	995.7118574
37.3395	995.7499957
37.3595	995.7828756
37.3795	995.810983
37.3995	995.8346366
37.4195	990.4207483
37.4395	990.3333594
37.4595	991.9965
37.4795	991.3924141
37.4995	990.8724153
37.5195	991.3941472
37.5395	991.4530101
37.5595	991.2050634
37.5795	991.3032036
37.5995	991.4095528
37.6195	991.3515363
37.6395	991.3602558
37.6595	991.424468
37.6795	991.4390807
37.6995	991.4519898
37.7195	991.493514
37.7395	991.5282032
37.7595	991.555432
37.7795	991.5915812
37.7995	991.6294785
37.8195	991.6633198
37.8395	991.6978833
37.8595	991.7329898
37.8795	991.7654462
37.8995	991.7956747
37.9195	991.8241345
37.9395	991.8496458
37.9595	991.8717903
37.9795	991.8907543
37.9995	991.9062641
38.0195	991.9181002
38.0395	991.9263976
38.0595	991.9312785
38.0795	991.9328511
38.0995	991.9313738
38.1195	991.9271743
38.1395	991.9205856
38.1595	991.9119895
38.1795	991.9018061
38.1995	991.8904533
38.2195	991.8783435
38.2395	991.8658797
38.2595	991.8534361
38.2795	991.8413459
38.2995	991.8298972
38.3195	991.8193243
38.3395	991.8098004
38.3595	994.9716217
38.3795	996.5812038
38.3995	997.0610631
38.4195	996.0893592
38.4395	996.2429703
38.4595	996.6340919
38.4795	996.3966313
38.4995	996.3016782
38.5195	996.4488938
38.5395	996.43114
38.5595	996.364829
38.5795	996.3957753
38.5995	996.4091923
38.6195	996.3815365
38.6395	996.3762825
38.6595	996.3784924
38.6795	996.3636043
38.6995	996.3482757
38.7195	996.3371939
38.7395	996.3203924
38.7595	996.2996047
38.7795	996.2789054
38.7995	996.2559627
38.8195	996.2300077
38.8395	996.202765
38.8595	996.174281
38.8795	996.1441507
38.8995	996.1129909
38.9195	996.0812472
38.9395	996.04896
38.9595	996.0164098
38.9795	995.9839532
38.9995	995.951769
39.0195	995.9200252
39.0395	995.8889226
39.0595	995.8585886
39.0795	995.8290936
39.0995	995.8004906
39.1195	995.7727903
39.1395	995.745953
39.1595	995.7199076
39.1795	995.6945528
39.1995	993.5762364
39.2195	995.1810195
39.2395	993.757153
39.2595	993.520995
39.2795	994.2447703
39.2995	994.017371
39.3195	993.7174
39.3395	993.8981663
39.3595	993.9188753
39.3795	993.7747956
39.3995	993.7719996
39.4195	993.7890949
39.4395	993.7294516
39.4595	993.6895706
39.4795	993.6763577
39.4995	993.6411495
39.5195	993.6003047
39.5395	993.5704096
39.5595	993.5371156
39.5795	993.4984831
39.5995	993.4623015
39.6195	993.426572
39.6395	993.388645
39.6595	993.3507988
39.6795	993.3136417
39.6995	993.2761141
39.7195	993.2386149
39.7395	993.2017322
39.7595	993.1652632
39.7795	993.1292073
39.7995	993.093826
39.8195	993.0591439
39.8395	993.0251188
39.8595	992.9918094
39.8795	992.9592264
39.8995	992.9273151
39.9195	999.3837832
39.9395	997.7998183
39.9595	996.7445719
39.9795	997.8921475
39.9995	997.8716553
40.0195	997.2769683
40.0395	997.4698871
40.0595	997.6186913
40.0795	997.4118524
40.0995	997.370059
40.1195	997.4310433
40.1395	997.3723951
40.1595	997.3132977
40.1795	997.3111795
40.1995	997.2861176
40.2195	997.2429834
40.2395	997.2177064
40.2595	997.1934211
40.2795	997.1598434
40.2995	997.1291443
40.3195	997.1013314
40.3395	997.0706796
40.3595	997.0395809
40.3795	997.0098948
40.3995	996.9798569
40.4195	996.9494319
40.4395	996.9196178
40.4595	996.8901782
40.4795	996.8608848
40.4995	996.8320882
40.5195	996.8038935
40.5395	996.7762178
40.5595	996.7491559
40.5795	996.7228024
40.5995	996.6971476
40.6195	996.6722029
40.6395	996.6479987
40.6595	996.6245259
40.6795	996.6017611
40.6995	996.5796854
40.7195	996.5582669
40.7395	996.5374609
40.7595	996.5172213
40.7795	996.4974986
40.7995	996.4782389
40.8195	996.4593885
40.8395	996.4408958
40.8595	996.4227117
40.8795	996.4047916
40.8995	996.3870971
40.9195	996.3695966
40.9395	996.3522664
40.9595	996.3350912
40.9795	996.3180643
40.9995	996.3011878
41.0195	996.2844721
41.0395	996.2679356
41.0595	996.2516038
41.0795	996.2355083
41.0995	996.2196856
41.1195	996.2041761
41.1395	996.1890225
41.1595	996.1742686
41.1795	997.1020356
41.1995	998.5845421
41.2195	999.1746832
41.2395	998.2041636
41.2595	998.2904439
41.2795	998.6925252
41.2995	998.4664558
41.3195	998.3462794
41.3395	998.4836197
41.3595	998.468295
41.3795	998.3941543
41.3995	998.4180652
41.4195	998.4318502
41.4395	998.4046066
41.4595	998.4000993
41.4795	998.4070508
41.4995	998.3995572
41.5195	998.3932932
41.5395	998.3940612
41.5595	998.3919086
41.5795	998.3879636
41.5995	998.3863737
41.6195	998.3848184
41.6395	998.3821831
41.6595	998.3799635
41.6795	998.3780506
41.6995	998.37577
41.7195	998.3734635
41.7395	998.3713535
41.7595	998.369249
41.7795	998.3672012
41.7995	998.3653753
41.8195	998.3637863
41.8395	998.3624638
41.8595	998.3615065
41.8795	998.3609777
41.8995	998.3609183
41.9195	998.3613871
41.9395	998.3624353
41.9595	998.3640946
41.9795	998.3663924
41.9995	995.3416349
42.0195	995.0183078
42.0395	996.6987579
42.0595	996.1828056
42.0795	995.6045862
42.0995	996.0961776
42.1195	996.1846224
42.1395	995.9284215
42.1595	996.0038055
42.1795	996.1089607
42.1995	996.0446955
42.2195	996.0350805
42.2395	996.0839669
42.2595	996.083274
42.2795	996.0749408
42.2995	996.0933419
42.3195	996.1046316
42.3395	996.1062097
42.3595	996.1152506
42.3795	996.1260763
42.3995	996.132877
42.4195	996.1407617
42.4395	996.1504813
42.4595	996.1593637
42.4795	996.1681931
42.4995	996.1779766
42.5195	996.1879823
42.5395	996.19807
42.5595	996.2086775
42.5795	996.219717
42.5995	996.2310289
42.6195	996.2427212
42.6395	996.2548166
42.6595	996.2672347
42.6795	996.2799671
42.6995	996.2930162
42.7195	996.3063379
42.7395	996.3198949
42.7595	996.3336645
42.7795	996.3476113
42.7995	996.3616965
42.8195	996.3758888
42.8395	996.390157
42.8595	996.4044698
42.8795	996.4188004
42.8995	996.4331262
42.9195	996.4474276
42.9395	996.4616895
42.9595	996.4759017
42.9795	996.4900583
42.9995	996.5041577
43.0195	996.5182024
43.0395	996.532199
43.0595	996.5461569
43.0795	996.5600886
43.0995	996.5740087
43.1195	996.5879329
43.1395	996.6018779
43.1595	996.6158602
43.1795	996.6298958
43.1995	996.6439994
43.2195	996.6581836
43.2395	996.672459
43.2595	996.6868331
43.2795	996.7013104
43.2995	996.7158923
43.3195	996.7305766
43.3395	996.7453579
43.3595	996.7602274
43.3795	996.7751734
43.3995	996.7901816
43.4195	996.8052353
43.4395	996.8203158
43.4595	996.8354034
43.4795	996.850477
43.4995	996.8655157
43.5195	996.8804987
43.5395	996.8954058
43.5595	996.910218
43.5795	996.924918
43.5995	996.9394906
43.6195	996.9539227
43.6395	996.9682038
43.6595	996.9823258
43.6795	996.9962838
43.6995	997.0100748
43.7195	997.0236989
43.7395	997.0371583
43.7595	997.0504573
43.7795	997.0636019
43.7995	997.0765997
43.8195	997.089459
43.8395	997.1021893
43.8595	997.1147998
43.8795	997.1272996
43.8995	997.1396976
43.9195	997.1520014
43.9395	997.1642177
43.9595	997.1763516
43.9795	997.1884063
43.9995	997.2003836
44.0195	997.2122834
44.0395	997.2241032
44.0595	997.2358392
44.0795	997.2474855
44.0995	997.2590347
44.1195	997.2704781
44.1395	997.2818055
44.1595	997.2930063
44.1795	997.3040692
44.1995	997.3149824
44.2195	997.3257343
44.2395	997.3363136
44.2595	997.3467097
44.2795	997.3569127
44.2995	997.366914
44.3195	997.3767062
44.3395	997.3862832
44.3595	997.3956408
44.3795	997.404776
44.3995	997.4136874
44.4195	997.4223755
44.4395	997.4308416
44.4595	997.439089
44.4795	997.4471216
44.4995	997.4549445
44.5195	997.4625634
44.5395	997.4699847
44.5595	997.4772149
44.5795	997.4842604
44.5995	997.4911278
44.6195	997.4978228
44.6395	997.5043511
44.6595	997.5107169
44.6795	997.5169243
44.6995	997.5229757
44.7195	997.5288728
44.7395	997.5346164
44.7595	997.5402058
44.7795	997.5456397
44.7995	997.5509155
44.8195	997.5560299
44.8395	997.5609789
44.8595	997.5657579
44.8795	997.5703622
44.8995	997.5747862
44.9195	997.5790252
44.9395	997.5830737
44.9595	997.5869272
44.9795	997.5905813
44.9995	997.5940323
45.0195	997.5972773
45.0395	997.6003141
45.0595	997.6031414
45.0795	997.6057587
45.0995	997.6081667
45.1195	997.6103668
45.1395	997.6123612
45.1595	997.6141533
45.1795	997.6157467
45.1995	997.6171457
45.2195	997.6183554
45.2395	997.6193812
45.2595	997.6202282
45.2795	997.6209022
45.2995	997.6214087
45.3195	997.621753
45.3395	997.6219401
45.3595	997.6219747
45.3795	997.6218609
45.3995	997.6216024
45.4195	997.6212021
45.4395	997.6206623
45.4595	997.6199851
45.4795	997.6191714
45.4995	997.6182219
45.5195	997.6171366
45.5395	997.615915
45.5595	997.6145567
45.5795	997.6130604
45.5995	997.6114251
45.6195	997.6096493
45.6395	997.6077321
45.6595	997.6056723
45.6795	997.6034689
45.6995	997.6011214
45.7195	997.5986298
45.7395	997.5959941
45.7595	997.5932152
45.7795	997.5902943
45.7995	997.5872332
45.8195	997.5840343
45.8395	997.5807002
45.8595	997.5772343
45.8795	997.5736402
45.8995	997.5699222
45.9195	997.5660844
45.9395	997.5621315
45.9595	997.5580684
45.9795	997.5538996
45.9995	997.54963
46.0195	997.5452644
46.0395	997.5408072
46.0595	997.5362629
46.0795	997.5316354
46.0995	997.5269285
46.1195	997.5221457
46.1395	997.5172897
46.1595	997.5123635
46.1795	997.5073691
46.1995	997.5023086
46.2195	997.4971836
46.2395	997.4919951
46.2595	997.4867444
46.2795	997.4814323
46.2995	997.4760594
46.3195	997.4706264
46.3395	997.4651338
46.3595	997.4595822
46.3795	997.4539724
46.3995	997.4483052
46.4195	997.4425815
46.4395	997.4368027
46.4595	997.4309703
46.4795	997.4250858
46.4995	997.4191514
46.5195	997.4131696
46.5395	997.4071427
46.5595	997.4010736
46.5795	997.3949657
46.5995	997.3888219
46.6195	997.3826459
46.6395	997.3764411
46.6595	997.3702113
46.6795	997.3639604
46.6995	997.3576918
46.7195	997.3514092
46.7395	997.3451162
46.7595	997.3388163
46.7795	997.3325126
46.7995	997.3262083
46.8195	997.3199061
46.8395	997.3136085
46.8595	997.3073182
46.8795	997.3010372
46.8995	997.2947671
46.9195	997.28851
46.9395	997.282267
46.9595	997.2760396
46.9795	997.2698288
46.9995	997.2636356
47.0195	997.2574611
47.0395	997.251306
47.0595	997.2451711
47.0795	997.2390575
47.0995	998.1778578
47.1195	999.6657896
47.1395	1000.262941
47.1595	999.3004978
47.1795	999.392389
47.1995	999.7996565
47.2195	999.5790947
47.2395	999.4632484
47.2595	999.6041053
47.2795	999.5921027
47.2995	999.5205881
47.3195	999.5463725
47.3395	999.5616193
47.3595	999.5353368
47.3795	999.5312055
47.3995	999.5381035
47.4195	999.5301679
47.4395	999.5230428
47.4595	999.5225964
47.4795	999.5189343
47.4995	999.5131912
47.5195	999.5095439
47.5395	999.505712
47.5595	999.5005955
47.5795	999.4957015
47.5995	999.4909379
47.6195	999.4856364
47.6395	999.4801366
47.6595	999.4746582
47.6795	999.4690025
47.6995	999.4632077
47.7195	999.457423
47.7395	999.451646
47.7595	999.4458862
47.7795	999.4402211
47.7995	999.4346933
47.8195	999.4293232
47.8395	999.4241507
47.8595	999.4192103
47.8795	999.4145196
47.8995	999.4100949
47.9195	999.4059492
47.9395	999.4020854
47.9595	999.3984995
47.9795	999.3951832
47.9995	999.392122
48.0195	999.3892953
48.0395	999.386679
48.0595	999.384246
48.0795	999.3819658
48.0995	999.3798072
48.1195	999.3777384
48.1395	999.3757282
48.1595	999.3737472
48.1795	999.3717683
48.1995	999.3697676
48.2195	999.3677255
48.2395	999.3656264
48.2595	999.3634594
48.2795	999.3612189
48.2995	999.3589039
48.3195	999.3565187
48.3395	999.354072
48.3595	999.3515763
48.3795	999.3490484
48.3995	999.3465078
48.4195	999.3439762
48.4395	999.3414771
48.4595	999.3390347
48.4795	999.336673
48.4995	999.3344158
48.5195	999.3322848
48.5395	999.3303
48.5595	999.3284787
48.5795	999.326835
48.5995	999.3253792
48.6195	999.3241185
48.6395	999.3230558
48.6595	999.3221904
48.6795	999.3215177
48.6995	999.3210299
48.7195	999.3207159
48.7395	999.3205619
48.7595	999.3205522
48.7795	999.320669
48.7995	999.3208936
48.8195	999.3212072
48.8395	999.3215904
48.8595	999.3220252
48.8795	999.3224943
48.8995	999.3229824
48.9195	999.3234762
48.9395	999.3239649
48.9595	999.3244401
48.9795	999.3248966
48.9995	999.3253319
49.0195	999.3257463
49.0395	999.3261431
49.0595	999.3265278
49.0795	999.3269083
49.0995	999.3272944
49.1195	999.3276974
49.1395	999.3281298
49.1595	999.3286046
49.1795	999.3291353
49.1995	999.3297348
49.2195	999.3304154
49.2395	999.3311886
49.2595	999.3320642
49.2795	999.3330504
49.2995	999.3341536
49.3195	999.3353778
49.3395	999.3367252
49.3595	999.3381952
49.3795	999.3397858
49.3995	999.3414923
49.4195	999.3433085
49.4395	999.3452261
49.4595	999.347236
49.4795	999.3493275
49.4995	999.3514893
49.5195	999.35371
49.5395	999.3559775
49.5595	999.3582805
49.5795	999.360608
49.5995	999.3629499
49.6195	999.3652975
49.6395	999.367643
49.6595	999.3699804
49.6795	999.3723053
49.6995	999.3746148
49.7195	999.3769078
49.7395	999.3791848
49.7595	999.3814479
49.7795	999.3837004
49.7995	999.3859469
49.8195	999.3881931
49.8395	999.3904453
49.8595	999.3927104
49.8795	999.3949955
49.8995	999.3973077
49.9195	999.3996536
49.9395	999.4020399
49.9595	999.4044718
49.9795	999.406954
49.9995	999.4094905
50.0195	999.4120832
50.0395	999.4147337
50.0595	999.4174416
50.0795	999.4202057
50.0995	999.4230236
50.1195	999.4258914
50.1395	999.4288045
50.1595	999.4317572
50.1795	999.4347435
50.1995	999.4377564
50.2195	999.4407887
50.2395	999.4438335
50.2595	999.4468834
50.2795	999.4499316
50.2995	999.4529718
50.3195	999.4559979
50.3395	999.459005
50.3595	999.4619888
50.3795	999.464946
50.3995	999.4678741
50.4195	999.4707719
50.4395	999.4736389
50.4595	999.4764756
50.4795	999.4792833
50.4995	999.4820641
50.5195	999.4848207
50.5395	999.4875565
50.5595	999.490275
50.5795	999.4929801
50.5995	999.4956756
50.6195	999.4983653
50.6395	999.5010529
50.6595	999.5037416
50.6795	999.5064339
50.6995	999.5091323
50.7195	999.5118382
50.7395	999.5145522
50.7595	999.5172748
50.7795	999.5200053
50.7995	999.5227422
50.8195	999.5254837
50.8395	999.5282271
50.8595	999.5309694
50.8795	999.533707
50.8995	999.5364359
50.9195	999.5391521
50.9395	999.5418514
50.9595	999.5445294
50.9795	999.5471821
50.9995	999.5498055
51.0195	999.5523963
51.0395	999.5549512
51.0595	999.5574676
51.0795	999.559943
51.0995	999.5623762
51.1195	999.5647659
51.1395	999.5671117
51.1595	999.5694138
51.1795	999.5716727
51.1995	999.5738895
51.2195	999.5760657
51.2395	999.5782031
51.2595	999.5803039
51.2795	999.5823701
51.2995	999.5844043
51.3195	999.5864086
51.3395	999.5883854
51.3595	999.5903367
51.3795	999.5922643
51.3995	999.5941698
51.4195	999.5960544
51.4395	999.5979188
51.4595	999.5997635
51.4795	999.6015884
51.4995	999.6033931
51.5195	999.6051768
51.5395	999.6069384
51.5595	999.6086762
51.5795	999.6103886
51.5995	999.6120735
51.6195	999.6137288
51.6395	999.6153523
51.6595	999.6169417
51.6795	999.6184949
51.6995	999.6200098
51.7195	999.6214842
51.7395	999.6229168
51.7595	999.624306
51.7795	999.6256506
51.7995	999.6269498
51.8195	999.628203
51.8395	999.6294104
51.8595	999.6305717
51.8795	999.6316878
51.8995	999.6327592
51.9195	999.6337871
51.9395	999.6347726
51.9595	999.6357173
51.9795	999.6366226
51.9995	999.6374902
52.0195	999.6383218
52.0395	999.6391189
52.0595	999.6398831
52.0795	999.6406158
52.0995	999.6413183
52.1195	999.6419917
52.1395	999.6426368
52.1595	999.6432542
52.1795	999.6438444
52.1995	999.6444076
52.2195	999.6449437
52.2395	999.6454524
52.2595	999.6459332
52.2795	999.6463856
52.2995	999.6468087
52.3195	999.6472016
52.3395	999.6475634
52.3595	999.6478932
52.3795	999.6481899
52.3995	999.6484528
52.4195	999.6486809
52.4395	999.6488737
52.4595	999.6490302
52.4795	999.6491504
52.4995	999.6492341
52.5195	999.649281
52.5395	999.6492914
52.5595	999.6492656
52.5795	999.6492043
52.5995	999.649108
52.6195	999.6489777
52.6395	999.6488145
52.6595	999.6486193
52.6795	999.6483934
52.6995	999.6481381
52.7195	999.6478546
52.7395	999.6475443
52.7595	999.6472084
52.7795	999.646848
52.7995	999.6464642
52.8195	999.6460582
52.8395	999.6456309
52.8595	999.6451826
52.8795	999.6447144
52.8995	999.6442266
52.9195	999.6437197
52.9395	999.6431937
52.9595	999.6426487
52.9795	999.6420848
52.9995	999.6415018
53.0195	999.6408996
53.0395	999.640278
53.0595	999.6396367
53.0795	999.6389754
53.0995	999.6382939
53.1195	999.6375922
53.1395	999.6368699
53.1595	999.6361269
53.1795	999.6353633
53.1995	999.6345792
53.2195	999.633775
53.2395	999.6329508
53.2595	999.6321071
53.2795	999.6312445
53.2995	999.6303636
53.3195	997.1540725
53.3395	997.2567666
53.3595	998.4869929
53.3795	997.9362385
53.3995	997.5705226
53.4195	997.976812
53.4395	997.983508
53.4595	997.7856309
53.4795	997.8610227
53.4995	997.9236974
53.5195	997.8622269
53.5395	997.8575189
53.5595	997.8892674
53.5795	997.879632
53.5995	997.8696512
53.6195	997.879611
53.6395	997.8817006
53.6595	997.8774273
53.6795	997.8792991
53.6995	997.8814503
53.7195	997.8802303
53.7395	997.879836
53.7595	997.8802519
53.7795	997.8794526
53.7995	997.8782437
53.8195	997.8772572
53.8395	997.8758661
53.8595	997.8740503
53.8795	997.8721567
53.8995	997.8701074
53.9195	997.8678325
53.9395	997.8654686
53.9595	997.8630708
53.9795	997.860632
53.9995	997.8582094
54.0195	997.8558619
54.0395	997.8536128
54.0595	997.8514924
54.0795	997.8495368
54.0995	997.8477665
54.1195	997.8461942
54.1395	997.8448314
54.1595	997.8436811
54.1795	997.8427381
54.1995	997.8419923
54.2195	997.8414282
54.2395	997.8410245
54.2595	997.8407556
54.2795	997.8405933
54.2995	997.8405066
54.3195	997.8404634
54.3395	997.8404313
54.3595	997.840379
54.3795	997.8402765
54.3995	997.8400969
54.4195	997.8398166
54.4395	997.839416
54.4595	997.83888
54.4795	997.8381985
54.4995	997.8373668
54.5195	997.8363847
54.5395	997.8352574
54.5595	997.8339944
54.5795	997.8326099
54.5995	997.831121
54.6195	997.8295488
54.6395	997.8279156
54.6595	997.8262458
54.6795	997.8245647
54.6995	997.8228972
54.7195	997.8212675
54.7395	997.8196978
54.7595	997.8182089
54.7795	997.8168182
54.7995	997.8155401
54.8195	997.8143856
54.8395	997.8133613
54.8595	997.8124707
54.8795	997.8117128
54.8995	997.8110832
54.9195	997.810574
54.9395	997.8101742
54.9595	997.8098699
54.9795	997.8096457
54.9995	997.8094839
55.0195	997.8093661
55.0395	997.8092735
55.0595	997.8091877
55.0795	997.8090909
55.0995	997.8089664
55.1195	997.8087998
55.1395	997.8085786
55.1595	997.808293
55.1795	997.8079354
55.1995	997.8075018
55.2195	997.8069911
55.2395	997.8064045
55.2595	997.8057469
55.2795	997.8050246
55.2995	997.804247
55.3195	997.8034254
55.3395	997.8025721
55.3595	997.8017012
55.3795	997.8008264
55.3995	997.7999625
55.4195	997.7991235
55.4395	997.7983228
55.4595	997.7975729
55.4795	997.7968838
55.4995	997.7962655
55.5195	997.7957245
55.5395	997.7952659
55.5595	997.7948922
55.5795	997.794604
55.5995	997.7943991
55.6195	997.7942741
55.6395	997.7942231
55.6595	997.7942384
55.6795	997.7943115
55.6995	997.7944327
55.7195	997.794591
55.7395	997.794776
55.7595	997.7949763
55.7795	997.7951811
55.7995	997.795381
55.8195	997.7955663
55.8395	997.7957294
55.8595	997.7958636
55.8795	997.7959641
55.8995	997.7960273
55.9195	997.7960516
55.9395	997.7960376
55.9595	997.7959863
55.9795	997.7959012
55.9995	997.795787
56.0195	997.7956494
56.0395	997.7954953
56.0595	997.7953322
56.0795	997.7951679
56.0995	997.7950108
56.1195	997.7948689
56.1395	997.79475
56.1595	997.7946616
56.1795	997.79461
56.1995	997.7946007
56.2195	997.7946382
56.2395	997.7947259
56.2595	997.7948655
56.2795	997.7950577
56.2995	997.7953017
56.3195	997.795596
56.3395	997.7959375
56.3595	997.7963219
56.3795	997.7967444
56.3995	997.7971995
56.4195	997.7976811
56.4395	997.7981829
56.4595	997.798698
56.4795	997.7992202
56.4995	997.7997435
56.5195	997.8002622
56.5395	997.8007712
56.5595	997.8012662
56.5795	997.801744
56.5995	997.8022018
56.6195	997.8026381
56.6395	997.8030527
56.6595	997.8034458
56.6795	997.8038188
56.6995	997.8041739
56.7195	997.8045142
56.7395	997.8048431
56.7595	997.8051648
56.7795	997.8054836
56.7995	997.805804
56.8195	997.8061308
56.8395	997.8064682
56.8595	997.8068207
56.8795	997.8071923
56.8995	997.8075859
56.9195	997.8080043
56.9395	997.8084499
56.9595	997.8089238
56.9795	997.8094265
56.9995	997.8099581
57.0195	997.8105175
57.0395	997.8111031
57.0595	997.811713
57.0795	997.8123442
57.0995	997.8129935
57.1195	997.8136577
57.1395	997.8143328
57.1595	997.8150149
57.1795	997.8157001
57.1995	997.8163851
57.2195	997.817066
57.2395	997.8177396
57.2595	997.8184035
57.2795	997.819055
57.2995	997.8196926
57.3195	997.8203151
57.3395	997.8209219
57.3595	997.8215127
57.3795	997.8220882
57.3995	997.8226494
57.4195	997.8231975
57.4395	997.8237346
57.4595	997.8242629
57.4795	997.8247845
57.4995	997.8253024
57.5195	997.8258188
57.5395	997.8263363
57.5595	997.8268575
57.5795	997.8273847
57.5995	997.82792
57.6195	997.8284647
57.6395	997.8290206
57.6595	997.8295882
57.6795	997.8301682
57.6995	997.8307605
57.7195	997.8313648
57.7395	997.8319805
57.7595	997.8326062
57.7795	997.8332405
57.7995	997.8338814
57.8195	997.8345273
57.8395	997.8351755
57.8595	997.8358242
57.8795	997.8364711
57.8995	997.837114
57.9195	997.8377505
57.9395	997.8383789
57.9595	997.8389976
57.9795	997.8396047
57.9995	997.8401993
58.0195	997.8407807
58.0395	997.8413482
58.0595	997.8419013
58.0795	997.8424406
58.0995	997.8429664
58.1195	997.8434793
58.1395	997.8439803
58.1595	997.8444708
58.1795	997.8449518
58.1995	997.8454251
58.2195	997.8458919
58.2395	997.8463538
58.2595	997.8468123
58.2795	997.8472685
58.2995	997.847724
58.3195	997.8481797
58.3395	997.8486366
58.3595	997.849095
58.3795	997.8495557
58.3995	997.8500187
58.4195	997.8504838
58.4395	997.8509509
58.4595	997.851419
58.4795	997.8518878
58.4995	997.8523563
58.5195	997.8528231
58.5395	997.8532872
58.5595	997.8537473
58.5795	997.8542021
58.5995	997.8546505
58.6195	997.8550913
58.6395	997.8555229
58.6595	997.8559448
58.6795	997.8563557
58.6995	997.8567552
58.7195	997.8571427
58.7395	997.8575178
58.7595	997.8578802
58.7795	997.8582303
58.7995	997.8585679
58.8195	997.8588936
58.8395	997.8592078
58.8595	997.8595113
58.8795	997.8598049
58.8995	997.8600893
58.9195	997.8603655
58.9395	997.8606345
58.9595	997.8608971
58.9795	997.8611541
58.9995	1008.678136
59.0195	1007.387801
59.0395	1006.182541
59.0595	1007.294458
59.0795	1007.415303
59.0995	1006.836458
59.1195	1007.012221
59.1395	1007.215834
59.1595	1007.050255
59.1795	1007.021451
59.1995	1007.113371
59.2195	1007.092024
59.2395	1007.059632
59.2595	1007.085948
59.2795	1007.094085
59.2995	1007.0819
59.3195	1007.08669
59.3395	1007.094278
59.3595	1007.092573
59.3795	1007.093103
59.3995	1007.096862
59.4195	1007.097889
59.4395	1007.098059
59.4595	1007.099395
59.4795	1007.100152
59.4995	1007.100058
59.5195	1007.10005
59.5395	1007.099893
59.5595	1007.099266
59.5795	1007.098456
59.5995	1007.097554
59.6195	1007.096454
59.6395	1007.095227
59.6595	1007.093975
59.6795	1007.092704
59.6995	1007.091444
59.7195	1007.090258
59.7395	1007.08918
59.7595	1007.088233
59.7795	1007.087449
59.7995	1007.086851
59.8195	1007.08645
59.8395	1007.086253
59.8595	1007.086263
59.8795	1007.086474
59.8995	1007.086871
59.9195	1007.087439
59.9395	1007.088154
59.9595	1007.088989
59.9795	1007.089914
59.9995	1007.090898
60.0195	1007.091906
60.0395	1007.092907
60.0595	1007.093868
60.0795	1007.094759
60.0995	1007.095553
60.1195	1007.096228
60.1395	1007.096764
60.1595	1007.097146
60.1795	1007.097365
60.1995	1007.097418
60.2195	1007.097306
60.2395	1007.097034
60.2595	1007.096613
60.2795	1007.096059
60.2995	1007.09539
60.3195	1007.094626
60.3395	1007.093792
60.3595	1007.092913
60.3795	1007.092013
60.3995	1007.091119
60.4195	1007.090253
60.4395	1007.089439
60.4595	1007.088696
60.4795	1007.088041
60.4995	1007.087488
60.5195	1007.087048
60.5395	1007.086725
60.5595	1007.086523
60.5795	1007.086439
60.5995	1007.086467
60.6195	1007.0866
60.6395	1007.086825
60.6595	1007.087128
60.6795	1007.087491
60.6995	1007.087897
60.7195	1007.088327
60.7395	1007.088762
60.7595	1007.089183
60.7795	1007.089572
60.7995	1007.089913
60.8195	1007.090191
60.8395	1007.090395
60.8595	1007.090515
60.8795	1007.090544
60.8995	1007.090479
60.9195	1007.090319
60.9395	1007.090066
60.9595	1007.089726
60.9795	1007.089306
60.9995	1007.088817
61.0195	1007.088269
61.0395	1007.087676
61.0595	1007.087053
61.0795	1007.086413
61.0995	1007.085771
61.1195	1007.085143
61.1395	1007.08454
61.1595	1007.083976
61.1795	1007.083461
61.1995	1007.083004
61.2195	1007.082612
61.2395	1007.082288
61.2595	1007.082036
61.2795	1007.081855
61.2995	1007.081743
61.3195	1007.081696
61.3395	1007.081708
61.3595	1007.08177
61.3795	1007.081874
61.3995	1007.08201
61.4195	1007.082166
61.4395	1007.082333
61.4595	1007.082498
61.4795	1007.082651
61.4995	1007.082783
61.5195	1007.082885
61.5395	1007.082948
61.5595	1007.082967
61.5795	1007.082938
61.5995	1007.082857
61.6195	1007.082724
61.6395	1007.082538
61.6595	1007.082303
61.6795	1007.082022
61.6995	1007.081701
61.7195	1007.081345
61.7395	1007.080962
61.7595	1007.08056
61.7795	1007.080147
61.7995	1007.079732
61.8195	1007.079324
61.8395	1007.078929
61.8595	1007.078557
61.8795	1007.078212
61.8995	1007.077902
61.9195	1007.077629
61.9395	1007.077398
61.9595	1007.07721
61.9795	1007.077066
61.9995	1007.076965
62.0195	1007.076905
62.0395	1007.076883
62.0595	1007.076895
62.0795	1007.076936
62.0995	1007.077
62.1195	1007.07708
62.1395	1007.077172
62.1595	1007.077268
62.1795	1007.077362
62.1995	1007.077448
62.2195	1007.077521
62.2395	1007.077576
62.2595	1007.077609
62.2795	1007.077617
62.2995	1007.077598
62.3195	1007.077551
62.3395	1007.077476
62.3595	1007.077374
62.3795	1007.077246
62.3995	1007.077095
62.4195	1007.076925
62.4395	1007.076739
62.4595	1007.076542
62.4795	1007.07634
62.4995	1007.076135
62.5195	1007.075934
62.5395	1007.075742
62.5595	1007.075562
62.5795	1007.075398
62.5995	1007.075255
62.6195	1007.075134
62.6395	1007.075039
62.6595	1007.07497
62.6795	1007.074928
62.6995	1007.074913
62.7195	1007.074925
62.7395	1007.07496
62.7595	1007.075018
62.7795	1007.075095
62.7995	1007.075189
62.8195	1007.075296
62.8395	1007.075413
62.8595	1007.075535
62.8795	1007.075659
62.8995	1007.075781
62.9195	1007.075898
62.9395	1007.076008
62.9595	1007.076107
62.9795	1007.076194
62.9995	1007.076267
63.0195	1007.076325
63.0395	1007.076368
63.0595	1007.076396
63.0795	1007.07641
63.0995	1007.076412
63.1195	1007.076402
63.1395	1007.076383
63.1595	1007.076358
63.1795	1007.07633
63.1995	1007.0763
63.2195	1007.076272
63.2395	1007.076248
63.2595	1007.076232
63.2795	1007.076225
63.2995	1007.07623
63.3195	1007.076249
63.3395	1007.076282
63.3595	1007.076331
63.3795	1007.076396
63.3995	1007.076477
63.4195	1007.076575
63.4395	1007.076688
63.4595	1007.076815
63.4795	1007.076954
63.4995	1007.077105
63.5195	1007.077264
63.5395	1007.07743
63.5595	1007.077601
63.5795	1007.077774
63.5995	1007.077947
63.6195	1007.078119
63.6395	1007.078288
63.6595	1007.078451
63.6795	1007.078608
63.6995	1007.078757
63.7195	1007.078898
63.7395	1007.079031
63.7595	1007.079155
63.7795	1007.079271
63.7995	1007.07938
63.8195	1007.079481
63.8395	1007.079577
63.8595	1007.079669
63.8795	1007.079758
63.8995	1007.079845
63.9195	1007.079933
63.9395	1007.080022
63.9595	1007.080115
63.9795	1007.080213
63.9995	1007.080317
64.0195	1007.080428
64.0395	1007.080547
64.0595	1007.080674
64.0795	1007.080811
64.0995	1007.080957
64.1195	1007.081112
64.1395	1007.081276
64.1595	1007.081447
64.1795	1007.081626
64.1995	1007.081812
64.2195	1007.082003
64.2395	1007.082197
64.2595	1007.082395
64.2795	1007.082594
64.2995	1007.082793
64.3195	1007.082991
64.3395	1007.083187
64.3595	1007.083379
64.3795	1007.083568
64.3995	1007.083752
64.4195	1007.083931
64.4395	1007.084104
64.4595	1007.084272
64.4795	1007.084434
64.4995	1007.084591
64.5195	1007.084743
64.5395	1007.084891
64.5595	1007.085035
64.5795	1007.085176
64.5995	1007.085316
64.6195	1007.085454
64.6395	1007.085592
64.6595	1007.085731
64.6795	1007.085871
64.6995	1007.086014
64.7195	1007.08616
64.7395	1007.08631
64.7595	1009.682589
64.7795	1010.970008
64.7995	1011.733137
64.8195	1010.810325
64.8395	1010.819139
64.8595	1011.252778
64.8795	1011.072485
64.8995	1010.939356
64.9195	1011.079548
64.9395	1011.087392
64.9595	1011.019492
64.9795	1011.045655
64.9995	1011.070209
65.0195	1011.051076
65.0395	1011.050644
65.0595	1011.063564
65.0795	1011.062247
65.0995	1011.060292
65.1195	1011.065206
65.1395	1011.067399
65.1595	1011.067101
65.1795	1011.068707
65.1995	1011.070274
65.2195	1011.07046
65.2395	1011.070709
65.2595	1011.071067
65.2795	1011.070839
65.2995	1011.070311
65.3195	1011.069735
65.3395	1011.068927
65.3595	1011.067904
65.3795	1011.066817
65.3995	1011.065674
65.4195	1011.06448
65.4395	1011.063309
65.4595	1011.062209
65.4795	1011.061199
65.4995	1011.060318
65.5195	1011.059599
65.5395	1011.059062
65.5595	1011.05872
65.5795	1011.058586
65.5995	1011.058662
65.6195	1011.058943
65.6395	1011.059418
65.6595	1011.060072
65.6795	1011.060883
65.6995	1011.061826
65.7195	1011.062871
65.7395	1011.063987
65.7595	1011.065141
65.7795	1011.066301
65.7995	1011.067433
65.8195	1011.068507
65.8395	1011.069497
65.8595	1011.070376
65.8795	1011.071125
65.8995	1011.071728
65.9195	1011.072174
65.9395	1011.072458
65.9595	1011.072579
65.9795	1011.072541
65.9995	1011.072355
66.0195	1011.072033
66.0395	1011.071593
66.0595	1011.071054
66.0795	1011.070441
66.0995	1011.069776
66.1195	1011.069086
66.1395	1011.068395
66.1595	1011.067728
66.1795	1011.067107
66.1995	1011.066552
66.2195	1011.066082
66.2395	1011.065711
66.2595	1011.06545
66.2795	1011.065305
66.2995	1011.065282
66.3195	1011.065377
66.3395	1011.065588
66.3595	1011.065906
66.3795	1011.06632
66.3995	1011.066816
66.4195	1011.067378
66.4395	1011.067988
66.4595	1011.068628
66.4795	1011.069279
66.4995	1011.069922
66.5195	1011.070538
66.5395	1011.071111
66.5595	1011.071626
66.5795	1011.07207
66.5995	1011.072432
66.6195	1011.072706
66.6395	1011.072886
66.6595	1011.072972
66.6795	1011.072964
66.6995	1011.072866
66.7195	1011.072687
66.7395	1011.072434
66.7595	1011.072118
66.7795	1011.071753
66.7995	1011.071352
66.8195	1011.07093
66.8395	1011.0705
66.8595	1011.070078
66.8795	1011.069677
66.8995	1011.06931
66.9195	1011.068986
66.9395	1011.068717
66.9595	1011.068509
66.9795	1011.068366
66.9995	1011.068293
67.0195	1011.068289
67.0395	1011.068353
67.0595	1011.068481
67.0795	1011.068667
67.0995	1011.068905
67.1195	1011.069185
67.1395	1011.069497
67.1595	1011.069832
67.1795	1011.070177
67.1995	1011.070523
67.2195	1011.070858
67.2395	1011.071171
67.2595	1011.071455
67.2795	1011.071702
67.2995	1011.071903
67.3195	1011.072055
67.3395	1011.072154
67.3595	1011.072199
67.3795	1011.072189
67.3995	1011.072126
67.4195	1011.072014
67.4395	1011.071858
67.4595	1011.071662
67.4795	1011.071435
67.4995	1011.071184
67.5195	1011.070918
67.5395	1011.070643
67.5595	1011.07037
67.5795	1011.070106
67.5995	1011.069858
67.6195	1011.069634
67.6395	1011.069439
67.6595	1011.069278
67.6795	1011.069154
67.6995	1011.069071
67.7195	1011.069028
67.7395	1011.069025
67.7595	1011.06906
67.7795	1011.069132
67.7995	1011.069235
67.8195	1011.069366
67.8395	1011.069518
67.8595	1011.069686
67.8795	1011.069864
67.8995	1011.070045
67.9195	1011.070223
67.9395	1011.070392
67.9595	1011.070547
67.9795	1011.070681
67.9995	1011.070792
68.0195	1011.070877
68.0395	1011.070931
68.0595	1011.070955
68.0795	1011.070948
68.0995	1011.070911
68.1195	1011.070844
68.1395	1011.070751
68.1595	1011.070635
68.1795	1011.070498
68.1995	1011.070347
68.2195	1011.070185
68.2395	1011.070017
68.2595	1011.069849
68.2795	1011.069684
68.2995	1011.069527
68.3195	1011.069383
68.3395	1011.069255
68.3595	1011.069146
68.3795	1011.069059
68.3995	1011.068995
68.4195	1011.068955
68.4395	1011.068938
68.4595	1011.068945
68.4795	1011.068975
68.4995	1011.069024
68.5195	1011.069091
68.5395	1011.069173
68.5595	1011.069266
68.5795	1011.069366
68.5995	1011.069471
68.6195	1011.069577
68.6395	1011.069678
68.6595	1011.069774
68.6795	1011.06986
68.6995	1011.069934
68.7195	1011.069993
68.7395	1011.070037
68.7595	1011.070064
68.7795	1011.070074
68.7995	1011.070066
68.8195	1011.070042
68.8395	1011.070002
68.8595	1011.069949
68.8795	1011.069884
68.8995	1011.069809
68.9195	1011.069728
68.9395	1011.069643
68.9595	1011.069556
68.9795	1011.069471
68.9995	1011.069391
69.0195	1011.069317
69.0395	1011.069253
69.0595	1011.069199
69.0795	1011.069158
69.0995	1011.06913
69.1195	1011.069117
69.1395	1011.069118
69.1595	1011.069133
69.1795	1011.069162
69.1995	1011.069203
69.2195	1011.069257
69.2395	1011.069319
69.2595	1011.06939
69.2795	1011.069467
69.2995	1011.069547
69.3195	1011.069629
69.3395	1011.069711
69.3595	1011.06979
69.3795	1011.069865
69.3995	1011.069934
69.4195	1011.069996
69.4395	1011.070049
69.4595	1011.070094
69.4795	1011.070128
69.4995	1011.070154
69.5195	1011.07017
69.5395	1011.070177
69.5595	1011.070176
69.5795	1011.070168
69.5995	1011.070154
69.6195	1011.070137
69.6395	1011.070116
69.6595	1011.070095
69.6795	1011.070074
69.6995	1011.070056
69.7195	1011.070041
69.7395	1011.070031
69.7595	1011.070027
69.7795	1011.070031
69.7995	1011.070043
69.8195	1011.070063
69.8395	1011.070092
69.8595	1011.07013
69.8795	1011.070175
69.8995	1011.070229
69.9195	1011.07029
69.9395	1011.070358
69.9595	1011.07043
69.9795	1011.070507
69.9995	1011.070587
	
	
	
	
	
	
	
	
	
	
	
	
	
	
	
	
	
	
	
	
	
	
	
	
	
	
	
	
	
	
	
	
	
	
	
	
	
	
	
	
	
	
	
	
	
	
	
	
	
	
	
	
	
	
	
	
	
	
	
	
	
	
	
	
	
	
	
	
	
	
	
	
	
	
	
	
	
	
	
	
	
	
	
	
	
	
	
	
	
	
	
	
	
	
	
	
	
	
	
	
	
	
	
	
	
	
	
	
	
	
	
	
	
	
	
	
	
	
	
	
	
	
	
	
	
	
	
	
	
	
	
	
	
	
	
	
	
	
	
	
	
	
	
	
	
	
	
	
	
	
	
	
	
	
	
	
	
	
	
	
	
	
	
	
	
	
	
	
	
	
	
	
	
	
	
	
	
	
	
	
	
	
	
	
	
	
	
	
	
	
	
	
	
	
	
	
	
	
	
	
	
	
	
	
	
	
	
	
	
	
	
	
	
	
	
	
	
	
	
	
	
	
	
	
	
	
	
	
	
	
	
	
	
	
	
	
	
	
	
	
	
	
	
	
	
	
	
	
	
	
	
	
	
	
	
	
	
	
	
	
	
	
	
	
	
	
	
	
	
	
	
	
	
	
	
	
	
	
	
	
	
	
	
	
	
	
	
	
	
	
	
	
	
	
	
	
	
	
	
	
	
	
	
	
	
	
	
	
	
	
	
	
	
	
	
	
	
	
	
	
	
	
	
	
	
	
	
	
	
	
	
	
	
	
	
	
	
	
	
	
	
	
	
	
	
	
	
	
	
	
	
	
	
	
	
	
	
	
	
	
	
	
	
	
	
	
	
	
	
	
	
	
	
	
	
	
	
	
	
	
	
	
	
	
	
	
	
	
	
	
	
	
	
	
	
	
	
	
	
	
	
	
	
	
	
	
	
	
	
	
	
	
	
	
	
	
	
	
	
	
	
	
	
	
	
	
	
	
	
	
	
	
	
	
	
	
	
	
	
	
	
	
	
	
	
	
	
	
	
	
	
	
	
	
	
	
	
	
	
	
	
	
	
	
	
	
	
	
	
	
	
	
	
	
	
	
	
	
	
	
	
	
	
	
	
	
	
	
	
	
	
	
	
	
	
	
	
	
	
	
	
	
	
	
	
	
	
	
	
	
	
	
	
	
	
	
	
	
	
	
	
	
	
	
	
	
	
	
	
	
	
	
	
	
	
	
	
	
	
	
	
	
	
	
	
	
	
	
	
	
	
	
	
	
	
	
	
	
	
	
	
	
	
	
	
	
	
	
	
	
	
	
	
	
	
	
	
	
	
	
	
	
	
	
	
	
	
	
	
	
	
	
	
	
	
	
	
	
	
	
	
	
	
	
	
	
	
	
	
	
	
	
	
	
	
	
	
	
	
	
	
	
	
	
	
	
	
	
	
	
	
	
	
	
	
	
	
	
	
	
	
	
	
	
	
	
	
	
	
	
	
	
	
	
	
	
	
	
	
	
	
	
	
	
	
	
	
	
	
	
	
	
	
	
	
	
	
	
	
	
	
	
	
	
	
	
	
	
	
	
	
	
	
	
	
	
	
	
	
	
	
	
	
	
	
	
	
	
	
	
	
	
	
	
	
	
	
	
	
	
	
	
	
	
	
	
	
	
	
	
	
	
	
	
	
	
	
	
	
	
	
	
	
	
	
	
	
	
	
	
	
	
	
	
	
	
	
	
	
	
	
	
	
	
	
	
	
	
	
	
	
	
	
	
	
	
	
	
	
	
	
	
	
	
	
	
	
	
	
	
	
	
	
	
	
	
	
	
	
	
	
	
	
	
	
	
	
	
	
	
	
	
	
	
	
	
	
	
	
	
	
	
	
	
	
	
	
	
	
	
	
	
	
	
	
	
	
	
	
	
	
	
	
	
	
	
	
	
	
	
	
	
	
	
	
	
	
	
	
	
	
	
	
	
	
	
	
	
	
	
	
	
	
	
	
	
	
	
	
	
	
	
	
	
	
	
	
	
	
	
	
	
	
	
	
	
	
	
	
	
	
	
	
	
	
	
	
	
	
	
	
	
	
	
	
	
	
	
	
	
	
	
	
	
	
	
	
	
	
	
	
	
	
	
	
	
	
	
	
	
	
	
	
	
	
	
	
	
	
	
	
	
	
	
	
	
	
	
	
	
	
	
	
	
	
	
	
	
	
	
	
	
	
	
	
	
	
	
	
	
	
	
	
	
	
	
	
	
	
	
	
	
	
	
	
	
	
	
	
	
	
