0.0001             806                9437184            5.00               40.94829           1.66705
0.0002             806                9437184            5.00               38.82388           1.28666
0.0003             806                9437184            5.00               37.56998           1.10456
0.0004             806                9437184            5.00               36.67581           0.97356
0.0005             806                9437184            5.00               35.94494           0.88586
0.0008             806                9437184            5.00               34.39036           0.70111
0.0010             806                9437184            5.00               33.64002           0.62221
0.0020             806                9437184            5.00               31.32418           0.40088
0.0030             806                9437184            5.00               30.19250           0.30818
0.0040             806                9437184            5.00               29.33584           0.24891
0.0050             806                9437184            5.00               28.73733           0.21119
0.0080             806                9437184            5.00               27.61604           0.15037
0.0100             806                9437184            5.00               27.10274           0.12811
0.0200             806                9437184            5.00               25.61266           0.07751