x y
0.009900990099009901	0.006980464105146429
0.0148266082889696	0.014383335212788678
0.0197522264789293	0.021336921672049567
0.024677844668888997	0.028140006375856858
0.029603462858848698	0.03534022024626197
0.0345290810488084	0.04212572952578489
0.0394546992387681	0.048661733004822565
0.0443803174287278	0.05559677156824875
0.0493059356186875	0.06220522189063318
0.0542315538086472	0.0684861013348785
0.0591571719986069	0.07514239381835652
0.0640827901885666	0.08154990253236466
0.06900840837852629	0.0875219490856522
0.073934026568486	0.09377696056254735
0.07885964475844569	0.09983235197511629
0.0837852629484054	0.10533101398226234
0.08871088113836509	0.1109705566825347
0.09363649932832478	0.11647209571806377
0.09856211751828449	0.12134170445862262
0.10348773570824418	0.12619247849254214
0.10841335389820389	0.13100441091572032
0.11333897208816358	0.13518715885071667
0.11826459027812329	0.13917409618763865
0.12319020846808298	0.14322245718235616
0.1281158266580427	0.14671549656176466
0.1330414448480024	0.14981328702079263
0.1379670630379621	0.1529983122252855
0.1428926812279218	0.15575986261111785
0.1478182994178815	0.1579367616605738
0.1527439176078412	0.16008837598693554
0.1576695357978009	0.16198964821069203
0.1625951539877606	0.16319895330655956
0.1675207721777203	0.16413159113464598
0.17244639036768	0.16496546643961932
0.17737200855763968	0.16515503373023938
0.1822976267475994	0.1647732917621417
0.1872232449375591	0.1642994354033554
0.1921488631275188	0.16339405073841756
0.19707448131747848	0.16174475791359377
0.2020000995074382	0.15978487945174905
0.2069257176973979	0.15764268964241604
0.21185133588735758	0.15483772871813756
0.21677695407731729	0.15140515531699703
0.221702572267277	0.1478234139081801
0.2266281904572367	0.14387448197140423
0.23155380864719638	0.13918699855377833
0.2364794268371561	0.13405783908117372
0.2414050450271158	0.1287888545801384
0.24633066321707547	0.12302579345499694
0.25125628140703515	0.11653633244939174
0.2561818995969949	0.10974647647658842
0.26110751778695457	0.10277908093969505
0.2660331359769143	0.09525193724148076
0.270958754166874	0.0870571605675379
0.27588437235683366	0.07861924054158798
0.2808099905467934	0.07000609017366723
0.2857356087367531	0.06081387584767475
0.29066122692671276	0.05101598523899999
0.2955868451166725	0.04098294115261953
0.30051246330663217	0.0308225862347468
0.3054380814965919	0.020130956693625756
0.3103636996865516	0.008865128893903484
0.31528931787651127	-0.0026447111054948833
0.320214936066471	-0.01421473876158116
0.3251405542564307	-0.026179627217430713
0.33006617244639036	-0.03870329553970469
0.3349917906363501	-0.05150556554546943
0.3399174088263098	-0.06432055770761531
0.34484302701626945	-0.07730840000949976
0.3497686452062292	-0.09078822075784121
0.35469426339618887	-0.104611661155216
0.3596198815861486	-0.11848974693464548
0.3645454997761083	-0.13229185237384075
0.36947111796606796	-0.14638709951236864
0.3743967361560277	-0.1608318285456884
0.3793223543459874	-0.1755188469333807
0.38424797253594706	-0.19000927540648294
0.3891735907259068	-0.20450470355740602
0.3940992089158665	-0.21909320219631528
0.39902482710582615	-0.23413395289118527
0.4039504452957859	-0.24909984187462123
0.40887606348574557	-0.264056897664985
0.41380168167570525	-0.2785353465821237
0.418727299865665	-0.29341711154722544
0.42365291805562466	-0.3081290290730196
0.4285785362455844	-0.3235835134706147
0.4335041544355441	-0.33798741273752353
0.43842977262550376	-0.35310518511315514
0.4433553908154635	-0.3663585119187069
0.44828100900542317	-0.3821312155898666
0.45320662719538285	-0.3948558035988677
0.4581322453853426	-0.4127440760743321
0.46305786357530226	-0.42234677703519546
0.46798348176526194	-0.44287349721985103
0.4729090999552217	-0.44453452743440386
0.47783471814518136	-0.47585590752076556
0.48276033633514104	-0.4659451779204218
0.4876859545251008	-0.519399370924599
0.49261157271506045	-0.5426086648734283
0.4975371909050202	-0.15557032642519797
0.5024628090949799	0.0019849558442043176
0.5073884272849395	0.0024604709106572794
0.5123140454748992	0.004992023909061289
0.517239663664859	0.0062188348965421004
0.5221652818548187	0.007161898261763392
0.5270909000447783	0.009798730541666863
0.5320165182347381	0.010348644684000027
0.5369421364246978	0.012093080510157353
0.5418677546146574	0.014237767757730991
0.5467933728046172	0.01457429252593249
0.5517189909945769	0.0170767995172936
0.5566446091845365	0.018237483580697423
0.5615702273744962	0.01912262731743222
0.566495845564456	0.02174566041939767
0.5714214637544156	0.022008094153540537
0.5763470819443753	0.024002584597650926
0.5812727001343351	0.02573404776632474
0.5861983183242948	0.026031592785230654
0.5911239365142544	0.02875834297272187
0.5960495547042142	0.02911194267490229
0.6009751728941739	0.030620049760000358
0.6059007910841335	0.03267381472055045
0.6108264092740933	0.032593038645873436
0.615752027464053	0.03529180291421035
0.6206776456540126	0.03561060352721756
0.6256032638439724	0.036852030954450554
0.6305288820339321	0.038935606024456886
0.6354545002238917	0.038579213241472426
0.6403801184138515	0.04130821307285856
0.6453057366038112	0.04128135288298488
0.6502313547937708	0.0426000836662612
0.6551569729837305	0.04436574209507149
0.6600825911736903	0.04385804528790208
0.6650082093636499	0.04666328907991035
0.6699338275536096	0.04596303429649349
0.6748594457435694	0.04779571424376494
0.679785063933529	0.04868078782648009
0.6847106821234887	0.04846410205307887
0.6896363003134485	0.051027354090325404
0.6945619185034081	0.049626300295716096
0.6994875366933678	0.0522746554968738
0.7044131548833276	0.0515802103753134
0.7093387730732873	0.05255940963367882
0.7142643912632469	0.05378806912248495
0.7191900094532067	0.05263560603940761
0.7241156276431664	0.05541862267513687
0.729041245833126	0.05321366502367345
0.7339668640230858	0.055977815670823494
0.7388924822130455	0.05446702327590828
0.7438181004030051	0.05558593996958546
0.7487437185929648	0.056008995379492096
0.7536693367829246	0.05478178682272231
0.7585949549728842	0.05721672635004678
0.7635205731628439	0.05415487029631837
0.7684461913528037	0.0575944692590763
0.7733718095427633	0.05403179232850085
0.778297427732723	0.056981056394527975
0.7832230459226828	0.05439920464824408
0.7881486641126424	0.055529015729107636
0.7930742823026021	0.05498420614975347
0.7979999004925619	0.053570027164075794
0.8029255186825215	0.055432725624298684
0.8078511368724812	0.051441989120913745
0.812776755062441	0.05544028773592661
0.8177023732524006	0.0493864897443932
0.8226279914423603	0.05483899764476921
0.82755360963232	0.04750547909525828
0.8324792278222798	0.0535879473785424
0.8374048460122394	0.045784948688687564
0.8423304642021991	0.05175257375297381
0.8472560823921589	0.04414045874743321
0.8521817005821185	0.04943975832122345
0.8571073187720782	0.04245953090498527
0.862032936962038	0.04677149547564546
0.8669585551519976	0.04064514239909946
0.8718841733419573	0.04384776673388523
0.8768097915319171	0.03861870807139276
0.8817354097218767	0.040741416797193536
0.8866610279118364	0.03634163575981304
0.8915866461017962	0.037501669097405876
0.8965122642917558	0.03379577325890542
0.9014378824817155	0.03414765648617947
0.9063635006716753	0.030984817450571765
0.9112891188616349	0.030694057155012403
0.9162147370515946	0.02793019806816861
0.9211403552415544	0.027141121804367188
0.926065973431514	0.024648936558898854
0.9309915916214737	0.023484834387056345
0.9359172098114334	0.021171005820064592
0.9408428280013931	0.01973314107917924
0.9457684461913528	0.017524492404924256
0.9506940643813125	0.01588123972652813
0.9556196825712722	0.013722096051639505
0.9605453007612319	0.011932784519052001
0.9654709189511916	0.009794773028722035
0.9703965371411514	0.0079194750710352
0.975322155331111	0.005742066376462929
0.9802477735210707	0.0038576941249269265
0.9851733917110305	0.0013578339470064814
0.9900990099009901	-3.525148764521405e-05
