0.0	-0.019605661701851407
0.0005	-0.018788411648615014
0.001	-0.018294531342645432
0.0015	-0.018111249004227836
0.002	-0.018218706385786685
0.0025	-0.018591436766745035
0.003	-0.019199957341927934
0.0035	-0.020012392214074286
0.004	-0.020996045689603494
0.0045000000000000005	-0.02211885290017484
0.005	-0.023350645384170567
0.0055	-0.02466418247024488
0.006	-0.02603591431352233
0.006500000000000001	-0.027446458388654126
0.007	-0.028880787274707338
0.0075	-0.030328140839473553
0.008	-0.03178168968494924
0.0085	-0.03323798830308049
0.009000000000000001	-0.03469626530467257
0.0095	-0.03615760398090843
0.01	-0.03762406916741273
0.0105	-0.03909783591370306
0.011	-0.04058037199470365
0.0115	-0.0420717201683214
0.012	-0.04356991774677896
0.0125	-0.04507058107274799
0.013000000000000001	-0.04656667150366802
0.0135	-0.04804844816759145
0.014	-0.049503601712187296
0.0145	-0.05091755313246025
0.015	-0.052273893064128385
0.0155	-0.05355493009795709
0.016	-0.05474231201243739
0.0165	-0.05581768150908997
0.017	-0.056763328096670326
0.0175	-0.057562800100131865
0.018000000000000002	-0.05820144513261386
0.0185	-0.05866685341938149
0.019	-0.058949185670301905
0.0195	-0.059041375271579995
0.02	-0.05893920288842713
0.0205	-0.05864124962024611
0.021	-0.05814874214292969
0.021500000000000002	-0.05746530938274133
0.022	-0.0565966748499463
0.0225	-0.05555031157639209
0.023	-0.05433508752171979
0.0235	-0.05296092832886563
0.024	-0.05143852152924189
0.0245	-0.04977908193848548
0.025	-0.04799419235602799
0.025500000000000002	-0.04609572717122254
0.026000000000000002	-0.044095859520754295
0.0265	-0.04200714569545703
0.027	-0.03984267401410797
0.0275	-0.03761625979045061
0.028	-0.0353426636841124
0.0285	-0.03303780793439647
0.029	-0.030718963920919332
0.029500000000000002	-0.02840488526279383
0.03	-0.026115863232715846
0.0305	-0.023873685487653708
0.031	-0.021701484764973602
0.0315	-0.019623470934000867
0.032	-0.017664547230498883
0.0325	-0.0158498191906577
0.033	-0.014204012276022861
0.0335	-0.012750820981304388
0.034	-0.011512217915814218
0.0345	-0.01050775557680143
0.035	-0.009753895999334817
0.035500000000000004	-0.009263403980056706
0.036000000000000004	-0.00904483804797903
0.0365	-0.009102169826901553
0.037	-0.009434557048506962
0.0375	-0.010036288488488218
0.038	-0.010896910861228366
0.0385	-0.012001538649491873
0.039	-0.01333133844622839
0.0395	-0.014864170155825078
0.04	-0.01657535885196426
0.0405	-0.018438563700613086
0.041	-0.020426704556650632
0.0415	-0.02251290297924643
0.042	-0.02467139273326101
0.0425	-0.026878355486587
0.043000000000000003	-0.029112640388620138
0.043500000000000004	-0.03135633140998417
0.044	-0.03359513350463413
0.0445	-0.035818557479277605
0.045	-0.03801989348577031
0.0455	-0.04019597378329436
0.046	-0.04234673629780153
0.0465	-0.044474610969753504
0.047	-0.04658376037506472
0.0475	-0.0486792141192517
0.048	-0.05076594260278514
0.0485	-0.052847919592799004
0.049	-0.05492722438255102
0.0495	-0.05700323307214028
0.05	-0.05907194469231172
0.0505	-0.061125481681325554
0.051000000000000004	-0.0631517959024761
0.051500000000000004	-0.06513460135866458
0.052000000000000005	-0.0670535435144927
0.0525	-0.06888460323714515
0.053	-0.07060072141534271
0.0535	-0.07217261891962051
0.054	-0.07356977631278748
0.0545	-0.07476152913890886
0.055	-0.07571822816358854
0.0555	-0.07641240995385302
0.056	-0.07681992189531434
0.0565	-0.0769209472347023
0.057	-0.07670087995364547
0.0575	-0.07615100603218423
0.058	-0.07526895662555971
0.0585	-0.07405890941897961
0.059000000000000004	-0.07253152641368822
0.059500000000000004	-0.07070362903940032
0.06	-0.06859762415290338
0.0605	-0.06624070653651182
0.061	-0.0636638743476351
0.0615	-0.06090080304588385
0.062	-0.057986630178023725
0.0625	-0.054956707685615384
0.063	-0.05184537989600048
0.0635	-0.048684843985172734
0.064	-0.045504145526175904
0.0645	-0.04232835496545962
0.065	-0.03917796183957649
0.0655	-0.03606851270721393
0.066	-0.0330105066695228
0.0665	-0.030009549591467285
0.067	-0.027066755357905228
0.0675	-0.024179370340320628
0.068	-0.0213415863216979
0.0685	-0.018545497973380475
0.069	-0.015782154054012735
0.0695	-0.013042647148633277
0.07	-0.010319185196968426
0.07050000000000001	-0.007606089344215042
0.07100000000000001	-0.004900666710968135
0.07150000000000001	-0.0022039133069531674
0.07200000000000001	0.0004789888377947492
0.0725	0.0031384056357836284
0.073	0.005760229472753021
0.0735	0.008326103322799459
0.074	0.010813879020388016
0.0745	0.013198286460191869
0.075	0.015451779931393022
0.0755	0.017545518995290457
0.076	0.019450434721115368
0.0765	0.021138328028166765
0.077	0.022582945535977356
0.0775	0.02376097975193518
0.078	0.024652944539653367
0.0785	0.025243883386780585
0.079	0.025523876678650383
0.0795	0.025488324528738095
0.08	0.025137993180456657
0.0805	0.024478824985010195
0.081	0.023521523860606793
0.0815	0.022280939340973242
0.082	0.020775282256596042
0.0825	0.019025213259440996
0.083	0.01705285139377868
0.0835	0.014880753439116219
0.084	0.01253091564188527
0.0845	0.010023847682942847
0.085	0.0073777644080714215
0.0855	0.00460793421964488
0.08600000000000001	0.0017262144486589802
0.08650000000000001	-0.001259206044459163
0.08700000000000001	-0.004343847821583922
0.08750000000000001	-0.007526767561556163
0.088	-0.010810183880495518
0.0885	-0.01419892605456435
0.089	-0.01769973848109968
0.0895	-0.021320480973906722
0.09	-0.02506927008124323
0.0905	-0.028953609287827264
0.091	-0.03297955609010786
0.0915	-0.037150971525914005
0.092	-0.041468892937147256
0.0925	-0.045931063814027895
0.093	-0.0505316458886639
0.0935	-0.05526112868185725
0.094	-0.060106440993099954
0.0945	-0.06505125793001296
0.095	-0.07007648657772188
0.0955	-0.07516090386546484
0.096	-0.08028191209956707
0.0965	-0.08541637142284526
0.097	-0.09054146445401898
0.0975	-0.09563554676295472
0.098	-0.10067893772672645
0.0985	-0.10565460963388246
0.099	-0.11054873847750032
0.0995	-0.11535108740016413
0.1	-0.12005520282156353
0.1005	-0.1246584134061978
0.101	-0.12916163267313424
0.1015	-0.13356897664330453
0.10200000000000001	-0.13788721789676273
0.10250000000000001	-0.14212510623988117
0.10300000000000001	-0.14629259338883868
0.10350000000000001	-0.15040000427514463
0.10400000000000001	-0.1544572004919318
0.1045	-0.1584727818681608
0.105	-0.16245337015324637
0.1055	-0.1664030144198182
0.106	-0.17032275127632646
0.1065	-0.17421034466711297
0.107	-0.1780602203647317
0.1075	-0.18186359974023644
0.108	-0.18560882659064074
0.1085	-0.1892818702844086
0.109	-0.19286697881777307
0.1095	-0.1963474470757689
0.11	-0.1997064591102579
0.1105	-0.202927958936441
0.111	-0.20599750244937565
0.1115	-0.20890304368622584
0.112	-0.21163561178870594
0.1125	-0.21418984050128898
0.113	-0.21656431959707292
0.1135	-0.21876174686663097
0.114	-0.22078886975661113
0.1145	-0.2226562168589866
0.115	-0.224377630645484
0.1155	-0.22596962352421382
0.116	-0.22745058889976133
0.1165	-0.22883990693021455
0.117	-0.23015699066156506
0.11750000000000001	-0.23142032185203018
0.11800000000000001	-0.23264652686790777
0.11850000000000001	-0.23384954146333553
0.11900000000000001	-0.23503990911110154
0.11950000000000001	-0.23622425102783096
0.12	-0.23740493745737057
0.1205	-0.2385799795733056
0.121	-0.23974315005505756
0.1215	-0.24088432856265754
0.122	-0.24199005659486822
0.1225	-0.2430442751751238
0.123	-0.24402920904879438
0.1235	-0.24492635311007704
0.124	-0.2457175110342849
0.1245	-0.24638583288607804
0.125	-0.2469167979917116
0.1255	-0.24729909164956967
0.126	-0.24752532921130427
0.1265	-0.24759258846045382
0.127	-0.24750272068392679
0.1275	-0.24726242190242004
0.128	-0.24688305784137043
0.1285	-0.24638024876973066
0.129	-0.24577323266901777
0.1295	-0.24508403668573153
0.13	-0.2443364968717932
0.1305	-0.2435551743056038
0.131	-0.24276422138356285
0.1315	-0.24198625507111757
0.132	-0.24124129403250835
0.1325	-0.24054581379388715
0.133	-0.2399119685576525
0.1335	-0.23934702024112656
0.134	-0.23885300515394928
0.1345	-0.23842665695955081
0.135	-0.23805959177527847
0.1355	-0.23773874809680373
0.136	-0.23744706135144694
0.1365	-0.2371643409468696
0.137	-0.2368683072962968
0.1375	-0.2365357380031923
0.138	-0.23614366660776176
0.1385	-0.235670574339654
0.139	-0.23509751534878706
0.1395	-0.2344091189116902
0.14	-0.23359441799463476
0.1405	-0.2326474620122521
0.14100000000000001	-0.23156768223505594
0.14150000000000001	-0.23035999054429582
0.14200000000000002	-0.22903460549647858
0.14250000000000002	-0.22760661327767986
0.14300000000000002	-0.2260952844142863
0.14350000000000002	-0.22452317939148553
0.14400000000000002	-0.22291508699165638
0.1445	-0.22129684766003804
0.145	-0.2196941201007712
0.1455	-0.2181311522988379
0.146	-0.21662961809462564
0.1465	-0.21520757730399942
0.147	-0.21387861132877561
0.1475	-0.21265117753860407
0.148	-0.21152821485632892
0.1485	-0.21050702048676845
0.149	-0.2095794042192175
0.1495	-0.2087321128848127
0.15	-0.2079475040572899
0.1505	-0.2072044356286002
0.151	-0.2064793270968806
0.1515	-0.20574733981771487
0.152	-0.20498361752390948
0.1525	-0.20416452541472158
0.153	-0.20326882620496725
0.1535	-0.20227873470405677
0.154	-0.2011807986051522
0.1545	-0.19996656189778572
0.155	-0.1986329782334178
0.1555	-0.1971825541223138
0.156	-0.19562321538913136
0.1565	-0.193967904180653
0.157	-0.19223392730326785
0.1575	-0.19044208909072083
0.158	-0.18861565273888678
0.1585	-0.18677918255406528
0.159	-0.18495732541763174
0.1595	-0.18317359268046174
0.16	-0.18144920352225233
0.1605	-0.1798020475570637
0.161	-0.1782458183061229
0.1615	-0.17678936040820886
0.162	-0.17543626254366684
0.1625	-0.174184715565254
0.163	-0.17302764189236583
0.1635	-0.17195308851700591
0.164	-0.17094486268520231
0.1645	-0.1699833771289472
0.165	-0.16904666124695947
0.1655	-0.16811148639548534
0.166	-0.1671545478661032
0.1665	-0.16615364347364134
0.167	-0.16508878908185068
0.1675	-0.16394321482952276
0.168	-0.16270419210319448
0.1685	-0.1613636501075392
0.169	-0.15991855175625294
0.1695	-0.15837101098540413
0.17	-0.1567281468427172
0.1705	-0.1550016831516897
0.171	-0.15320731550180167
0.1715	-0.15136387911489793
0.17200000000000001	-0.1494923611828865
0.17250000000000001	-0.1476148090538379
0.17300000000000001	-0.14575319076981194
0.17350000000000002	-0.14392826667441233
0.17400000000000002	-0.14215853000492107
0.17450000000000002	-0.14045927061149652
0.17500000000000002	-0.13884180940507104
0.17550000000000002	-0.13731294216865106
0.176	-0.13587462043999163
0.1765	-0.13452388485319267
0.177	-0.13325305324937245
0.1775	-0.1320501527067837
0.178	-0.13089957207627287
0.1785	-0.12978290028485737
0.179	-0.12867990616958264
0.1795	-0.12756960841217813
0.18	-0.12643137962921724
0.1805	-0.12524602706094792
0.181	-0.12399679367312806
0.1815	-0.1226702277645474
0.182	-0.12125687613298343
0.1825	-0.11975176513045004
0.183	-0.11815464505170103
0.1835	-0.1164699856705959
0.184	-0.11470672372511209
0.1845	-0.11287777608007728
0.185	-0.11099934449704407
0.1855	-0.10909004878105008
0.186	-0.10716993399279838
0.1865	-0.10525940395017346
0.187	-0.10337813705653756
0.1875	-0.10154404138747947
0.188	-0.09977230389634481
0.1885	-0.09807458366934042
0.189	-0.09645839162878152
0.1895	-0.09492668933864201
0.19	-0.09347772811534
0.1905	-0.09210513708280943
0.191	-0.09079825578666284
0.1915	-0.08954269417435369
0.192	-0.08832109082283855
0.1925	-0.08711402987341192
0.193	-0.08590106875898222
0.1935	-0.08466182292044304
0.194	-0.0833770506160248
0.1945	-0.08202968079611923
0.195	-0.0806057298582695
0.1955	-0.07909505877084413
0.196	-0.07749193027030357
0.1965	-0.07579533617446202
0.197	-0.07400907678045565
0.1975	-0.07214158721544903
0.198	-0.07020551881282139
0.1985	-0.06821709641165595
0.199	-0.06619528425577863
0.1995	-0.06416080328585551
0.2	-0.06213505054407952
0.2005	-0.06013897672769494
0.201	-0.058191980350879226
0.2015	-0.05631087636911469
0.202	-0.05450899350724184
0.2025	-0.05279544808864536
0.203	-0.05117463321218168
0.20350000000000001	-0.04964595111986854
0.20400000000000001	-0.04820380410395265
0.20450000000000002	-0.0468378459575793
0.20500000000000002	-0.045533482465812014
0.20550000000000002	-0.044272596460879214
0.20600000000000002	-0.04303446119980013
0.20650000000000002	-0.04179679587660098
0.20700000000000002	-0.04053690947616146
0.20750000000000002	-0.03923287431451679
0.20800000000000002	-0.03786466875348037
0.2085	-0.03641522983418171
0.209	-0.0348713608930161
0.2095	-0.033224446395217794
0.21	-0.03147093588882896
0.2105	-0.02961257065851568
0.211	-0.027656339752567163
0.2115	-0.025614165900454008
0.212	-0.023502335724333797
0.2125	-0.021340701862781013
0.213	-0.019151696487361234
0.2135	-0.01695920558779468
0.214	-0.014787360813204833
0.2145	-0.012659310194493463
0.215	-0.010596030491193837
0.2155	-0.008615242119066144
0.216	-0.0067304826998827805
0.2165	-0.0049503874704036836
0.217	-0.0032782144803543884
0.2175	-0.0017116402156902833
0.218	-0.00024283762349282866
0.2185	0.0011411658193882467
0.219	0.0024578666312026895
0.2195	0.0037284305763879907
0.22	0.0049766467954291006
0.2205	0.006227742891378096
0.221	0.0075071203675226746
0.2215	0.00883907413556774
0.222	0.010245560915073101
0.2225	0.01174507915452453
0.223	0.013351717721577018
0.2235	0.015074422296949962
0.224	0.016916517575535504
0.2245	0.018875510571413488
0.225	0.02094318618488032
0.2255	0.023105991433328574
0.226	0.02534569012153278
0.2265	0.027640255973937513
0.227	0.029964960073050124
0.2275	0.03229359846715581
0.228	0.03459979854052411
0.2285	0.03685833855696759
0.229	0.03904641391409832
0.2295	0.04114478613447209
0.23	0.043138756353946685
0.2305	0.045018913764850045
0.231	0.04678162069865664
0.2315	0.04842920922703244
0.232	0.049969878657404564
0.2325	0.05141729836806601
0.233	0.052789935306050834
0.2335	0.0541101394044675
0.234	0.0554030324568904
0.23450000000000001	0.05669525598943187
0.23500000000000001	0.05801364088524964
0.23550000000000001	0.05938386557099376
0.23600000000000002	0.06082917025916161
0.23650000000000002	0.062369192014177906
0.23700000000000002	0.06401897940583802
0.23750000000000002	0.06578823653059576
0.23800000000000002	0.06768083466963791
0.23850000000000002	0.06969461639225441
0.23900000000000002	0.0718215021828255
0.23950000000000002	0.07404789441425928
0.24	0.07635535848196712
0.2405	0.078721546910921
0.241	0.08112131996424692
0.2415	0.083528006339066
0.242	0.08591474043966227
0.2425	0.08825580883133098
0.243	0.09052793799975616
0.2435	0.09271145849700728
0.244	0.09479128679846752
0.2445	0.09675767541049332
0.245	0.09860669349053916
0.2455	0.10034041387648707
0.246	0.1019667972791257
0.2465	0.10349927971779914
0.247	0.10495608429666593
0.2475	0.10635929236555955
0.248	0.1077337212769963
0.2485	0.10910566572144204
0.249	0.110501566500144
0.2495	0.11194667422922282
0.25	0.11346377567564774
0.2505	0.11507204719480338
0.251	0.11678609323508947
0.2515	0.11861521842843441
0.252	0.12056296987760205
0.2525	0.12262697248792319
0.253	0.1247990652733123
0.2535	0.12706573125371215
0.254	0.1294087986331868
0.2545	0.13180637716494562
0.255	0.13423398167348605
0.2555	0.13666578522254408
0.256	0.13907593787324155
0.2565	0.141439883702554
0.257	0.14373560891400836
0.2575	0.14594475746107263
0.258	0.14805355743484325
0.2585	0.15005351119167346
0.259	0.15194181431590545
0.2595	0.15372148240811606
0.26	0.1554011796497841
0.2605	0.15699475835611076
0.261	0.15852053350958414
0.2615	0.1600003298119746
0.262	0.1614583504091424
0.2625	0.1629199255372679
0.263	0.16441020544580848
0.2635	0.1659528647594096
0.264	0.16756888480475304
0.2645	0.1692754763817854
0.265	0.17108519820942808
0.2655	0.17300531619532475
0.266	0.17503743628414278
0.2665	0.17717742956488178
0.267	0.17941565328625167
0.2675	0.18173745621149473
0.268	0.18412394212090957
0.2685	0.18655295199248814
0.269	0.18900021414054746
0.2695	0.19144060294739607
0.27	0.19384944122892153
0.2705	0.19620377902020952
0.271	0.1984835827693963
0.2715	0.20067277352702145
0.272	0.20276006047985887
0.2725	0.20473952670566
0.273	0.2066109367791997
0.2735	0.20837975018641658
0.274	0.2100568396668748
0.2745	0.2116579288261462
0.275	0.21320277785616107
0.2755	0.21471415922668957
0.276	0.21621667609325249
0.2765	0.21773548434365098
0.277	0.21929498425301994
0.2775	0.22091754937222433
0.278	0.22262235844693895
0.2785	0.22442439094414868
0.279	0.22633363841289222
0.2795	0.22835457285186747
0.28	0.2304859000627017
0.2805	0.2327206113097768
0.281	0.23504633123734217
0.28150000000000003	0.23744594470193114
0.28200000000000003	0.2398984707498662
0.28250000000000003	0.24238013914985818
0.28300000000000003	0.24486561434200368
0.28350000000000003	0.24732930393397215
0.28400000000000003	0.24974668436615424
0.28450000000000003	0.25209557531854165
0.28500000000000003	0.2543572969043199
0.28550000000000003	0.25651764956898226
0.28600000000000003	0.25856766559458666
0.28650000000000003	0.260504092741745
0.28700000000000003	0.2623295842550059
0.28750000000000003	0.2640525845113366
0.28800000000000003	0.2656869152358694
0.2885	0.2672510826413595
0.289	0.26876734027439525
0.2895	0.270260555028621
0.29	0.2717569340574529
0.2905	0.27328267765228703
0.291	0.27486262716284654
0.2915	0.27651897750950566
0.292	0.2782701207395652
0.2925	0.2801296805600216
0.293	0.28210578816374493
0.2935	0.2842006374391078
0.294	0.2864103434350592
0.2945	0.28872511246813065
0.295	0.29112971629541884
0.2955	0.2936042471552109
0.296	0.29612511599626806
0.2965	0.29866624362311295
0.297	0.3012003844284924
0.2975	0.3037005153877649
0.298	0.3061412194202273
0.2985	0.30849999227179215
0.299	0.3107584057496626
0.2995	0.31290306726480616
0.3	0.3149263258572458
0.3005	0.3168266876783719
0.301	0.3186089186362218
0.3015	0.3202838278260207
0.302	0.32186774165877546
0.3025	0.32338169443363224
0.303	0.32485037566460245
0.3035	0.32630088702136745
0.304	0.3277613716305321
0.3045	0.3292595851956513
0.305	0.3308214815801843
0.3055	0.3324698849851104
0.306	0.33422331665849453
0.3065	0.33609503640220273
0.307	0.3380923483735887
0.3075	0.34021620735868885
0.308	0.342461146491274
0.3085	0.34481553107967755
0.309	0.3472621266097884
0.3095	0.3497789529634359
0.31	0.3523403822452474
0.3105	0.35491842509795485
0.311	0.3574841406490063
0.3115	0.3600090987730432
0.312	0.3624668205121218
0.3125	0.364834123421645
0.313	0.36709230326621833
0.3135	0.36922809164716536
0.314	0.37123434039441294
0.3145	0.3731103973335239
0.315	0.3748621536474777
0.3155	0.37650175970134203
0.316	0.3780470230405894
0.3165	0.3795205184533179
0.317	0.38094845467793925
0.3175	0.3823593547901614
0.318	0.3837826168781292
0.3185	0.38524702781959747
0.319	0.3867793054879944
0.3195	0.38840274340067404
0.32	0.39013602674274284
0.3205	0.39199228010572673
0.321	0.39397839560360687
0.3215	0.39609467585873254
0.322	0.3983348104041191
0.3225	0.4006861871355868
0.323	0.40313052342654976
0.3235	0.40564478525627645
0.324	0.4082023480280653
0.3245	0.4107743404162638
0.325	0.4133311032117378
0.3255	0.41584368921527154
0.326	0.4182853280633584
0.3265	0.4206327815759871
0.327	0.42286752070929023
0.3275	0.42497666420216795
0.328	0.42695363107067935
0.3285	0.42879847361615436
0.329	0.43051787383613677
0.3295	0.4321248032368558
0.33	0.4336378631712088
0.3305	0.43508033909464583
0.331	0.43647901671302264
0.3315	0.4378628201466137
0.332	0.43926134133142275
0.3325	0.4407033354560746
0.333	0.4422152590023386
0.3335	0.44381992482602933
0.334	0.4455353427878768
0.3345	0.4473738050199695
0.335	0.44934126247024564
0.3355	0.4514370245375461
0.336	0.4536537971476373
0.3365	0.45597805736513586
0.337	0.4583907454674901
0.3375	0.46086823920158904
0.338	0.46338356052931157
0.3385	0.4659077532828419
0.339	0.4684113614028294
0.3395	0.4708659322717224
0.34	0.47324546834725967
0.3405	0.4755277529169378
0.341	0.47769548220261315
0.3415	0.4797371459206256
0.342	0.4816476112447482
0.3425	0.48342838027257407
0.343	0.4850875077875556
0.3435	0.4866391834863063
0.34400000000000003	0.4881030000155798
0.34450000000000003	0.4895029442566515
0.34500000000000003	0.4908661634822548
0.34550000000000003	0.49222156956504104
0.34600000000000003	0.49359835274309294
0.34650000000000003	0.4950244811182314
0.34700000000000003	0.4965252628343621
0.34750000000000003	0.4981220447128638
0.34800000000000003	0.49983111416878856
0.34850000000000003	0.5016628608480351
0.34900000000000003	0.5036212411403679
0.34950000000000003	0.5057035732140673
0.35000000000000003	0.5079006732776874
0.35050000000000003	0.5101973262696434
0.35100000000000003	0.5125730670038917
0.35150000000000003	0.5150032318405419
0.352	0.5174602270235255
0.3525	0.5199149486499229
0.353	0.522338281383694
0.3535	0.5247025989071109
0.354	0.5269831889320682
0.3545	0.529159529384436
0.355	0.5312163499383599
0.3555	0.5331444240308317
0.356	0.5349410502725083
0.3565	0.5366101980851332
0.357	0.5381623096253322
0.3575	0.5396137677165982
0.358	0.5409860567000636
0.3585	0.542304658947125
0.359	0.543597743438262
0.3595	0.5448947135976839
0.36	0.5462246889243394
0.3605	0.5476149984931684
0.361	0.5490897639283422
0.3615	0.5506686449898315
0.362	0.5523658126878929
0.3625	0.5541892032624477
0.363	0.5561400920240829
0.3635	0.558213009681541
0.364	0.560396006213705
0.3645	0.5626712494817855
0.365	0.5650159285360637
0.3655	0.5674034158375298
0.366	0.5698046291988329
0.3665	0.572189523844637
0.367	0.574528638139153
0.3675	0.5767946135876014
0.368	0.578963610848083
0.3685	0.5810165486417664
0.369	0.5829401013670132
0.3695	0.5847274034579474
0.37	0.5863784234598078
0.3705	0.5878999876623217
0.371	0.5893054510774166
0.3715	0.5906140316508633
0.372	0.5918498409307328
0.3725	0.5930406600880807
0.373	0.5942165233893361
0.3735	0.5954081812724453
0.374	0.5966455215568447
0.3745	0.5979560296848225
0.375	0.5993633671175487
0.3755	0.6008861411736741
0.376	0.6025369299908857
0.3765	0.6043216133940037
0.377	0.606239044919673
0.3775	0.6082810828665375
0.378	0.6104329798966814
0.3785	0.6126741123460775
0.379	0.614979012949398
0.3795	0.6173186550437503
0.38	0.6196619232920513
0.3805	0.6219771962332226
0.381	0.624233960029664
0.3815	0.6264043709560514
0.382	0.6284646865612058
0.3825	0.6303964919250916
0.383	0.6321876577041969
0.3835	0.6338329801947022
0.384	0.6353344697597978
0.3845	0.6367012718474392
0.385	0.6379492235577919
0.3855	0.6391000673499188
0.386	0.6401803610521408
0.3865	0.641220138958984
0.387	0.6422513916565864
0.3875	0.6433064416540025
0.388	0.6444162974195602
0.3885	0.6456090697377967
0.389	0.6469085313362531
0.3895	0.6483328936240377
0.39	0.6498938634889263
0.3905	0.6515960289646497
0.391	0.6534366059194321
0.3915	0.6554055595759545
0.392	0.6574860955846168
0.3925	0.6596554965093406
0.393	0.661886261911916
0.3935	0.6641474946420518
0.394	0.6664064632558403
0.3945	0.6686302613491149
0.395	0.6707874794781775
0.3955	0.672849804518139
0.396	0.6747934648295705
0.3965	0.6766004472965695
0.397	0.6782594237795114
0.3975	0.6797663392153264
0.398	0.6811246307537041
0.3985	0.682345066068347
0.399	0.683445208374293
0.3995	0.6844485347268485
0.4	0.685383251902053
0.4005	0.6862808696556998
0.401	0.687174603632601
0.4015	0.6880976890077222
0.402	0.6890816906297262
0.4025	0.6901548957586101
0.403	0.6913408714184084
0.4035	0.6926572601234943
0.404	0.6941148756973946
0.4045	0.6957171456944538
0.405	0.6974599293282038
0.4055	0.6993317207008612
0.406	0.7013142274891515
0.40650000000000003	0.7033832960745655
0.40700000000000003	0.7055101363906728
0.40750000000000003	0.7076627844031987
0.40800000000000003	0.709807727928182
0.40850000000000003	0.7119116130581923
0.40900000000000003	0.7139429442429632
0.40950000000000003	0.7158736912810674
0.41000000000000003	0.7176807211194274
0.41050000000000003	0.7193469811971199
0.41100000000000003	0.720862373663766
0.41150000000000003	0.7222242755128835
0.41200000000000003	0.7234376776987586
0.41250000000000003	0.7245149357337767
0.41300000000000003	0.7254751441008722
0.41350000000000003	0.7263431660494617
0.41400000000000003	0.7271483679889778
0.41450000000000004	0.7279231228475371
0.41500000000000004	0.7287011586461952
0.41550000000000004	0.7295158365393926
0.41600000000000004	0.7303984462751173
0.4165	0.7313766062384962
0.417	0.732472849994159
0.4175	0.7337034717979274
0.418	0.7350776903844516
0.4185	0.7365971741225739
0.419	0.7382559521897862
0.4195	0.7400407166915914
0.42	0.7419315006485019
0.4205	0.7439026975161565
0.421	0.7459243703792677
0.4215	0.7479637840673945
0.422	0.7499870819459378
0.4225	0.7519610216327007
0.423	0.753854680768654
0.4235	0.7556410453974284
0.424	0.7572983994150408
0.4245	0.7588114436434433
0.425	0.7601720868478754
0.4255	0.7613798677589085
0.426	0.7624419860222831
0.4265	0.7633729400199042
0.427	0.7641937896596308
0.4275	0.7649310814871565
0.428	0.7656154908421752
0.4285	0.7662802503700255
0.429	0.766959445256993
0.4295	0.7676862625100761
0.43	0.7684912840873162
0.4305	0.7694009115681651
0.431	0.7704360034358222
0.4315	0.7716107952569448
0.432	0.7729321586347884
0.4325	0.774399237512458
0.433	0.7760034810958559
0.4335	0.7777290723377488
0.434	0.7795537306159976
0.4345	0.7814498479920275
0.435	0.7833859012391415
0.4355	0.7853280675700458
0.436	0.7872419614057491
0.4365	0.7890944031636078
0.437	0.7908551292350017
0.4375	0.7924983551741364
0.438	0.7940041114912831
0.4385	0.7953592829668055
0.439	0.7965582974933482
0.4395	0.7976034283453278
0.44	0.7985046935548605
0.4405	0.7992793567304587
0.441	0.7999510541311581
0.4415	0.8005485920532778
0.442	0.8011044756099629
0.4425	0.8016532439071062
0.443	0.8022296967224568
0.4435	0.8028671035514375
0.444	0.8035954869889534
0.4445	0.8044400688047177
0.445	0.8054199589155896
0.4455	0.806547155170672
0.446	0.807825906064847
0.4465	0.809252469986885
0.447	0.8108152843327692
0.4475	0.8124955368095268
0.448	0.8142681105953917
0.4485	0.8161028557689464
0.449	0.8179661225635538
0.4495	0.8198224784137343
0.45	0.8216365211414715
0.4505	0.8233746954849481
0.451	0.8250070197739678
0.4515	0.8265086339365276
0.452	0.8278610889660596
0.4525	0.8290533110405932
0.453	0.8300821900033742
0.4535	0.8309527610504703
0.454	0.8316779692497278
0.4545	0.8322780278758227
0.455	0.8327794023945942
0.4555	0.8332134711966362
0.456	0.833614930874161
0.4565	0.83402002709495
0.457	0.8344647012653297
0.4575	0.8349827477127069
0.458	0.83560407581409
0.4585	0.8363531663545242
0.459	0.8372478016707717
0.4595	0.8382981353086403
0.46	0.83950614969597
0.4605	0.840865530582001
0.461	0.842361965723563
0.4615	0.8439738535952207
0.462	0.8456733868747461
0.4625	0.8474279561854671
0.463	0.8492018030539821
0.4635	0.8509578381178059
0.464	0.8526595319626642
0.4645	0.8542727820361449
0.465	0.8557676600851974
0.4655	0.8571199504593328
0.466	0.8583124001183166
0.4665	0.8593356157554591
0.467	0.8601885613581255
0.4675	0.8608786298661762
0.468	0.861421284320708
0.4685	0.861839285910162
0.46900000000000003	0.8621615474922109
0.46950000000000003	0.8624216704121562
0.47000000000000003	0.8626562387627467
0.47050000000000003	0.8629029577944617
0.47100000000000003	0.8631987313383471
0.47150000000000003	0.8635777764188097
0.47200000000000003	0.8640698715316056
0.47250000000000003	0.8646988284193705
0.47300000000000003	0.86548126592331
0.47350000000000003	0.8664257491918276
0.47400000000000003	0.8675323389598169
0.47450000000000003	0.8687925747200135
0.47500000000000003	0.8701898934551254
0.47550000000000003	0.8717004633180169
0.47600000000000003	0.873294390377559
0.47650000000000003	0.874937237380801
0.47700000000000004	0.8765917774033841
0.47750000000000004	0.8782198930988894
0.47800000000000004	0.8797845246443802
0.47850000000000004	0.881251566812433
0.47900000000000004	0.8825916180255124
0.47950000000000004	0.8837814916521637
0.48	0.8848054118165376
0.4805	0.8856558320067339
0.481	0.8863338339707766
0.4815	0.886849085804103
0.482	0.8872193606664973
0.4825	0.88746964006723
0.483	0.8876308469720166
0.4835	0.8877382730201469
0.484	0.8878297799152838
0.4845	0.8879438667547052
0.485	0.8881177020820847
0.4855	0.8883852214198893
0.486	0.888775387848846
0.4865	0.8893107050076061
0.487	0.8900060590965377
0.4875	0.8908679497325833
0.488	0.8918941496680456
0.4885	0.8930738114660841
0.489	0.8943880163396085
0.4895	0.8958107376796925
0.49	0.8973101704880295
0.4905	0.898850359080543
0.491	0.9003930400172279
0.4915	0.901899606033369
0.492	0.9033330903807351
0.4925	0.9046600697697252
0.493	0.9058523881068093
0.4935	0.9068886122504052
0.494	0.9077551446088106
0.4945	0.9084469348868339
0.495	0.9089677537636511
0.4955	0.909330013708215
0.496	0.9095541453632716
0.4965	0.9096675607643891
0.497	0.9097032559336516
0.4975	0.9096981240039295
0.498	0.9096910650281755
0.4985	0.9097209892319991
0.499	0.9098248161238093
0.4995	0.910035572284866
0.5	0.9103806857901711
0.5005000000000001	0.9108805652997018
0.501	0.911547537406696
0.5015000000000001	0.9123851975683126
0.502	0.9133882088038627
0.5025000000000001	0.9145425594064657
0.503	0.9158262673496391
0.5035000000000001	0.9172104960897353
0.504	0.918661025249643
0.5045000000000001	0.9201400013120639
0.505	0.9216078789007756
0.5055000000000001	0.9230254532410711
0.506	0.9243558794887853
0.5065000000000001	0.9255665750638369
0.507	0.9266309069078134
0.5075000000000001	0.9275295764205275
0.508	0.9282516301723817
0.5085000000000001	0.9287950435598716
0.509	0.9291668463995374
0.5095000000000001	0.9293827829262394
0.51	0.929466522573061
0.5105000000000001	0.9294484610353
0.511	0.929364172270406
0.5115000000000001	0.9292525901685289
0.512	0.929154012708764
0.5125	0.9291080307617307
0.513	0.9291514878187624
0.5135	0.9293165755978987
0.514	0.9296291637525058
0.5145	0.9301074501223158
0.515	0.9307610017121967
0.5155	0.9315902366851784
0.516	0.9325863751262651
0.5165	0.9337318623230592
0.517	0.9350012440475552
0.5175	0.9363624500558742
0.518	0.9377784209462985
0.5185	0.9392089957182754
0.519	0.9406129637778012
0.5195	0.9419501764461491
0.52	0.9431836097072506
0.5205	0.9442812721577909
0.521	0.9452178598023523
0.5215	0.9459760720828246
0.522	0.9465475207048123
0.5225	0.9469331835531182
0.523	0.9471433792181466
0.5235	0.9471972621989564
0.524	0.9471218634500498
0.5245	0.9469507243352069
0.525	0.9467221930389584
0.5255	0.9464774699815587
0.526	0.9462585018801216
0.5265	0.9461058321140597
0.527	0.9460565175633607
0.5275	0.946142218951364
0.528	0.9463875630868638
0.5285	0.946808861693464
0.529	0.9474132534283329
0.5295	0.9481983141454079
0.53	0.9491521565470563
0.5305	0.9502540153145862
0.531	0.9514752888946993
0.5315	0.9527809856247541
0.532	0.95413150101354
0.5325	0.9554846358331581
0.533	0.9567977521109241
0.5335	0.9580299567937165
0.534	0.9591442011786793
0.5345	0.9601091882631038
0.535	0.9609009897678106
0.5355	0.9615042892527318
0.536	0.9619131867299935
0.5365	0.9621315225243401
0.537	0.962172702694447
0.5375	0.9620590338561112
0.538	0.9618206004317331
0.5385	0.9614937408967623
0.539	0.9611192002907145
0.5395	0.9607400530392941
0.54	0.9603995021250189
0.5405	0.9601386672201788
0.541	0.9599944752081896
0.5415	0.9599977615125944
0.542	0.9601716800709887
0.5425	0.9605305041645131
0.543	0.9610788804330553
0.5435	0.9618115752828402
0.544	0.9627137277064155
0.5445	0.9637615965734954
0.545	0.9649237650458075
0.5455	0.9661627412255329
0.546	0.9674368736780828
0.5465	0.9687024841336418
0.547	0.9699161083161605
0.5475	0.9710367300674995
0.548	0.9720278940375028
0.5485	0.9728595882057077
0.549	0.9735097990924505
0.5495	0.97396565912337
0.55	0.9742241263900572
0.5505	0.9742921609428089
0.551	0.9741863875388154
0.5515	0.9739322611301614
0.552	0.9735627769578697
0.5525	0.973116790604838
0.553	0.9726370335406205
0.5535	0.9721679255202835
0.554	0.97175329585497
0.5545	0.9714341304941422
0.555	0.9712464607829191
0.5555	0.9712195027242019
0.556	0.9713741429324707
0.5565	0.9717218498511662
0.557	0.9722640671126057
0.5575	0.9729921212540227
0.558	0.973887649626654
0.5585	0.9749235275987606
0.559	0.9760652484315978
0.5595	0.9772726858243236
0.56	0.9785021492871917
0.5605	0.9797086272402108
0.561	0.9808481028420889
0.5615	0.9818798235529695
0.562	0.9827684075436938
0.5625	0.9834856781900976
0.5630000000000001	0.9840121316294766
0.5635	0.9843379610147044
0.5640000000000001	0.9844635837317198
0.5645	0.9843996432939156
0.5650000000000001	0.9841664845903413
0.5655	0.9837931282605245
0.5660000000000001	0.9833157958037962
0.5665	0.9827760602734855
0.5670000000000001	0.9822187168544012
0.5675	0.9816894822660648
0.5680000000000001	0.9812326410091498
0.5685	0.9808887594979875
0.5690000000000001	0.9806925859272345
0.5695	0.9806712444547335
0.5700000000000001	0.9808428174067795
0.5705	0.9812153894775663
0.5710000000000001	0.9817866043045642
0.5715	0.9825437575597143
0.5720000000000001	0.9834644231459118
0.5725	0.9845175816432032
0.5730000000000001	0.9856651942216118
0.5735	0.9868641421651633
0.5740000000000001	0.9880684331288115
0.5745	0.9892315612655211
0.5750000000000001	0.9903089001471809
0.5755	0.9912600053977497
0.5760000000000001	0.9920507082793034
0.5765	0.9926548919155621
0.577	0.9930558578816833
0.5775	0.993247211722873
0.578	0.9932332205284513
0.5785	0.9930286227285584
0.579	0.9926578984131577
0.5795	0.9921540362530602
0.58	0.9915568591003824
0.5805	0.9909109932190676
0.581	0.9902635846599929
0.5815	0.9896618795833759
0.582	0.9891507926461646
0.5825	0.9887705885217155
0.583	0.9885547961375674
0.5835	0.9885284635693902
0.584	0.988706844297943
0.5845	0.9890945835926063
0.585	0.98968544824594
0.5855	0.9904626150527943
0.586	0.9913995047302553
0.5865	0.9924611198848701
0.587	0.9936058195976409
0.5875	0.9947874405598577
0.588	0.9959576566273705
0.5885	0.9970684561087568
0.589	0.998074609724335
0.5895	0.9989360023125792
0.59	0.9996197080283765
0.5905	1.000101701648113
0.591	1.0003681170242087
0.5915	1.0004159867834161
0.592	1.000253423865463
0.5925	0.9998992340974839
0.593	0.9993819782296294
0.5935	0.9987385302165066
0.594	0.9980122045566193
0.5945	0.9972505478528462
0.595	0.9965029072718418
0.5955	0.9958179003453913
0.596	0.9952409159519203
0.5965	0.9948117750472868
0.597	0.9945626718284898
0.5975	0.9945165019003389
0.598	0.9946856643831928
0.5985	0.9950714007451477
0.599	0.9956637056953794
0.5995	0.9964418161401865
0.6	0.9973752544839843
0.6005	0.9984253739821114
0.601	0.9995473278940589
0.6015	1.0006923621870538
0.602	1.00181031464304
0.6025	1.0028521923097111
0.603	1.003772694885417
0.6035	1.0045325540793986
0.604	1.0051005681343825
0.6045	1.0054552260847835
0.605	1.0055858371748856
0.6055	1.005493106118477
0.606	1.0051891232558356
0.6065	1.0046967687033672
0.607	1.0040485597535995
0.6075	1.0032849995162867
0.608	1.002452510612223
0.6085	1.0016010593031557
0.609	1.0007815916422285
0.6095	1.000043413211645
0.61	0.9994316472474318
0.6105	0.9989849022513282
0.611	0.9987332697292174
0.6115	0.9986967559952137
0.612	0.9988842298841321
0.6125	0.9992929418464317
0.613	0.9999086406056317
0.6135	1.0007062828397173
0.614	1.001651300783646
0.6145	1.0027013638144946
0.615	1.003808544463974
0.6155	1.0049217782332098
0.616	1.0059894911593341
0.6165	1.0069622601123638
0.617	1.0077953687635284
0.6175	1.0084511271862195
0.618	1.0089008348884598
0.6185	1.0091262851396572
0.619	1.0091207318304996
0.6195	1.0088892676030161
0.62	1.008448592202269
0.6205	1.0078261813822114
0.621	1.0070588976319135
0.6215	1.0061911128791605
0.622	1.0052724386817236
0.6225	1.0043551799159238
0.623	1.0034916425473845
0.6235	1.0027314339523785
0.624	1.0021188950248847
0.6245	1.0016907968949218
0.625	1.0014744218081584
0.6255000000000001	1.001486128240222
0.626	1.0017304756279741
0.6265000000000001	1.0021999554524001
0.627	1.0028753442692089
0.6275000000000001	1.0037266622519394
0.628	1.0047146895370536
0.6285000000000001	1.0057929637557355
0.629	1.006910157099843
0.6295000000000001	1.0080127114016821
0.63	1.0090475960481762
0.6305000000000001	1.009965046821847
0.631	1.0107211443307589
0.6315000000000001	1.0112800985491446
0.632	1.011616120755813
0.6325000000000001	1.0117147850875985
0.633	1.01157380795896
0.6335000000000001	1.0112032034090792
0.634	1.0106248044985657
0.6345000000000001	1.0098711735427086
0.635	1.0089839555547422
0.6355000000000001	1.008011758148958
0.636	1.0070076658228233
0.6365000000000001	1.0060265157150583
0.637	1.0051220746177427
0.6375000000000001	1.0043442625317482
0.638	1.0037365660906035
0.6385000000000001	1.003333775817219
0.639	1.0031601648813246
0.6395000000000001	1.0032282046124914
0.64	1.0035378846316092
0.6405	1.0040766744901433
0.641	1.0048201307377278
0.6415	1.0057331200686979
0.642	1.0067715973415852
0.6425	1.0078848484693717
0.643	1.0090180839364058
0.6435	1.0101152502741644
0.644	1.0111219151899677
0.6445	1.0119880778109411
0.645	1.0126707589205097
0.6455	1.0131362369734556
0.646	1.0133618135381568
0.6465	1.0133370157308967
0.647	1.0130641719620295
0.6475	1.012558329439044
0.648	1.0118465157206855
0.6485	1.0109663804488025
0.649	1.0099642854556794
0.6495	1.008892940094965
0.65	1.007808702385955
0.6505	1.0067686841546781
0.651	1.005827808874943
0.6515	1.0050359737942889
0.652	1.00443546300193
0.6525	1.004058745588829
0.653	1.0039267735861948
0.6535	1.0040478689308852
0.654	1.0044172585885174
0.6545	1.0050172837069455
0.655	1.0058182739803463
0.6555	1.0067800440627475
0.656	1.0078539366521924
0.6565	1.0089853084413378
0.657	1.0101163319752176
0.6575	1.0111889697827523
0.658	1.0121479678353367
0.6585	1.0129437139363626
0.659	1.0135348131585145
0.6595	1.0138902466092372
0.66	1.0139910009112998
0.6605	1.013831082766837
0.661	1.0134178644551053
0.6615	1.0127717404854581
0.662	1.011925111122674
0.6625	1.0109207432931129
0.663	1.0098095916695038
0.6635	1.0086481908450144
0.664	1.0074957519798504
0.6645	1.006411112958527
0.665	1.0054496991041184
0.6655	1.0046606514202823
0.666	1.0040842711516285
0.6665	1.0037499135654242
0.667	1.0036744410591123
0.6675	1.003861317144437
0.668	1.004300390006604
0.6685	1.0049683788688737
0.669	1.00583004013266
0.6695	1.0068399550806055
0.67	1.0079448486454936
0.6705	1.009086321037609
0.671	1.0102038523327745
0.6715	1.0112379255918922
0.672	1.0121331074835385
0.6725	1.012840927079859
0.673	1.0133224034311856
0.6735	1.013550090209317
0.674	1.0135095302543742
0.6745	1.0132000430193704
0.675	1.0126348021400213
0.6755	1.0118401969092485
0.676	1.0108545084253633
0.6765	1.00972596670028
0.677	1.0085102872195584
0.6775	1.0072678126648127
0.678	1.0060604063186118
0.6785	1.004948256976301
0.679	1.0039867602764363
0.6795	1.0032236379420347
0.68	1.0026964446476296
0.6805	1.0024305926734502
0.681	1.0024379981629596
0.6815	1.0027164210027526
0.682	1.0032495347197878
0.6825	1.0040077251686732
0.683	1.0049495790991336
0.6835	1.006023987898269
0.684	1.0071727597501912
0.6845	1.0083336068162683
0.685	1.0094433542074488
0.6855	1.0104412055438439
0.686	1.0112718964212248
0.6865	1.0118885723374822
0.687	1.0122552413330708
0.6875	1.012348673088251
0.6880000000000001	1.0121596444118721
0.6885	1.0116934645167088
0.6890000000000001	1.0109697504929713
0.6895	1.0100214620628893
0.6900000000000001	1.0088932430315376
0.6905	1.0076391528594129
0.6910000000000001	1.0063199036009947
0.6915	1.004999743421276
0.6920000000000001	1.0037431466564637
0.6925	1.0026114809314512
0.6930000000000001	1.0016598236118874
0.6935	1.0009340927314272
0.6940000000000001	1.0004686418335758
0.6945	1.0002844446849835
0.6950000000000001	1.0003879657406622
0.6955	1.0007707771040046
0.6960000000000001	1.0014099443253197
0.6965	1.00226916369637
0.6970000000000001	1.003300594773027
0.6975	1.0044472957093398
0.6980000000000001	1.005646137493137
0.6985	1.0068310479806206
0.6990000000000001	1.0079364190600644
0.6995	1.008900501267666
0.7000000000000001	1.0096686102274297
0.7005	1.010195978420543
0.7010000000000001	1.010450103567196
0.7015	1.0104124704356612
0.7020000000000001	1.010079554885946
0.7025	1.0094630557760131
0.7030000000000001	1.0085893401194095
0.7035	1.0074981275375163
0.704	1.0062404794972957
0.7045	1.0048761950213114
0.705	1.003470745616743
0.7055	1.002091906469064
0.706	1.000806257202966
0.7065	0.9996757328585312
0.707	0.9987544037531152
0.7075	0.9980856516683987
0.708	0.9976998898662044
0.7085	0.9976129467968948
0.709	0.9978251994237657
0.7095	0.9983215035801188
0.71	0.9990719276795431
0.7105	1.0000332545323007
0.711	1.0011511761316152
0.7115	1.0023630701339334
0.712	1.0036012162510894
0.7125	1.0047962874991898
0.713	1.0058809364397006
0.7135	1.006793290999747
0.714	1.007480178491557
0.7145	1.0078999098909447
0.715	1.0080244786197288
0.7155	1.0078410578897423
0.716	1.0073527165904317
0.7165	1.0065783138996336
0.717	1.0055515752017157
0.7175	1.0043193943207096
0.718	1.0029394473211322
0.7185	1.0014772391034568
0.719	1.0000027338455875
0.7195	0.99858674244877
0.72	0.9972972533625842
0.7205	0.9961958967715524
0.721	0.9953347259031274
0.7215	0.9947534834493521
0.722	0.9944774965638513
0.7225	0.9945163118404363
0.723	0.9948631437323302
0.7235	0.995495167976189
0.724	0.9963746478987794
0.7245	0.9974508382635235
0.725	0.9986625708006261
0.7255	0.9999413898679448
0.726	1.001215077678304
0.7265	1.00241138773149
0.727	1.0034617936147734
0.7275	1.0043050588146138
0.728	1.0048904417310556
0.7285	1.0051803683004392
0.729	1.0051524316043872
0.7295	1.0048006122088662
0.73	1.0041356529834833
0.7305	1.0031845657457257
0.731	1.0019892920114462
0.7315	1.0006045840869784
0.732	0.9990952134272303
0.7325	0.9975326484856306
0.733	0.9959913723445992
0.7335	0.9945450297559859
0.734	0.993262602802747
0.7345	0.9922048136809629
0.735	0.9914209420917097
0.7355	0.9909462239557771
0.736	0.9907999686597357
0.7365	0.9909844953051388
0.737	0.9914849463403197
0.7375	0.992269991668177
0.738	0.9932933901796157
0.7385	0.9944963310508361
0.739	0.9958104363834117
0.7395	0.9971612719886017
0.74	0.9984721861494
0.7405	0.9996682784655643
0.741	1.0006802933549022
0.7415	1.0014482358800605
0.742	1.0019245211760004
0.7425	1.002076492205686
0.743	1.0018881726931506
0.7435	1.0013611612424844
0.744	1.0005146168450312
0.7445	0.999384332932489
0.745	0.9980209444254633
0.7455	0.9964873574026094
0.746	0.9948555317220096
0.7465	0.9932027810331715
0.747	0.9916077803280743
0.7475	0.9901464871244243
0.748	0.988888187686196
0.7485	0.9878918740463617
0.749	0.9872031412522345
0.7495	0.986851768009472
0.75	0.9868501090780172
0.7505000000000001	0.9871923861444498
0.751	0.9878549175933148
0.7515000000000001	0.9887972790094465
0.752	0.9899643378773609
0.7525000000000001	0.99128906031453
0.753	0.9926959471633281
0.7535000000000001	0.9941049234966008
0.754	0.9954354813219246
0.7545000000000001	0.996610861297708
0.755	0.9975620563690443
0.7555000000000001	0.9982314285899789
0.756	0.9985757496348769
0.7565000000000001	0.9985685046615619
0.757	0.9982013368001458
0.7575000000000001	0.9974845536860533
0.758	0.9964466658681811
0.7585000000000001	0.9951329771066239
0.759	0.9936032959293283
0.7595000000000001	0.9919288837757688
0.76	0.9901887952158673
0.7605000000000001	0.9884657979824721
0.761	0.9868420831860378
0.7615000000000001	0.9853949878734446
0.762	0.984192952389582
0.7625000000000001	0.9832919237353902
0.763	0.9827323938248675
0.7635000000000001	0.9825372293369123
0.764	0.9827104093665936
0.7645000000000001	0.983236740373147
0.765	0.984082567399417
0.7655000000000001	0.9851974488092272
0.766	0.9865167115391039
0.7665000000000001	0.9879647577078102
0.767	0.9894589537888
0.7675000000000001	0.9909139025166808
0.768	0.9922458769207294
0.7685	0.9933771864823796
0.769	0.9942402479385313
0.7695	0.9947811476203737
0.77	0.9949625077338236
0.7705	0.9947655043755249
0.771	0.9941909285414373
0.7715	0.9932592306990244
0.772	0.9920095421203446
0.7725	0.9904977193894249
0.773	0.9887935095376242
0.7735	0.9869769794602254
0.774	0.985134392200768
0.7745	0.9833537422980025
0.775	0.9817201810907714
0.7755	0.9803115696456849
0.776	0.9791943914041921
0.7765	0.9784202389725792
0.777	0.9780230605644481
0.7775	0.9780173129031047
0.778	0.978397120869865
0.7785	0.9791364922284721
0.779	0.9801905810445009
0.7795	0.9814979387866012
0.78	0.9829836403878048
0.7805	0.984563126465102
0.781	0.9861465648693176
0.7815	0.9876435067822783
0.782	0.9889675961972394
0.7825	0.9900410877188772
0.783	0.9907989364629363
0.7835	0.9911922450226903
0.784	0.9911908849550888
0.7845	0.9907851523858969
0.785	0.9899863669915197
0.7855	0.9888263782352588
0.786	0.987355999496544
0.7865	0.9856424466871506
0.787	0.9837659101801678
0.7875	0.981815434646861
0.788	0.9798843182881943
0.7885	0.9780652689968165
0.789	0.9764455687821799
0.7895	0.975102498557786
0.79	0.9740992630219986
0.7905	0.9734816304428213
0.791	0.9732754659196831
0.7915	0.9734852909746349
0.792	0.9740939494575118
0.7925	0.9750634024547914
0.793	0.9763366161344407
0.7935	0.9778404492944259
0.794	0.9794893947984405
0.7945	0.9811899838427082
0.795	0.9828456264974738
0.7955	0.984361638105421
0.796	0.9856501901990291
0.7965	0.9866349272541329
0.797	0.9872550067573737
0.7975	0.9874683489561604
0.798	0.9872539228387702
0.7985	0.9866129443209445
0.799	0.985568918762625
0.7995	0.9841665199098604
0.8	0.9824693580435367
0.8005	0.9805567483562726
0.801	0.9785196433206846
0.8015	0.9764559372762562
0.802	0.9744653852856334
0.8025	0.9726443996744385
0.803	0.9710809953922938
0.8035	0.9698501489427768
0.804	0.9690098153864836
0.8045	0.9685978148084636
0.805	0.968629755319992
0.8055	0.9690981063896196
0.806	0.9699724768036265
0.8065	0.9712010889144765
0.807	0.9727133783014033
0.8075	0.9744235888053931
0.808	0.9762351802186523
0.8085	0.9780458224916223
0.809	0.97975271848564
0.8095	0.9812579787710484
0.81	0.9824737677882744
0.8105	0.9833269511488905
0.811	0.9837629984878689
0.8115	0.9837489338772025
0.812	0.9832751744811595
0.8125	0.982356155392424
0.8130000000000001	0.9810297014916579
0.8135	0.9793551724649623
0.8140000000000001	0.9774104713958242
0.8145	0.9752880672557567
0.8150000000000001	0.9730902339961893
0.8155	0.9709237510140833
0.8160000000000001	0.9688943392692448
0.8165	0.9671011226601427
0.8170000000000001	0.9656314045367731
0.8175	0.9645560343451504
0.8180000000000001	0.9639256100513441
0.8185	0.9637677196363338
0.8190000000000001	0.9640853717274753
0.8195	0.9648567040594244
0.8200000000000001	0.9660359920999207
0.8205	0.9675559122755268
0.8210000000000001	0.9693309483313964
0.8215	0.9712617689154411
0.8220000000000001	0.9732403526835801
0.8225	0.9751555968379857
0.8230000000000001	0.976899118212697
0.8235	0.9783709442910813
0.8240000000000001	0.9794847955784293
0.8245	0.9801726804408016
0.8250000000000001	0.9803885579191582
0.8255	0.9801108714218583
0.8260000000000001	0.9793438141847262
0.8265	0.9781172529936666
0.8270000000000001	0.9764853065014346
0.8275	0.9745236449072774
0.8280000000000001	0.9723256451222816
0.8285	0.9699975962701122
0.8290000000000001	0.9676532012537955
0.8295	0.9654076584315316
0.8300000000000001	0.9633716311069372
0.8305	0.961645420224644
0.8310000000000001	0.9603136468721802
0.8315	0.9594407262844519
0.8320000000000001	0.9590673752348411
0.8325	0.9592083419718025
0.833	0.9598514849053037
0.8335	0.960958256299113
0.834	0.9624655739047833
0.8345	0.9642889906021772
0.835	0.9663270035108229
0.8355	0.9684662833275728
0.836	0.9705875550595621
0.8365	0.9725718255252935
0.837	0.9743066329531143
0.8375	0.975691990864436
0.838	0.9766457124594351
0.8385	0.9771078322979189
0.839	0.9770438876886811
0.8395	0.9764468805697881
0.84	0.9753378087996626
0.8405	0.9737647301730156
0.841	0.9718003992644603
0.8415	0.9695385923732699
0.842	0.9670893054413129
0.8425	0.9645730701553327
0.843	0.9621146812986267
0.8435	0.9598366611937764
0.844	0.9578528029593265
0.8445	0.9562621323454257
0.845	0.9551436081025153
0.8455	0.9545518440958282
0.846	0.954514084524068
0.8465	0.9550285992557214
0.847	0.956064592756668
0.8475	0.9575636411486006
0.848	0.9594425917184329
0.8485	0.9615977818988807
0.849	0.9639103644394913
0.8495	0.9662524659255608
0.85	0.9684938601812303
0.8505	0.9705088089040615
0.851	0.9721827107670111
0.8515	0.9734182078973563
0.852	0.9741404248261663
0.8525	0.9743010584474524
0.853	0.9738810960686651
0.8535	0.9728920093007709
0.854	0.9713753506958708
0.8545	0.9694007635904305
0.855	0.9670624991901334
0.8555	0.9644746141432696
0.856	0.9617650924968703
0.8565	0.9590691942371617
0.857	0.9565223754288729
0.8575	0.9542531499240101
0.858	0.9523762682695565
0.8585	0.9509865753692102
0.859	0.9501538752456389
0.8595	0.9499190805164943
0.86	0.9502918584831184
0.8605	0.9512499083857434
0.861	0.9527399193900696
0.8615	0.9546801706560724
0.862	0.9569646480219226
0.8625	0.959468470996115
0.863	0.9620543531908667
0.8635	0.9645797628423062
0.864	0.9669044107281354
0.8645	0.968897672811711
0.865	0.9704455555106763
0.8655	0.9714568327329912
0.866	0.9718680247799817
0.8665	0.9716469478756162
0.867	0.9707946364862519
0.8675	0.9693455249884861
0.868	0.967365866259252
0.8685	0.9649504576536729
0.869	0.9622178347183322
0.8695	0.9593041750967405
0.87	0.9563562250284595
0.8705	0.9535236148387556
0.871	0.9509509648880792
0.8715	0.9487701976005269
0.872	0.9470934635058015
0.8725	0.9460070599423873
0.873	0.9455666715546629
0.8735	0.9457941944256225
0.874	0.9466763240299679
0.8745	0.9481649953655054
0.875	0.9501796663911714
0.8755000000000001	0.9526113383590559
0.876	0.9553281139253421
0.8765000000000001	0.9581820109982047
0.877	0.9610166815913206
0.8775000000000001	0.9636756342470321
0.878	0.966010528702144
0.8785000000000001	0.9678891041450682
0.879	0.9692023182312616
0.8795000000000001	0.9698703123426603
0.88	0.9698468775594457
0.8805000000000001	0.9691221725147172
0.881	0.9677235348181705
0.8815000000000001	0.9657143273935317
0.882	0.9631908646821515
0.8825000000000001	0.960277565773717
0.883	0.9571205767179468
0.8835000000000001	0.9538801874501353
0.884	0.9507224354206754
0.8845000000000001	0.9478103344806186
0.885	0.9452951912041178
0.8855000000000001	0.9433084701712403
0.886	0.9419546446103859
0.8865000000000001	0.9413054203212184
0.887	0.941395651325804
0.8875000000000001	0.9422211787199372
0.888	0.9437387241695332
0.8885000000000001	0.9458678616017181
0.889	0.9484949805246963
0.8895000000000001	0.9514790478924342
0.89	0.9546588781910136
0.8905000000000001	0.9578615387059737
0.891	0.9609114532564472
0.8915000000000001	0.963639726607971
0.892	0.9658931956926868
0.8925000000000001	0.9675427237619814
0.893	0.9684902893886613
0.8935000000000001	0.9686744821686437
0.894	0.9680740980944523
0.8945000000000001	0.9667096257801234
0.895	0.9646425249583485
0.8955000000000001	0.9619723152065226
0.896	0.9588316095587338
0.8965	0.9553793383261467
0.897	0.9517925071379031
0.8975	0.9482569145643536
0.898	0.9449573141970453
0.8985	0.9420675403529155
0.899	0.9397411235667861
0.8995	0.9381029010891256
0.9	0.9372420795463537
0.9005	0.9372071340298661
0.901	0.9380028337825821
0.9015	0.9395895741387499
0.902	0.9418850731580353
0.9025	0.9447683658220062
0.903	0.9480859053726405
0.9035	0.9516594669601363
0.904	0.9552954494210091
0.9045	0.9587950921816425
0.905	0.961965070397988
0.9055	0.9646279056396639
0.906	0.9666316333855236
0.9065	0.9678582024299981
0.907	0.9682301435267313
0.9075	0.967715132209951
0.908	0.9663281793394572
0.9085	0.9641313069481877
0.909	0.9612306999823998
0.9095	0.957771459511751
0.91	0.9539302127623442
0.9105	0.9499059528979746
0.911	0.9459095804212989
0.9115	0.9421526928849203
0.912	0.9388362160135777
0.9125	0.9361394845303895
0.913	0.9342103637743706
0.9135	0.9331569541318137
0.914	0.9330413416282369
0.9145	0.9338757535978395
0.915	0.9356213534449662
0.9155	0.9381897695774716
0.916	0.9414473078954271
0.9165	0.9452216524825621
0.917	0.9493107231392728
0.9175	0.9534932385125781
0.918	0.9575404364478756
0.9185	0.9612283343036034
0.919	0.9643498753843252
0.9195	0.966726305733701
0.92	0.9682171588327129
0.9205	0.9687282929363594
0.921	0.96821752368589
0.9215	0.9666975183965292
0.922	0.9642357617339594
0.9225	0.9609515579144327
0.923	0.9570101939008091
0.9235	0.9526145428059535
0.924	0.9479945284717702
0.9245	0.9433949931642232
0.925	0.9390626037174725
0.9255	0.9352324918659422
0.926	0.9321153482105308
0.9265	0.9298856744832366
0.927	0.928671845756209
0.9275	0.928548545300018
0.928	0.9295320142115053
0.9285	0.9315784117493111
0.929	0.9345854180476919
0.9295	0.9383970371246665
0.93	0.9428113840968669
0.9305	0.9475910756516
0.931	0.9524756961476707
0.9315	0.9571956914200337
0.932	0.9614869553529142
0.9325	0.9651053257773896
0.933	0.9678401994626051
0.9335	0.9695265119240069
0.934	0.97005440519493
0.9345	0.9693760220671189
0.935	0.9675090129618666
0.9355	0.9645365140691926
0.936	0.9606035437452112
0.9365	0.9559099584372925
0.937	0.9507002991745691
0.9375	0.9452510345465427
0.9380000000000001	0.9398558563519259
0.9385	0.934809801155428
0.9390000000000001	0.9303930479131018
0.9395	0.9268552737409159
0.9400000000000001	0.9244014342833627
0.9405	0.9231797719981549
0.9410000000000001	0.9232727475962625
0.9415	0.92469144193606
0.9420000000000001	0.9273737951957205
0.9425	0.9311868463717976
0.9430000000000001	0.9359329197458629
0.9435	0.9413594874856702
0.9440000000000001	0.9471722308428023
0.9445	0.9530506379589271
0.9450000000000001	0.9586653245954041
0.9455	0.9636961540789813
0.9460000000000001	0.9678501712420594
0.9465	0.9708783564581015
0.9470000000000001	0.9725902515696517
0.9475	0.9728656081849716
0.9480000000000001	0.9716623561688492
0.9485	0.9690203791178362
0.9490000000000001	0.9650608047135172
0.9495	0.959980759654854
0.9500000000000001	0.954043788568356
0.9505	0.9475663803560614
0.9510000000000001	0.9409012703463093
0.9515	0.9344183795840946
0.9520000000000001	0.928484402314817
0.9525	0.9234421499613357
0.9530000000000001	0.9195907981100866
0.9535	0.9171681587253778
0.9540000000000001	0.916336012860305
0.9545	0.9171693928160728
0.9550000000000001	0.9196505036413075
0.9555	0.9236677317380623
0.9560000000000001	0.9290199154355797
0.9565	0.9354257629918667
0.9570000000000001	0.9425380131454397
0.9575	0.9499616580811071
0.9580000000000001	0.9572753041052321
0.9585	0.9640545457897649
0.9590000000000001	0.9698960870963038
0.9595	0.9744412674740072
0.96	0.9773976481730299
0.9605	0.978557386229306
0.961	0.9778112688941406
0.9615	0.9751574937607863
0.962	0.970704549662723
0.9625	0.9646678673142393
0.963	0.9573602505306308
0.9635	0.9491764505623663
0.964	0.9405725883550429
0.9645	0.9320414430637145
0.965	0.924084891528285
0.9655	0.917184986278036
0.966	0.9117752855607486
0.9665	0.9082140882615313
0.967	0.9067611742124225
0.9675	0.9075595060037459
0.968	0.9106231167694475
0.9685	0.9158320992967951
0.969	0.9229352396053101
0.9695	0.9315604212669046
0.97	0.9412324867755626
0.9705	0.9513978028995949
0.971	0.9614543627333194
0.9715	0.9707858922665694
0.972	0.9787981361247361
0.9725	0.9849552950817312
0.973	0.9888144921872425
0.9735	0.9900561648462483
0.974	0.9885084209475619
0.9745	0.9841636557304229
0.975	0.977186093496337
0.9755	0.9679093791307085
0.976	0.9568238774766811
0.9765	0.9445539177322481
0.977	0.9318258152812889
0.9775	0.9194280824419511
0.978	0.9081657695244393
0.9785	0.8988113263462499
0.979	0.8920547127291211
0.9795	0.8884556897200232
0.98	0.8884012725402614
0.9805	0.8920712100444624
0.981	0.8994140704794792
0.9815	0.9101360651190041
0.982	0.9237041444531012
0.9825	0.9393641792717983
0.983	0.9561742223800366
0.9835	0.9730519737438534
0.984	0.988834685665171
0.9845	1.0023488913906242
0.985	1.0124865676639863
0.9855	1.0182836950740695
0.986	1.0189967018290191
0.9865	1.0141720029285153
0.987	1.0037038055176755
0.9875	0.9878755603481679
0.988	0.9673809051182163
0.9885	0.943320661971576
0.989	0.9171733997755585
0.9895	0.8907382205860336
0.99	0.8660497358633386
0.9905	0.8452666082158465
0.991	0.8305364872029519
0.9915	0.8238415958265847
0.992	0.8268305578048031
0.9925	0.8406432249804008
0.993	0.8657362034107899
0.9935	0.9017174269494824
0.994	0.9471984397073759
0.9945	0.9996729878010937
0.995	1.0554300655697828
0.9955	1.109508708172766
0.996	1.1557005852532616
0.9965	1.1866048613525713
0.997	1.1937378976646016
0.9975	1.1676982422792632
0.998	1.0983850718698367
0.9985	0.9752658973383488
0.999	0.7876870271083488
0.9995	0.5252180957465213
1.0	0.17802001260833095
