0	50.0000426539668
0.0100000000000051	50.0000256837968
0.0200000000000031	50.0000087693054
0.0300000000000011	49.9999919181809
0.0399999999999992	49.9999751380511
0.0500000000000043	49.9999584364804
0.0600000000000023	49.9999418209660
0.0700000000000003	49.9999252989354
0.0800000000000054	49.9999088777422
0.0900000000000034	49.9998925646640
0.100000000000001	49.9998763668985
0.109999999999999	49.9998602915610
0.120000000000005	49.9998443456809
0.130000000000003	49.9998285361992
0.140000000000001	49.9998128699654
0.150000000000006	49.9997973537348
0.160000000000004	49.9997819941653
0.170000000000002	49.9997667978153
0.180000000000000	49.9997517711405
0.190000000000005	49.9997369204915
0.200000000000003	49.9997222521116
0.210000000000001	49.9997077721334
0.219999999999999	49.9996934865774
0.230000000000004	49.9996794013489
0.240000000000002	49.9996655222361
0.250000000000000	49.9996518549077
0.260000000000005	49.9996384049106
0.270000000000003	49.9996251776682
0.280000000000001	49.9996121784778
0.289999999999999	49.9995994125091
0.300000000000004	49.9995868848022
0.310000000000002	49.9995746002656
0.320000000000000	49.9995625636742
0.330000000000005	49.9995507796684
0.340000000000003	49.9995392527516
0.350000000000001	49.9995279872892
0.359999999999999	49.9995169875069
0.370000000000005	49.9995062574892
0.380000000000003	49.9994958011781
0.390000000000001	49.9994856223722
0.400000000000006	49.9994757247248
0.410000000000004	49.9994661117433
0.420000000000002	49.9994567867880
0.430000000000000	49.9994477530710
0.440000000000005	49.9994390136556
0.450000000000003	49.9994305714551
0.460000000000001	49.9994224292321
0.469999999999999	49.9994145895980
0.480000000000004	49.9994070550123
0.490000000000002	49.9993998277820
0.500000000000000	49.9993929100612
0.510000000000005	49.9993863038504
0.520000000000003	49.9993800109969
0.530000000000001	49.9993740331937
0.539999999999999	49.9993683719798
0.550000000000004	49.9993630287402
0.560000000000002	49.9993580047054
0.570000000000000	49.9993533009520
0.580000000000005	49.9993489184021
0.590000000000003	49.9993448578243
0.600000000000001	49.9993411198334
0.609999999999999	49.9993377048910
0.620000000000005	49.9993346133055
0.630000000000003	49.9993318452331
0.640000000000001	49.9993294006780
0.650000000000006	49.9993272794930
0.660000000000004	49.9993254813806
0.670000000000002	49.9993240058929
0.680000000000000	49.9993228524332
0.690000000000005	49.9993220202565
0.700000000000003	49.9993215084706
0.710000000000001	49.9993213160370
0.719999999999999	49.9993214417718
0.730000000000004	49.9993218843472
0.740000000000002	49.9993226422926
0.750000000000000	49.9993237139956
0.760000000000005	49.9993250977035
0.770000000000003	49.9993267915248
0.780000000000001	49.9993287934305
0.789999999999999	49.9993311012554
0.800000000000004	49.9993337127000
0.810000000000002	49.9993366253322
0.820000000000000	49.9993398365884
0.830000000000005	49.9993433437757
0.840000000000003	49.9993471440736
0.850000000000001	49.9993512345356
0.859999999999999	49.9993556120915
0.870000000000005	49.9993602735488
0.880000000000003	49.9993652155952
0.890000000000001	49.9993704348002
0.900000000000006	49.9993759276175
0.910000000000004	49.9993816903869
0.920000000000002	49.9993877193366
0.930000000000000	49.9993940105853
0.940000000000005	49.9994005601446
0.950000000000003	49.9994073639210
0.960000000000001	49.9994144177187
0.969999999999999	49.9994217172416
0.980000000000004	49.9994292580956
0.990000000000002	49.9994370357917
1	49.9994450457477
1.01000000000001	49.9994532832911
1.02000000000000	49.9994617436616
1.03000000000000	49.9994704220139
1.04000000000000	49.9994793134197
1.05000000000000	49.9994884128710
1.06000000000000	49.9994977152825
1.07000000000000	49.9995072154940
1.08000000000001	49.9995169082735
1.09000000000000	49.9995267883199
1.10000000000000	49.9995368502657
1.11000000000000	49.9995470886795
1.12000000000000	49.9995574980692
1.13000000000000	49.9995680728846
1.14000000000000	49.9995788075203
1.15000000000001	49.9995896963184
1.16000000000000	49.9996007335718
1.17000000000000	49.9996119135263
1.18000000000000	49.9996232303841
1.19000000000000	49.9996346783066
1.20000000000000	49.9996462514171
1.21000000000000	49.9996579438037
1.22000000000000	49.9996697495225
1.23000000000000	49.9996816626001
1.24000000000000	49.9996936770369
1.25000000000000	49.9997057868096
1.26000000000001	49.9997179858746
1.27000000000000	49.9997302681705
1.28000000000000	49.9997426276211
1.29000000000000	49.9997550581385
1.30000000000000	49.9997675536258
1.31000000000000	49.9997801079799
1.32000000000000	49.9997927150946
1.33000000000001	49.9998053688636
1.34000000000000	49.9998180631827
1.35000000000000	49.9998307919534
1.36000000000000	49.9998435490854
1.37000000000000	49.9998563284993
1.38000000000000	49.9998691241297
1.39000000000000	49.9998819299275
1.40000000000001	49.9998947398633
1.41000000000000	49.9999075479296
1.42000000000000	49.9999203481440
1.43000000000000	49.9999331345513
1.44000000000000	49.9999459012268
1.45000000000000	49.9999586422784
1.46000000000000	49.9999713518497
1.47000000000000	49.9999840241224
1.48000000000000	49.9999966533185
1.49000000000000	50.0000092337037
1.50000000000000	50.0000217595890
1.51000000000001	50.0000342253339
1.52000000000000	50.0000466253482
1.53000000000000	50.0000589540949
1.54000000000000	50.0000712060926
1.55000000000000	50.0000833759173
1.56000000000000	50.0000954582053
1.57000000000000	50.0001074476552
1.58000000000001	50.0001193390301
1.59000000000000	50.0001311271600
1.60000000000000	50.0001428069436
1.61000000000000	50.0001543733509
1.62000000000000	50.0001658214246
1.63000000000000	50.0001771462829
1.64000000000000	50.0001883431209
1.65000000000001	50.0001994072128
1.66000000000000	50.0002103339137
1.67000000000000	50.0002211186615
1.68000000000000	50.0002317569786
1.69000000000000	50.0002422444740
1.70000000000000	50.0002525768444
1.71000000000000	50.0002627498766
1.72000000000000	50.0002727594483
1.73000000000000	50.0002826015305
1.74000000000000	50.0002922721883
1.75000000000000	50.0003017675829
1.76000000000001	50.0003110839726
1.77000000000000	50.0003202177143
1.78000000000000	50.0003291652652
1.79000000000000	50.0003379231833
1.80000000000000	50.0003464881293
1.81000000000000	50.0003548568672
1.82000000000000	50.0003630262660
1.83000000000001	50.0003709933002
1.84000000000000	50.0003787550510
1.85000000000000	50.0003863087074
1.86000000000000	50.0003936515668
1.87000000000000	50.0004007810360
1.88000000000000	50.0004076946319
1.89000000000000	50.0004143899825
1.90000000000001	50.0004208648270
1.91000000000000	50.0004271170169
1.92000000000000	50.0004331445164
1.93000000000000	50.0004389454029
1.94000000000000	50.0004445178675
1.95000000000000	50.0004498602153
1.96000000000000	50.0004549708657
1.97000000000000	50.0004598483528
1.98000000000000	50.0004644913257
1.99000000000000	50.0004688985485
2	50.4004730689005
2.01000000000001	50.4455908888385
2.02000000000000	50.4903207722964
2.03000000000000	50.5346435589571
2.04000000000000	50.5785404114484
2.05000000000000	50.6219928324251
2.06000000000000	50.6649826822454
2.07000000000000	50.7074921972034
2.08000000000001	50.7495040082711
2.09000000000000	50.7910011602970
2.10000000000000	50.8319671315998
2.11000000000000	50.8723858538929
2.12000000000000	50.9122417324669
2.13000000000000	50.9515196665526
2.14000000000000	50.9902050697824
2.15000000000001	51.0282838906646
2.16000000000000	51.0657426329792
2.17000000000000	51.1025683760033
2.18000000000000	51.1387487944692
2.19000000000001	51.1742721781604
2.20000000000000	51.2091274510442
2.21000000000000	51.2433041898457
2.22000000000000	51.2767926419637
2.23000000000000	51.3095837426320
2.24000000000000	51.3416691312330
2.25000000000000	51.3730411666709
2.26000000000001	51.4036929417168
2.27000000000000	51.4336182962421
2.28000000000000	51.4628118292616
2.29000000000000	51.4912689097120
2.30000000000000	51.5189856859008
2.31000000000000	51.5459590935630
2.32000000000000	51.5721868624736
2.33000000000001	51.5976675215710
2.34000000000000	51.6224004025529
2.35000000000000	51.6463856419158
2.36000000000000	51.6696241814180
2.37000000000000	51.6921177669539
2.38000000000000	51.7138689458370
2.39000000000000	51.7348810624963
2.40000000000001	51.7551582526021
2.41000000000000	51.7747054356432
2.42000000000000	51.7935283059871
2.43000000000000	51.8116333224635
2.44000000000001	51.8290276965170
2.45000000000000	51.8457193789855
2.46000000000000	51.8617170455647
2.47000000000001	51.8770300810263
2.48000000000000	51.8916685622657
2.49000000000000	51.9056432402562
2.50000000000000	51.9189655209948
2.51000000000001	51.9316474455280
2.52000000000000	51.9437016691469
2.53000000000000	51.9551414398486
2.54000000000000	51.9659805761573
2.55000000000000	51.9762334444056
2.56000000000000	51.9859149355719
2.57000000000000	51.9950404417751
2.58000000000001	52.0036258325237
2.59000000000000	52.0116874308168
2.60000000000000	52.0192419891942
2.61000000000000	52.0263066658288
2.62000000000000	52.0328990007526
2.63000000000000	52.0390368923064
2.64000000000000	52.0447385738980
2.65000000000001	52.0500225911511
2.66000000000000	52.0549077795222
2.67000000000000	52.0594132424619
2.68000000000000	52.0635583301872
2.69000000000001	52.0673626191322
2.70000000000000	52.0708458921374
2.71000000000000	52.0740281194326
2.72000000000001	52.0769294404655
2.73000000000000	52.0795701466221
2.74000000000000	52.0819706648807
2.75000000000000	52.0841515424353
2.76000000000001	52.0861334323237
2.77000000000000	52.0879370800842
2.78000000000000	52.0895833114688
2.79000000000000	52.0910930212281
2.80000000000000	52.0924871629870
2.81000000000000	52.0937867402200
2.82000000000000	52.0950127983353
2.83000000000001	52.0961864178714
2.84000000000000	52.0973287088082
2.85000000000000	52.0984608059890
2.86000000000000	52.0996038656510
2.87000000000000	52.1007790630538
2.88000000000000	52.1020075911985
2.89000000000000	52.1033106606237
2.90000000000001	52.1047095002644
2.91000000000000	52.1062253593570
2.92000000000000	52.1078795103729
2.93000000000000	52.1096932529603
2.94000000000001	52.1116879188723
2.95000000000000	52.1138848778592
2.96000000000000	52.1163055444997
2.97000000000001	52.1189713859461
2.98000000000000	52.1219039305551
2.99000000000000	52.1251247773771
3	52.1286556064726
3.01000000000001	52.1325181900256
3.02000000000000	52.1367344042204
3.03000000000000	52.1413262418468
3.04000000000000	52.1463158255989
3.05000000000000	52.1517254220265
3.06000000000000	52.1575774561007
3.07000000000000	52.1638945263493
3.08000000000001	52.1706994205153
3.09000000000000	52.1780151316904
3.10000000000000	52.1858648748692
3.11000000000000	52.1942721038668
3.12000000000000	52.2032605285387
3.13000000000000	52.2128541322348
3.14000000000000	52.2230771894134
3.15000000000001	52.2339542833376
3.16000000000000	52.2455103237628
3.17000000000000	52.2577705645225
3.18000000000000	52.2707606209038
3.19000000000001	52.2845064866995
3.20000000000000	52.2990345508047
3.21000000000000	52.3143716132215
3.22000000000001	52.3305449003120
3.23000000000000	52.3475820791311
3.24000000000000	52.3655112706484
3.25000000000000	52.3843610616513
3.26000000000001	52.4041605150995
3.27000000000000	52.4249391786767
3.28000000000000	52.4467270912634
3.29000000000000	52.4695547870207
3.30000000000000	52.4934532967521
3.31000000000000	52.5184541461716
3.32000000000000	52.5445893506734
3.33000000000001	52.5718914061620
3.34000000000000	52.6003932754560
3.35000000000000	52.6301283697398
3.36000000000000	52.6611305244876
3.37000000000000	52.6934339692349
3.38000000000000	52.7270732905225
3.39000000000000	52.7620833872787
3.40000000000001	52.7984994178535
3.41000000000000	52.8363567378539
3.42000000000000	52.8756908278741
3.43000000000000	52.9165372101476
3.44000000000001	52.9589313530904
3.45000000000000	53.0029085626431
3.46000000000000	53.0485038592597
3.47000000000001	53.0957518393392
3.48000000000000	53.1446865198450
3.49000000000000	53.1953411648190
3.50000000000000	53.2477480924634
3.51000000000001	53.3019384614501
3.52000000000000	53.3579420351172
3.53000000000000	53.4157869222312
3.54000000000000	53.4754992930455
3.55000000000000	53.5371030694599
3.56000000000000	53.6006195882041
3.57000000000000	53.6660672361237
3.58000000000001	53.7334610568574
3.59000000000000	53.8028123284565
3.60000000000000	53.8741281118291
3.61000000000000	53.9474107702930
3.62000000000000	54.0226574610009
3.63000000000000	54.0998595995744
3.64000000000000	54.1790022999428
3.65000000000001	54.2600637921485
3.66000000000000	54.3430148217437
3.67000000000000	54.4278180353770
3.68000000000000	54.5144273582373
3.69000000000001	54.6027873701961
3.70000000000000	54.6928326887439
3.71000000000000	54.7844873681425
3.72000000000001	54.8776643255901
3.73000000000000	54.9722648065829
3.74000000000000	55.0681779030277
3.75000000000000	55.1652801389551
3.76000000000001	55.2634351398537
3.77000000000000	55.3624934026284
3.78000000000000	55.4622921838995
3.79000000000000	55.5626555247357
3.80000000000000	55.6633944298655
3.81000000000000	55.7643072188556
3.82000000000000	55.8651800656092
3.83000000000001	55.9657877407445
3.84000000000000	56.0658945689194
3.85000000000000	56.1652556099313
3.86000000000000	56.2636180684408
3.87000000000000	56.3607229324742
3.88000000000000	56.4563068355104
3.89000000000000	56.5501041310753
3.90000000000001	56.6418491624912
3.91000000000000	56.7312787039620
3.92000000000000	56.8181345427521
3.93000000000000	56.9021661660885
3.94000000000001	56.9831335108839
3.95000000000000	57.0608097297037
3.96000000000000	57.1349839228793
3.97000000000001	57.2054637845261
3.98000000000000	57.2720781096644
3.99000000000000	57.3346791107831
4	57.3931444950876
4.01000000000001	57.4473792582925
4.02000000000000	57.4973171570279
4.03000000000000	57.5429218295224
4.04000000000000	57.5841875428996
4.05000000000000	57.6211395548466
4.06000000000000	57.6538340871747
4.07000000000000	57.6823579185026
4.08000000000001	57.7068276125391
4.09000000000000	57.7273884068660
4.10000000000000	57.7442127944059
4.11000000000000	57.7574988356576
4.12000000000000	57.7674682441249
4.13000000000000	57.7743642900759
4.14000000000000	57.7784495688454
4.15000000000001	57.7800036794086
4.16000000000000	57.7793208570540
4.17000000000000	57.7767076008551
4.18000000000000	57.7724803325099
4.19000000000001	57.7669631182270
4.20000000000000	57.7604854799372
4.21000000000000	57.7533803164285
4.22000000000001	57.7459819492631
4.23000000000000	57.7386243027203
4.24000000000000	57.7316392216743
4.25000000000000	57.7253549263789
4.26000000000001	57.7200945986813
4.27000000000000	57.7161750902743
4.28000000000000	57.7139057402510
4.29000000000000	57.7135872864526
4.30000000000000	57.7155108528869
4.31000000000000	57.7199569938212
4.32000000000000	57.7271947739928
4.33000000000001	57.7374808637009
4.34000000000000	57.7510586273338
4.35000000000000	57.7681571841136
4.36000000000000	57.7889904205245
4.37000000000000	57.8137559350183
4.38000000000000	57.8426338972065
4.39000000000000	57.8757858058806
4.40000000000001	57.9133531329083
4.41000000000000	57.9554558434072
4.42000000000000	58.0021907866707
4.43000000000000	58.0536299572006
4.44000000000001	58.1098186309679
4.45000000000000	58.1707733887551
4.46000000000000	58.2364800461710
4.47000000000001	58.3068915187003
4.48000000000000	58.3819256599109
4.49000000000000	58.4614631215956
4.50000000000000	58.5453452959695
4.51000000000001	58.6333724117845
4.52000000000000	58.7253018679259
4.53000000000000	58.8208468991498
4.54000000000000	58.9196756783863
4.55000000000000	59.0214109676173
4.56000000000000	59.1256304337487
4.57000000000000	59.2318677460826
4.58000000000001	59.3396145668701
4.59000000000000	59.4483235349863
4.60000000000000	59.5574123241901
4.61000000000000	59.6662688311822
4.62000000000000	59.7742575146930
4.63000000000000	59.8807268655943
4.64000000000000	59.9850179407023
4.65000000000001	60.0864738414094
4.66000000000000	60.1844499651333
4.67000000000000	60.2783248060213
4.68000000000000	60.3675110350028
4.69000000000001	60.4514665519247
4.70000000000000	60.5297051776729
4.71000000000000	60.6018066448579
4.72000000000001	60.6674255538216
4.73000000000000	60.7262989871534
4.74000000000000	60.7782525198575
4.75000000000000	60.8232044216071
4.76000000000001	60.8611679185575
4.77000000000000	60.8922514603828
4.78000000000000	60.9166570182812
4.79000000000000	60.9346765163159
4.80000000000000	60.9466865666604
4.81000000000000	60.9531417350038
4.82000000000000	60.9545666026383
4.83000000000001	60.9515469150930
4.84000000000000	60.9447201134957
4.85000000000000	60.9347655353050
4.86000000000000	60.9223945478897
4.87000000000000	60.9083408445452
4.88000000000000	60.8933510912249
4.89000000000000	60.8781760668641
4.90000000000001	60.8635623937688
4.91000000000000	60.8502449098276
4.92000000000000	60.8389396934067
4.93000000000000	60.8303377162675
4.94000000000001	60.8250990707237
4.95000000000000	60.8238476950525
4.96000000000000	60.8271665060557
4.97000000000001	60.8355928395261
4.98000000000000	60.8496140979409
4.99000000000000	60.8696635096488
5	60.8961159148109
5.01000000000001	60.9292835101152
5.02000000000000	60.9694115065809
5.03000000000000	61.0166736824133
5.04000000000000	61.0711678456535
5.05000000000000	61.1329112590008
5.06000000000000	61.2018361211523
5.07000000000000	61.2777852444843
5.08000000000001	61.3605081165776
5.09000000000000	61.4496575810425
5.10000000000000	61.5447874186793
5.11000000000000	61.6453511497435
5.12000000000000	61.7507024077351
5.13000000000000	61.8600972497731
5.14000000000000	61.9726987629694
5.15000000000001	62.0875842950840
5.16000000000000	62.2037555766663
5.17000000000000	62.3201519079499
5.18000000000000	62.4356664564896
5.19000000000001	62.5491655536755
5.20000000000000	62.6595106965358
5.21000000000000	62.7655827664901
5.22000000000001	62.8663077836210
5.23000000000000	62.9606833411260
5.24000000000000	63.0478047285407
5.25000000000000	63.1268896716069
5.26000000000001	63.1973006051707
5.27000000000000	63.2585634610223
5.28000000000000	63.3103820951320
5.29000000000000	63.3526476896671
5.30000000000000	63.3854427278549
5.31000000000000	63.4090394312817
5.32000000000000	63.4238928433440
5.33000000000001	63.4306290130576
5.34000000000000	63.4300289574639
5.35000000000000	63.4230092417396
5.36000000000000	63.4106001048805
5.37000000000000	63.3939220747347
5.38000000000000	63.3741619658142
5.39000000000000	63.3525490490122
5.40000000000001	63.3303320398287
5.41000000000000	63.3087573878966
5.42000000000000	63.2890491816163
5.43000000000000	63.2723908214000
5.44000000000001	63.2599084741424
5.45000000000000	63.2526562074405
5.46000000000000	63.2516026190351
5.47000000000001	63.2576187265535
5.48000000000000	63.2714668645862
5.49000000000000	63.2937903488237
5.50000000000000	63.3251037080546
5.51000000000001	63.3657833515517
5.52000000000000	63.4160586287244
5.53000000000000	63.4760033465243
5.54000000000000	63.5455279338976
5.55000000000000	63.6243725763957
5.56000000000000	63.7121017810071
5.57000000000000	63.8081009622747
5.58000000000001	63.9115757541858
5.59000000000000	64.0215548339277
5.60000000000000	64.1368970771285
5.61000000000000	64.2563038324993
5.62000000000000	64.3783369909027
5.63000000000000	64.5014433178193
5.64000000000000	64.6239852143377
5.65000000000001	64.7442776763462
5.66000000000000	64.8606307543046
5.67000000000000	64.9713963114180
5.68000000000000	65.0750173843721
5.69000000000001	65.1700780255721
5.70000000000000	65.2553512087040
5.71000000000000	65.3298422627487
5.72000000000001	65.3928253983563
5.73000000000000	65.4438712140589
5.74000000000000	65.4828635972195
5.75000000000000	65.5100051155211
5.76000000000001	65.5258107559579
5.77000000000000	65.5310906248953
5.78000000000000	65.5269228920095
5.79000000000000	65.5146187750026
5.80000000000000	65.4956816777492
5.81000000000000	65.4717626979209
5.82000000000000	65.4446146251839
5.83000000000001	65.4160462941972
5.84000000000000	65.3878787881870
5.85000000000000	65.3619045639569
5.86000000000000	65.3398501397314
5.87000000000000	65.3233425962903
5.88000000000000	65.3138798207779
5.89000000000000	65.3128041905220
5.90000000000001	65.3212792595491
5.91000000000000	65.3402689731146
5.92000000000000	65.3705189894062
5.93000000000000	65.4125398225984
5.94000000000001	65.4665917249840
5.95000000000000	65.5326714830180
5.96000000000000	65.6105015949629
5.97000000000001	65.6995226047030
5.98000000000000	65.7988896601995
5.99000000000000	65.9074746128597
6	66.0238751366385
6.01000000000001	66.1464323797318
6.02000000000000	66.2732585242386
6.03000000000000	66.4022752842730
6.04000000000000	66.5312638011919
6.05000000000000	66.6579256029312
6.06000000000000	66.7799533254917
6.07000000000000	66.8951088311712
6.08000000000001	67.0013053204359
6.09000000000000	67.0966891677148
6.10000000000000	67.1797166644582
6.11000000000000	67.2492207488389
6.12000000000000	67.3044632095291
6.13000000000000	67.3451687641303
6.14000000000000	67.3715387407723
6.15000000000001	67.3842436716098
6.16000000000000	67.3843957327478
6.17000000000000	67.3735034246170
6.18000000000000	67.3534120024650
6.19000000000001	67.3262338258451
6.20000000000000	67.2942729656151
6.21000000000000	67.2599481299374
6.22000000000001	67.2257173481988
6.23000000000000	67.1940070168940
6.24000000000000	67.1671470030416
6.25000000000000	67.1473126411946
6.26000000000001	67.1364737427318
6.27000000000000	67.1363502198740
6.28000000000000	67.1483736386734
6.29000000000000	67.1736539558001
6.30000000000000	67.2129508449385
6.31000000000000	67.2666493484459
6.32000000000000	67.3347400574507
6.33000000000001	67.4168045789100
6.34000000000000	67.5120076315969
6.35000000000000	67.6190976530755
6.36000000000000	67.7364182124207
6.37000000000000	67.8619327146042
6.38000000000000	67.9932647556610
6.39000000000000	68.1277559587059
6.40000000000001	68.2625421384286
6.41000000000000	68.3946472123024
6.42000000000000	68.5210924868148
6.43000000000000	68.6390169749376
6.44000000000001	68.7458025098511
6.45000000000000	68.8391959250194
6.46000000000000	68.9174197829896
6.47000000000001	68.9792632898482
6.48000000000000	69.0241462208817
6.49000000000000	69.0521508123515
6.50000000000000	69.0640193674819
6.51000000000001	69.0611183708248
6.52000000000000	69.0453727457627
6.53000000000000	69.0191761184600
6.54000000000000	68.9852842962561
6.55000000000000	68.9466995366797
6.56000000000000	68.9065526591223
6.57000000000000	68.8679888536696
6.58000000000001	68.8340614605741
6.59000000000000	68.8076363250335
6.60000000000000	68.7913078262857
6.61000000000000	68.7873265153609
6.62000000000000	68.7975375701096
6.63000000000000	68.8233290159626
6.64000000000000	68.8655888374147
6.65000000000001	68.9246706498405
6.66000000000000	69.0003684168282
6.67000000000000	69.0919016641961
6.68000000000000	69.1979136146227
6.69000000000001	69.3164854792432
6.70000000000000	69.4451706076937
6.71000000000000	69.5810521228510
6.72000000000001	69.7208268795073
6.73000000000000	69.8609169801103
6.74000000000000	69.9976076638490
6.75000000000000	70.1272073292000
6.76000000000001	70.2462221127379
6.77000000000000	70.3515343524451
6.78000000000000	70.4405720230263
6.79000000000000	70.5114554111175
6.80000000000000	70.5631082685825
6.81000000000000	70.5953234820474
6.82000000000000	70.6087775818011
6.83000000000001	70.6049935053700
6.84000000000000	70.5862560718018
6.85000000000000	70.5554887806097
6.86000000000000	70.5161032171221
6.87000000000000	70.4718332638020
6.88000000000000	70.4265655915640
6.89000000000000	70.3841759324481
6.90000000000001	70.3483779674416
6.91000000000000	70.3225888679347
6.92000000000000	70.3098130790370
6.93000000000000	70.3125441471612
6.94000000000001	70.3326834278081
6.95000000000000	70.3714743738671
6.96000000000000	70.4294517021626
6.97000000000001	70.5064058904370
6.98000000000000	70.6013649347093
6.99000000000000	70.7125968159514
7	70.8376373607810
7.01000000000001	70.9733487797628
7.02000000000000	71.1160137796832
7.03000000000000	71.2614684898273
7.04000000000000	71.4052743892844
7.05000000000000	71.5429250999703
7.06000000000000	71.6700787763525
7.07000000000000	71.7828016736454
7.08000000000001	71.8778043449474
7.09000000000000	71.9526498589223
7.10000000000000	72.0059142263330
7.11000000000000	72.0372831099579
7.12000000000000	72.0475754008513
7.13000000000000	72.0386922617077
7.14000000000000	72.0134982759405
7.15000000000001	71.9756479309963
7.16000000000000	71.9293747448822
7.17000000000000	71.8792614996749
7.18000000000000	71.8300085298347
7.19000000000001	71.7862135875903
7.20000000000000	71.7521724716580
7.21000000000000	71.7317053292669
7.22000000000001	71.7280100759812
7.23000000000000	71.7435421697562
7.24000000000000	71.7799191704641
7.25000000000000	71.8378490120364
7.26000000000001	71.9170824282364
7.27000000000000	72.0163920925414
7.28000000000000	72.1335832485660
7.29000000000000	72.2655423374817
7.30000000000000	72.4083307540577
7.31000000000000	72.5573298021884
7.32000000000000	72.7074397574372
7.33000000000001	72.8533305956850
7.34000000000000	72.9897348343263
7.35000000000000	73.1117650726024
7.36000000000000	73.2152317517528
7.37000000000000	73.2969321587074
7.38000000000000	73.3548812979922
7.39000000000000	73.3884597059126
7.40000000000001	73.3984621769938
7.41000000000000	73.3870431370643
7.42000000000000	73.3575666662391
7.43000000000000	73.3143794810276
7.44000000000001	73.2625316712891
7.45000000000000	73.2074718814500
7.46000000000000	73.1547413151750
7.47000000000001	73.1096856938575
7.48000000000000	73.0771977702447
7.49000000000000	73.0614967632845
7.50000000000000	73.0659463019443
7.51000000000001	73.0929097653965
7.52000000000000	73.1436413895783
7.53000000000000	73.2182128703813
7.54000000000000	73.3154778317363
7.55000000000000	73.4330796369856
7.56000000000000	73.5675106571441
7.57000000000000	73.7142322539047
7.58000000000001	73.8678634290254
7.59000000000000	74.0224416420706
7.60000000000000	74.1717515630629
7.61000000000000	74.3097071967402
7.62000000000000	74.4307615583564
7.63000000000000	74.5303083859095
7.64000000000000	74.6050350090323
7.65000000000001	74.6531866618986
7.66000000000000	74.6747109867515
7.67000000000000	74.6712660387039
7.68000000000000	74.6460928032804
7.69000000000001	74.6037701875213
7.70000000000000	74.5498830651187
7.71000000000000	74.4906400633914
7.72000000000001	74.4324770984038
7.73000000000000	74.3816766286807
7.74000000000000	74.3440236471945
7.75000000000000	74.3245101574500
7.76000000000001	74.3270923536102
7.77000000000000	74.3545001580044
7.78000000000000	74.4080974844353
7.79000000000000	74.4877931797491
7.80000000000000	74.5920061036999
7.81000000000000	74.7176919320677
7.82000000000000	74.8604424813913
7.83000000000001	75.0146690623547
7.84000000000000	75.1738781688437
7.85000000000000	75.3310398749890
7.86000000000000	75.4790368702310
7.87000000000000	75.6111667822555
7.88000000000000	75.7216554711105
7.89000000000000	75.8061284093851
7.90000000000001	75.8619849455591
7.91000000000000	75.8886283420362
7.92000000000000	75.8875223266467
7.93000000000000	75.8620688499704
7.94000000000001	75.8173262087749
7.95000000000000	75.7596060203426
7.96000000000000	75.6959978754172
7.97000000000001	75.6338709088452
7.98000000000000	75.5803938355704
7.99000000000000	75.5421027667374
8	75.5245332609539
8.01000000000001	75.5319227210060
8.02000000000000	75.5669832078061
8.03000000000000	75.6307433953748
8.04000000000000	75.7224609613445
8.05000000000000	75.8396116014435
8.06000000000000	75.9779659487563
8.07000000000000	76.1317685803305
8.08000000000001	76.2940316905287
8.09000000000000	76.4569481793093
8.10000000000000	76.6124144119193
8.11000000000000	76.7526333083144
8.12000000000001	76.8707475656334
8.13000000000000	76.9614363368533
8.14000000000000	77.0214024647407
8.15000000000001	77.0496853250051
8.16000000000000	77.0477564629386
8.17000000000000	77.0193869539598
8.18000000000000	76.9703089518576
8.19000000000001	76.9077208910704
8.20000000000000	76.8397004512532
8.21000000000000	76.7745901131710
8.22000000000001	76.7204095575955
8.23000000000000	76.6843324856701
8.24000000000000	76.6722483162505
8.25000000000000	76.6884160220543
8.26000000000001	76.7352103881301
8.27000000000000	76.8129603881015
8.28000000000000	76.9198836676696
8.29000000000000	77.0521276400882
8.30000000000000	77.2039331048689
8.31000000000000	77.3679370990281
8.32000000000000	77.5356248924423
8.33000000000001	77.6979251348850
8.34000000000000	77.8459182126944
8.35000000000000	77.9716002418290
8.36000000000000	78.0686211534945
8.37000000000001	78.1329034736119
8.38000000000000	78.1630550888397
8.39000000000000	78.1605157733609
8.40000000000001	78.1294181400006
8.41000000000000	78.0761884106511
8.42000000000000	78.0089491547486
8.43000000000000	77.9368063590832
8.44000000000001	77.8691044071887
8.45000000000000	77.8147184005521
8.46000000000000	77.7814311132374
8.47000000000001	77.7754196364237
8.48000000000000	77.8008603596469
8.49000000000000	77.8596531480080
8.50000000000000	77.9512661474967
8.51000000000001	78.0727089578859
8.52000000000000	78.2186497899613
8.53000000000000	78.3816967608644
8.54000000000001	78.5528599253840
8.55000000000000	78.7221956379668
8.56000000000000	78.8796080055261
8.57000000000000	79.0157475158192
8.58000000000001	79.1229130495514
8.59000000000000	79.1958418731268
8.60000000000000	79.2322731324597
8.61000000000000	79.2331980610292
8.62000000000001	79.2027596907426
8.63000000000000	79.1478231935414
8.64000000000000	79.0772887196420
8.65000000000001	79.0012487589659
8.66000000000000	78.9300968240293
8.67000000000000	78.8736776678125
8.68000000000000	78.8405410981714
8.69000000000001	78.8373326502719
8.70000000000000	78.8683331869065
8.71000000000000	78.9351497299890
8.72000000000001	79.0365609157990
8.73000000000000	79.1685284842212
8.74000000000000	79.3243951330948
8.75000000000000	79.4952920419997
8.76000000000001	79.6707702243377
8.77000000000000	79.8396451088137
8.78000000000000	79.9910048386322
8.79000000000001	80.1152876599284
8.80000000000000	80.2052961697961
8.81000000000000	80.2570015537288
8.82000000000000	80.2700098381388
8.83000000000001	80.2476142234651
8.84000000000000	80.1964296802600
8.85000000000000	80.1256770575468
8.86000000000000	80.0462337271176
8.87000000000001	79.9695852565365
8.88000000000000	79.9067992837103
8.89000000000000	79.8676099541785
8.90000000000001	79.8596638147582
8.91000000000000	79.8879483044454
8.92000000000000	79.9544084870305
8.93000000000000	80.0577566582253
8.94000000000001	80.1934881252583
8.95000000000000	80.3541268032482
8.96000000000000	80.5297270613715
8.97000000000001	80.7086452631430
8.98000000000000	80.8785613754777
8.99000000000000	81.0276806295164
9	81.1459891746461
9.01000000000001	81.2263949062061
9.02000000000000	81.2655749790055
9.03000000000000	81.2643862486262
9.04000000000001	81.2277693083939
9.05000000000000	81.1641699361019
9.06000000000000	81.0845848587473
9.07000000000000	81.0013880822504
9.08000000000001	80.9271007614802
9.09000000000000	80.8732392514576
9.10000000000000	80.8493303766887
9.11000000000000	80.8621390404550
9.12000000000001	80.9151241587706
9.13000000000000	81.0081289552527
9.14000000000000	81.1373173287475
9.15000000000001	81.2953801466373
9.16000000000000	81.4720419752330
9.17000000000000	81.6548883077770
9.18000000000000	81.8304983300309
9.19000000000001	81.9858097531184
9.20000000000000	82.1095729949743
9.21000000000000	82.1936952849585
9.22000000000001	82.2342573037368
9.23000000000000	82.2320224279729
9.24000000000000	82.1923477764971
9.25000000000000	82.1245213088403
9.26000000000001	82.0406531217657
9.27000000000000	81.9543107112146
9.28000000000000	81.8790956798210
9.29000000000001	81.8273232373169
9.30000000000000	81.8089091871483
9.31000000000000	81.8305161800074
9.32000000000000	81.8949777749445
9.33000000000001	82.0010095058476
9.34000000000000	82.1432245523332
9.35000000000000	82.3124847146634
9.36000000000000	82.4966193512404
9.37000000000001	82.6815218060858
9.38000000000000	82.8525782387367
9.39000000000000	82.9963044879381
9.40000000000001	83.1019850744500
9.41000000000000	83.1630576704517
9.42000000000000	83.1779962356484
9.43000000000000	83.1505264045613
9.44000000000001	83.0891378774388
9.45000000000000	83.0059975572985
9.46000000000000	82.9154681673580
9.47000000000001	82.8324733321405
9.48000000000000	82.7709239021475
9.49000000000000	82.7423567405551
9.50000000000000	82.7548684855386
9.51000000000001	82.8123776423448
9.52000000000000	82.9142286427419
9.53000000000000	83.0551564697362
9.54000000000001	83.2256448758981
9.55000000000000	83.4127150777097
9.56000000000000	83.6011565919064
9.57000000000000	83.7751482193765
9.58000000000001	83.9201224410768
9.59000000000000	84.0246282303236
9.60000000000000	84.0818869460240
9.61000000000000	84.0907510036138
9.62000000000001	84.0558767206376
9.63000000000000	83.9870843261048
9.64000000000000	83.8980442777395
9.65000000000001	83.8045433329791
9.66000000000000	83.7226166179432
9.67000000000000	83.6667909206371
9.68000000000000	83.6486040376595
9.69000000000001	83.6754851914404
9.70000000000000	83.7500298904638
9.71000000000000	83.8696868754210
9.72000000000001	84.0268846734029
9.73000000000000	84.2096388252714
9.74000000000000	84.4026724966823
9.75000000000000	84.5890330460806
9.76000000000001	84.7520914542534
9.77000000000000	84.8776910867086
9.78000000000000	84.9561116223894
9.79000000000001	84.9834856103480
9.80000000000000	84.9623814936231
9.81000000000000	84.9014364752958
9.82000000000000	84.8141286297254
9.83000000000001	84.7169458378242
9.84000000000000	84.6272864063431
9.85000000000000	84.5614051222961
9.86000000000000	84.5326328076923
9.87000000000001	84.5499975464375
9.88000000000000	84.6173023080198
9.89000000000000	84.7326833826906
9.90000000000001	84.8886789503238
9.91000000000000	85.0728521149150
9.92000000000000	85.2690060268214
9.93000000000000	85.4589739541855
9.94000000000001	85.6248571714355
9.95000000000000	85.7514415723570
9.96000000000000	85.8284037094419
9.97000000000001	85.8518831756582
9.98000000000000	85.8250910564537
9.99000000000000	85.7578285063411
10	85.6650342705578
10.0100000000000	85.5646739441550
10.0200000000000	85.4753650083331
10.0300000000000	85.4140962092798
10.0400000000000	85.3942931394927
10.0500000000000	85.4243659474006
10.0600000000000	85.5067961096819
10.0700000000000	85.6377919061357
10.0800000000000	85.8075514364266
10.0900000000000	86.0011834326793
10.1000000000000	86.2003109157680
10.1100000000000	86.3852943048587
10.1200000000000	86.5378620052265
10.1300000000000	86.6437711916848
10.1400000000000	86.6950144455078
10.1500000000000	86.6911110682867
10.1600000000000	86.6391979326286
10.1700000000000	86.5529115197573
10.1800000000000	86.4503247465020
10.1900000000000	86.3513688063884
10.2000000000000	86.2751903483372
10.2100000000000	86.2377985511422
10.2200000000000	86.2502169715564
10.2300000000000	86.3172397653077
10.2400000000000	86.4368354442955
10.2500000000000	86.6002379661663
10.2600000000000	86.7927790936877
10.2700000000000	86.9954999829583
10.2800000000000	87.1874952216336
10.2900000000000	87.3487820717710
10.3000000000000	87.4632929174924
10.3100000000000	87.5214451033201
10.3200000000000	87.5217411765881
10.3300000000000	87.4710344034211
10.3400000000000	87.3834094967970
10.3500000000000	87.2779542472713
10.3600000000000	87.1759082897529
10.3700000000000	87.0977123581460
10.3800000000000	87.0603760951399
10.3900000000000	87.0754201866881
10.4000000000000	87.1475127694669
10.4100000000000	87.2738530970857
10.4200000000000	87.4443499044930
10.4300000000000	87.6426537572060
10.4400000000000	87.8480743634655
10.4500000000000	88.0383017070373
10.4600000000000	88.1926526788778
10.4700000000000	88.2953420367701
10.4800000000000	88.3381358670576
10.4900000000000	88.3217903769785
10.5000000000000	88.2559358623179
10.5100000000000	88.1574504152826
10.5200000000000	88.0477235102793
10.5300000000000	87.9494001303904
10.5400000000000	87.8831826567552
10.5500000000000	87.8651134655682
10.5600000000000	87.9045745477917
10.5700000000000	88.0031082467033
10.5800000000000	88.1541141236403
10.5900000000000	88.3434823506451
10.6000000000000	88.5512207185059
10.6100000000000	88.7540548183182
10.6200000000000	88.9287975261134
10.6300000000000	89.0560285855014
10.6400000000000	89.1234037401215
10.6500000000000	89.1278609841959
10.6600000000000	89.0761900524894
10.6700000000000	88.9838353975666
10.6800000000000	88.8722497235705
10.6900000000000	88.7654194971131
10.7000000000000	88.6862504138935
10.7100000000000	88.6533660170522
10.7200000000000	88.6786566744532
10.7300000000000	88.7657373276413
10.7400000000000	88.9093874606079
10.7500000000000	89.0960384841621
10.7600000000000	89.3053740759692
10.7700000000000	89.5130373545815
10.7800000000000	89.6942468673378
10.7900000000000	89.8278371096834
10.8000000000000	89.8999731620374
10.8100000000000	89.9067032815481
10.8200000000000	89.8547153400251
10.8300000000000	89.7601149205315
10.8400000000000	89.6455601080459
10.8500000000000	89.5364493642181
10.8600000000000	89.4569448272521
10.8700000000000	89.4264623702159
10.8800000000000	89.4570126933205
10.8900000000000	89.5515741297864
10.9000000000000	89.7035824747940
10.9100000000000	89.8976121897336
10.9200000000000	90.1113137274066
10.9300000000000	90.3185701171483
10.9400000000000	90.4935948056515
10.9500000000000	90.6153589555200
10.9600000000000	90.6714595309462
10.9700000000000	90.6605056020407
10.9800000000000	90.5924063854639
10.9900000000000	90.4865026320250
11	90.3680511330236
11.0100000000000	90.2639076451266
11.0200000000000	90.1982649882672
11.0300000000000	90.1890802484351
11.0400000000000	90.2455450351037
11.0500000000000	90.3667574407471
11.0600000000000	90.5416833872615
11.0700000000000	90.7504899301820
11.0800000000000	90.9672845430305
11.0900000000000	91.1641077280672
11.1000000000000	91.3156895157742
11.1100000000000	91.4041071278656
11.1200000000000	91.4222813525280
11.1300000000000	91.3754075356809
11.1400000000000	91.2799427545677
11.1500000000000	91.1604511782075
11.1600000000000	91.0451359260517
11.1700000000000	90.9610576167246
11.1800000000000	90.9298770877042
11.1900000000000	90.9646445923714
11.2000000000000	91.0678861458039
11.2100000000000	91.2311048723978
11.2200000000000	91.4357898864109
11.2300000000000	91.6559923531552
11.2400000000000	91.8623642010033
11.2500000000000	92.0272114737563
11.2600000000000	92.1296842909924
11.2700000000000	92.1599343503259
11.2800000000000	92.1211555968810
11.2900000000000	92.0289487334779
11.3000000000000	91.9082148628069
11.3100000000000	91.7884323512985
11.3200000000000	91.6984354725427
11.3300000000000	91.6616754988552
11.3400000000000	91.6925982182134
11.3500000000000	91.7944506740847
11.3600000000000	91.9586610147749
11.3700000000000	92.1658946138363
11.3800000000000	92.3888480992512
11.3900000000000	92.5966564351525
11.4000000000000	92.7603996435713
11.4100000000000	92.8587133409138
11.4200000000000	92.8821933811689
11.4300000000000	92.8354085512780
11.4400000000000	92.7359556787495
11.4500000000000	92.6108587993251
11.4600000000000	92.4913155882519
11.4700000000000	92.4070419436695
11.4800000000000	92.3812699426729
11.4900000000000	92.4270551694001
11.5000000000000	92.5452076531741
11.5100000000000	92.7239962719583
11.5200000000000	92.9407353724359
11.5300000000000	93.1652839821080
11.5400000000000	93.3652191622094
11.5500000000000	93.5119611723662
11.5600000000000	93.5866075417997
11.5700000000000	93.5840023379020
11.5800000000000	93.5138878464991
11.5900000000000	93.3988171717110
11.6000000000000	93.2694700376913
11.6100000000000	93.1586479669901
11.6200000000000	93.0953076344254
11.6300000000000	93.0996506105152
11.6400000000000	93.1798368715472
11.6500000000000	93.3305792967823
11.6600000000000	93.5337601578190
11.6700000000000	93.7611608576768
11.6800000000000	93.9792158304475
11.6900000000000	94.1552698220285
11.7000000000000	94.2642182709904
11.7100000000000	94.2939538643884
11.7200000000000	94.2481004156192
11.7300000000000	94.1452242347634
11.7400000000000	94.0147948799017
11.7500000000000	93.8910856926398
11.7600000000000	93.8065551510306
11.7700000000000	93.7860227162609
11.7800000000000	93.8424554772767
11.7900000000000	93.9747562479199
11.8000000000000	94.1677395560239
11.8100000000000	94.3944150958228
11.8200000000000	94.6205530325116
11.8300000000000	94.8111014126598
11.8400000000000	94.9373833452998
11.8500000000000	94.9834150333683
11.8600000000000	94.9495897569436
11.8700000000000	94.8526138490906
11.8800000000000	94.7217459082652
11.8900000000000	94.5924984881673
11.9000000000000	94.4994875847562
11.9100000000000	94.4699583820528
11.9200000000000	94.5189833107091
11.9300000000000	94.6468246951689
11.9400000000000	94.8386891014698
11.9500000000000	95.0670085654374
11.9600000000000	95.2962286021044
11.9700000000000	95.4896494258150
11.9800000000000	95.6171608597698
11.9900000000000	95.6620541031096
12	95.6249768469775
12.0100000000000	95.5238078037706
12.0200000000000	95.3895242072956
12.0300000000000	95.2593608443951
12.0400000000000	95.1691224923640
12.0500000000000	95.1463141697749
12.0600000000000	95.2051555134147
12.0700000000000	95.3439991063082
12.0800000000000	95.5453938607945
12.0900000000000	95.7789263180547
12.1000000000000	96.0067597300759
12.1100000000000	96.1912523623002
12.1200000000000	96.3032316730728
12.1300000000000	96.3288447315565
12.1400000000000	96.2729458262531
12.1500000000000	96.1579450511915
12.1600000000000	96.0185315876280
12.1700000000000	95.8939199745371
12.1800000000000	95.8196800044972
12.1900000000000	95.8208351234830
12.2000000000000	95.9072262953169
12.2100000000000	96.0716039653706
12.2200000000000	96.2906718119009
12.2300000000000	96.5291708865710
12.2400000000000	96.7467421177182
12.2500000000000	96.9065746889579
12.2600000000000	96.9839525013368
12.2700000000000	96.9723219363078
12.2800000000000	96.8849613964672
12.2900000000000	96.7517246166341
12.3000000000000	96.6119659287832
12.3100000000000	96.5057731035959
12.3200000000000	96.4656654251534
12.3300000000000	96.5102709711738
12.3400000000000	96.6407697815023
12.3500000000000	96.8404555779984
12.3600000000000	97.0775900219303
12.3700000000000	97.3114771441617
12.3800000000000	97.5010663419543
12.3900000000000	97.6144284495823
12.4000000000000	97.6366339852116
12.4100000000000	97.5735900134950
12.4200000000000	97.4505627310811
12.4300000000000	97.3059310705497
12.4400000000000	97.1821926468532
12.4500000000000	97.1166848634472
12.4600000000000	97.1339773409283
12.4700000000000	97.2410564503365
12.4800000000000	97.4258126869949
12.4900000000000	97.6590704986182
12.5000000000000	97.9001783886921
12.5100000000000	98.1056197632750
12.5200000000000	98.2391127189433
12.5300000000000	98.2806624243048
12.5400000000000	98.2317861855890
12.5500000000000	98.1151498684407
12.5600000000000	97.9687847651207
12.5700000000000	97.8368409550489
12.5800000000000	97.7595649222180
12.5900000000000	97.7647874282929
12.6000000000000	97.8623016009547
12.6100000000000	98.0417746794293
12.6200000000000	98.2744838141868
12.6300000000000	98.5189229465535
12.6400000000000	98.7297573564228
12.6500000000000	98.8685459019463
12.6600000000000	98.9135280584365
12.6700000000000	98.8654346125357
12.6800000000000	98.7473275400305
12.6900000000000	98.5985699370690
12.7000000000000	98.4650116582298
12.7100000000000	98.3883124571733
12.7200000000000	98.3969003470591
12.7300000000000	98.5000726877446
12.7400000000000	98.6859409742962
12.7500000000000	98.9235279099818
12.7600000000000	99.1690325955599
12.7700000000000	99.3756078624670
12.7800000000000	99.5048052006606
12.7900000000000	99.5366593608283
12.8000000000000	99.4751639897629
12.8100000000000	99.3472130692704
12.8200000000000	99.1954396887769
12.8300000000000	99.0674343058046
12.8400000000000	99.0045210849539
12.8500000000000	99.0326527792402
12.8600000000000	99.1568910094723
12.8700000000000	99.3601338155839
12.8800000000000	99.6063673545671
12.8900000000000	99.8483288583966
12.9000000000000	100.038582261300
12.9100000000000	100.141632292734
12.9200000000000	100.143589400240
12.9300000000000	100.056099328937
12.9400000000000	99.9131273252436
12.9500000000000	99.7618251428976
12.9600000000000	99.6505777803153
12.9700000000000	99.6175843213428
12.9800000000000	99.6823761946533
12.9900000000000	99.8415231117695
13	100.069067730743
13.0100000000000	100.321857540813
13.0200000000000	100.549338816618
13.0300000000000	100.706148700164
13.0400000000000	100.764327664406
13.0500000000000	100.721251543151
13.0600000000000	100.600426332540
13.0700000000000	100.444894119232
13.0800000000000	100.305686774002
13.0900000000000	100.229023878723
13.1000000000000	100.245497278539
13.1100000000000	100.363214167817
13.1200000000000	100.565810447387
13.1300000000000	100.815700612960
13.1400000000000	101.062451689131
13.1500000000000	101.255143007495
13.1600000000000	101.355959489580
13.1700000000000	101.350950876554
13.1800000000000	101.254154266553
13.1900000000000	101.103546183887
13.2000000000000	100.950412060816
13.2100000000000	100.845831802653
13.2200000000000	100.828143181922
13.2300000000000	100.914050554453
13.2400000000000	101.094719814435
13.2500000000000	101.337418548116
13.2600000000000	101.592772467548
13.2700000000000	101.806813370563
13.2800000000000	101.935376045040
13.2900000000000	101.956742532149
13.3000000000000	101.878138275659
13.3100000000000	101.733618355974
13.3200000000000	101.574223870775
13.3300000000000	101.454016290898
13.3400000000000	101.416288826501
13.3500000000000	101.483189958360
13.3600000000000	101.650489140248
13.3700000000000	101.888220712207
13.3800000000000	102.147380561035
13.3900000000000	102.371983718093
13.4000000000000	102.514141511272
13.4100000000000	102.547945183331
13.4200000000000	102.477340582520
13.4300000000000	102.334970653013
13.4400000000000	102.172504067088
13.4500000000000	102.046104614150
13.4600000000000	102.001695802183
13.4700000000000	102.063654638334
13.4800000000000	102.228926951120
13.4900000000000	102.467416370878
13.5000000000000	102.728854963423
13.5100000000000	102.955430502543
13.5200000000000	103.097675540435
13.5300000000000	103.129101554887
13.5400000000000	103.054412637234
13.5500000000000	102.908090123413
13.5600000000000	102.743980679146
13.5700000000000	102.619874184375
13.5800000000000	102.582062743377
13.5900000000000	102.653716598272
13.6000000000000	102.829146241701
13.6100000000000	103.074818287406
13.6200000000000	103.337276180334
13.6300000000000	103.557011362294
13.6400000000000	103.685329777323
13.6500000000000	103.699159890360
13.6600000000000	103.608379399652
13.6700000000000	103.452737119181
13.6800000000000	103.289691935841
13.6900000000000	103.177803766245
13.7000000000000	103.160948505720
13.7100000000000	103.257145305894
13.7200000000000	103.453929382364
13.7300000000000	103.711035489870
13.7400000000000	103.970348015614
13.7500000000000	104.171650182863
13.7600000000000	104.270385702703
13.7700000000000	104.251665645112
13.7800000000000	104.135128680840
13.7900000000000	103.968687343812
13.8000000000000	103.813787831455
13.8100000000000	103.727653108847
13.8200000000000	103.747846744983
13.8300000000000	103.882584818001
13.8400000000000	104.108396801771
13.8500000000000	104.375673698875
13.8600000000000	104.621621643326
13.8700000000000	104.788207282295
13.8800000000000	104.840088843766
13.8900000000000	104.776129750123
13.9000000000000	104.629827634800
13.9100000000000	104.458543016415
13.9200000000000	104.325930742124
13.9300000000000	104.283723106951
13.9400000000000	104.357826007048
13.9500000000000	104.541474893396
13.9600000000000	104.796589179558
13.9700000000000	105.063454695761
13.9800000000000	105.277359607645
13.9900000000000	105.388236325365
14	105.376903266603
14.0100000000000	105.261537356619
14.0200000000000	105.091665155889
14.0300000000000	104.932293521072
14.0400000000000	104.844318180628
14.0500000000000	104.867384985667
14.0600000000000	105.009220467102
14.0700000000000	105.243307188652
14.0800000000000	105.515491210059
14.0900000000000	105.758830276753
14.1000000000000	105.913650535731
14.1100000000000	105.946824176284
14.1200000000000	105.863011172622
14.1300000000000	105.703126740643
14.1400000000000	105.530776712590
14.1500000000000	105.412263027959
14.1600000000000	105.397121883942
14.1700000000000	105.504386589082
14.1800000000000	105.717257133405
14.1900000000000	105.987181600114
14.2000000000000	106.247091506180
14.2100000000000	106.431391081320
14.2200000000000	106.497141503365
14.2300000000000	106.438738640577
14.2400000000000	106.289921689540
14.2500000000000	106.112292846452
14.2600000000000	105.975299804514
14.2700000000000	105.935125211353
14.2800000000000	106.018637257198
14.2900000000000	106.215830068305
14.3000000000000	106.482137277608
14.3100000000000	106.750628086102
14.3200000000000	106.952027839125
14.3300000000000	107.037222070998
14.3400000000000	106.994217852511
14.3500000000000	106.852443938509
14.3600000000000	106.672526945830
14.3700000000000	106.526081969351
14.3800000000000	106.473343675595
14.3900000000000	106.545518855649
14.4000000000000	106.735861140943
14.4100000000000	107.001133913403
14.4200000000000	107.273598762315
14.4300000000000	107.481535206797
14.4400000000000	107.572846503017
14.4500000000000	107.533312930565
14.4600000000000	107.391763674678
14.4700000000000	107.209882939843
14.4800000000000	107.061254573132
14.4900000000000	107.007925569992
14.5000000000000	107.081868156925
14.5100000000000	107.275656420164
14.5200000000000	107.544147826241
14.5300000000000	107.817279610182
14.5400000000000	108.021750992391
14.5500000000000	108.105648215724
14.5600000000000	108.056983264675
14.5700000000000	107.908139830926
14.5800000000000	107.724246763125
14.5900000000000	107.580766542729
14.6000000000000	107.539167066169
14.6100000000000	107.628297598584
14.6200000000000	107.835786389469
14.6300000000000	108.111172602106
14.6400000000000	108.380652933731
14.6500000000000	108.570609085919
14.6600000000000	108.633023697417