X   Y
0	0.976644273279025
0.0199999999999996	0.964818336175598
0.0399999999999992	0.966022896510704
0.0600000000000023	0.963758729067237
0.0800000000000019	0.971261200681633
0.100000000000001	0.957408567438495
0.120000000000001	0.964780000248712
0.140000000000001	0.966390189380132
0.160000000000000	0.963873922664440
0.180000000000000	0.971218058249139
0.199999999999999	0.957359151647143
0.219999999999999	0.964758107058555
0.240000000000002	0.966578016219648
0.260000000000002	0.965916962530217
0.280000000000001	0.972967813997768
0.300000000000001	0.957359977061062
0.320000000000000	0.965160325281743
0.340000000000000	0.966666923447191
0.359999999999999	0.965853589460603
0.379999999999999	0.972912276352684
0.400000000000002	0.957333671230939
0.420000000000002	0.964991599793236
0.440000000000001	0.966688058172906
0.460000000000001	0.975380523936415
0.480000000000000	0.972932893255459
0.500000000000000	0.957777417783189
0.520000000000000	0.965053324363214
0.539999999999999	0.966608252458819
0.560000000000002	0.975325972482786
0.580000000000002	0.973165488669089
0.600000000000001	0.957853574010127
0.620000000000001	0.957498444601824
0.640000000000001	0.970321483092309
0.660000000000000	0.975398321736306
0.680000000000000	0.973311481102115
0.699999999999999	0.957871017155162
0.719999999999999	0.957454484852581
0.740000000000002	0.970281282434993
0.760000000000002	0.975647268072185
0.780000000000001	0.973146083794471
0.800000000000001	0.953339071553426
0.820000000000000	0.960300797409511
0.840000000000000	0.970419737061081
0.859999999999999	0.975800933940674
0.879999999999999	0.973159499265558
0.900000000000002	0.953292696763293
0.920000000000002	0.960384997289491
0.940000000000001	0.970859538037077
0.960000000000001	0.975396146165960
0.980000000000000	0.976380510351472
1	0.953056078031215
1.02000000000000	0.960435792515215
1.04000000000000	0.970906497492648
1.06000000000000	0.975383945267943
1.08000000000000	0.976347534904253
1.10000000000000	0.953190845921242
1.12000000000000	0.960922395556398
1.14000000000000	0.970725948959843
1.16000000000000	0.969571912645738
1.18000000000000	0.976137292852259
1.20000000000000	0.953265718837378
1.22000000000000	0.960973302999689
1.24000000000000	0.963111542758570
1.26000000000000	0.969456048715040
1.28000000000000	0.976415779254049
1.30000000000000	0.953870237947454
1.32000000000000	0.961105036656618
1.34000000000000	0.962839320445608
1.36000000000000	0.969376251483941
1.38000000000000	0.976427479998631
1.40000000000000	0.954197223173120
1.42000000000000	0.965966667138587
1.44000000000000	0.962727866064341
1.46000000000000	0.969701951385216
1.48000000000000	0.977107172575992
1.50000000000000	0.954128786866914
1.52000000000000	0.965850849721772
1.54000000000000	0.962699756913954
1.56000000000000	0.970303429213975
1.58000000000000	0.976343970440611
1.60000000000000	0.964566491562487
1.62000000000000	0.965768947235492
1.64000000000000	0.963067444625878
1.66000000000000	0.970448297981670
1.68000000000000	0.976328971345182
1.70000000000000	0.964536798167466
1.72000000000000	0.965988941363840
1.74000000000000	0.963606980223204
1.76000000000000	0.971006098119948
1.78000000000000	0.957102042806692
1.80000000000000	0.964513463735003
1.82000000000000	0.966146059979982
1.84000000000000	0.963676617105314
1.86000000000000	0.972963251456632
1.88000000000000	0.957114439156933
1.90000000000000	0.964897229845158
1.92000000000000	0.966455760311733
1.94000000000000	0.965694657171392
1.96000000000000	0.972709909510733
1.98000000000000	0.957124869538623
2	0.964958182992424
2.02000000000000	0.960163258187176
2.04000000000000	0.958678813245146
2.06000000000000	0.964427367893141
2.08000000000000	0.948128452054771
2.10000000000000	0.948123947473805
2.12000000000000	0.954823110703538
2.14000000000000	0.961467043120088
2.16000000000000	0.957290646517864
2.18000000000000	0.940646297422810
2.20000000000000	0.943834929076632
2.22000000000000	0.951719847087496
2.24000000000000	0.952555167168406
2.26000000000000	0.954696768900700
2.28000000000000	0.939420205994337
2.30000000000000	0.947828501384743
2.32000000000000	0.948504567806793
2.34000000000000	0.953035715273524
2.36000000000000	0.955995686345479
2.38000000000000	0.947852147239677
2.40000000000000	0.949211771054918
2.42000000000000	0.950334152731327
2.44000000000000	0.955549896689994
2.46000000000000	0.958202648770359
2.48000000000000	0.950224466067369
2.50000000000000	0.951757342800558
2.52000000000000	0.952833698633985
2.54000000000000	0.958097473388442
2.56000000000000	0.946504944337317
2.58000000000000	0.952534522554747
2.60000000000000	0.954180696126064
2.62000000000000	0.954980067360599
2.64000000000000	0.960163596286971
2.66000000000000	0.948954504312095
2.68000000000000	0.954642390587011
2.70000000000000	0.956350178386379
2.72000000000000	0.956697817181979
2.74000000000000	0.961630980083635
2.76000000000000	0.965356937054979
2.78000000000000	0.956513282506066
2.80000000000000	0.957937079854538
2.82000000000000	0.958294635318598
2.84000000000000	0.963234304119308
2.86000000000000	0.967093506599073
2.88000000000000	0.957865025045132
2.90000000000000	0.959192999240906
2.92000000000000	0.959296727936732
2.94000000000000	0.964106379691468
2.96000000000000	0.968020181917182
2.98000000000000	0.958579333228697
3	0.959955143044384
3.02000000000000	0.959976678741391
3.04000000000000	0.964932969336604
3.06000000000000	0.954142358990735
3.08000000000000	0.958849130657128
3.10000000000000	0.960224501889956
3.12000000000000	0.960017876402230
3.14000000000000	0.964913099100540
3.16000000000000	0.954033810344160
3.18000000000000	0.958838703602410
3.20000000000000	0.960250613111394
3.22000000000000	0.960579309388337
3.24000000000000	0.968706848130182
3.26000000000000	0.953611022949403
3.28000000000000	0.958734583900021
3.30000000000000	0.959775715056500
3.32000000000000	0.969105881169211
3.34000000000000	0.967901918414094
3.36000000000000	0.952954673256051
3.38000000000000	0.957739592339683
3.40000000000000	0.958284515757955
3.42000000000000	0.967887277152689
3.44000000000000	0.966682477343618
3.46000000000000	0.951714232338707
3.48000000000000	0.956396098768440
3.50000000000000	0.957068293877347
3.52000000000000	0.966809943680916
3.54000000000000	0.965588179894685
3.56000000000000	0.950741633335201
3.58000000000000	0.955514609559771
3.60000000000000	0.956434007755678
3.62000000000000	0.966409560909841
3.64000000000000	0.965305809264428
3.66000000000000	0.950638850418260
3.68000000000000	0.955660751123550
3.70000000000000	0.956752075361989
3.72000000000000	0.966896547538581
3.74000000000000	0.965902151834048
3.76000000000000	0.951114433280988
3.78000000000000	0.956548497492723
3.80000000000000	0.958062094275590
3.82000000000000	0.958888612534845
3.84000000000000	0.966759040123290
3.86000000000000	0.951875067119487
3.88000000000000	0.957423896168074
3.90000000000000	0.958724455304579
3.92000000000000	0.958828273414064
3.94000000000000	0.963770794493023
3.96000000000000	0.952502371396237
3.98000000000000	0.957632777602727
4	0.958985157489328
4.02000000000000	0.958955647872233
4.04000000000000	0.963586925235194
4.06000000000000	0.967106937451447
4.08000000000000	0.950693508668868
4.10000000000000	0.959232742670052
4.12000000000000	0.959020669708709
4.14000000000000	0.963377865011413
4.16000000000000	0.966999541689050
4.18000000000000	0.951419744548535
4.20000000000000	0.955030923454981
4.22000000000000	0.959450840972417
4.24000000000000	0.963512708947650
4.26000000000000	0.967225879645040
4.28000000000000	0.951425427574397
4.30000000000000	0.955509009078967
4.32000000000000	0.963133820836975
4.34000000000000	0.969922924215167
4.36000000000000	0.967549892852183
4.38000000000000	0.951463590726568
4.40000000000000	0.955368619201495
4.42000000000000	0.963394785308558
4.44000000000000	0.970549491484784
4.46000000000000	0.969555381410491
4.48000000000000	0.951570574520402
4.50000000000000	0.955188448039110
4.52000000000000	0.962957507879651
4.54000000000000	0.970249559021518
4.56000000000000	0.969806084156703
4.58000000000000	0.954429050996975
4.60000000000000	0.955148118896697
4.62000000000000	0.959780845425624
4.64000000000000	0.969817031341966
4.66000000000000	0.969128243669571
4.68000000000000	0.954107794869674
4.70000000000000	0.958694722222202
4.72000000000000	0.959551126699027
4.74000000000000	0.960371001758102
4.76000000000000	0.968580581903677
4.78000000000000	0.953321023806319
4.80000000000000	0.958184022690114
4.82000000000000	0.959527977046726
4.84000000000000	0.959350339369437
4.86000000000000	0.964131467159935
4.88000000000000	0.952727748299472
4.90000000000000	0.957382548668301
4.92000000000000	0.958886234239089
4.94000000000000	0.958818551448450
4.96000000000000	0.963281210160086
4.98000000000000	0.966449770177985
5	0.957001790141048
5.02000000000000	0.958284845035665
5.04000000000000	0.958347614544234
5.06000000000000	0.962579633387305
5.08000000000000	0.966213974936888
5.10000000000000	0.949794106092639
5.12000000000000	0.953419549104661
5.14000000000000	0.958176023803353
5.16000000000000	0.962222236236282
5.18000000000000	0.965549825806674
5.20000000000000	0.949860697527494
5.22000000000000	0.953576471765607
5.24000000000000	0.961477615073979
5.26000000000000	0.962246132618865
5.28000000000000	0.965229088161837
5.30000000000000	0.949273545523254
5.32000000000000	0.953216753792032
5.34000000000000	0.961498686517190
5.36000000000000	0.968308981321513
5.38000000000000	0.965148897751019
5.40000000000000	0.948879020052269
5.42000000000000	0.952800927239686
5.44000000000000	0.960933091387437
5.46000000000000	0.968402924348140
5.48000000000000	0.966851931923010
5.50000000000000	0.948821421935791
5.52000000000000	0.952631405390355
5.54000000000000	0.960636462619008
5.56000000000000	0.967922860337894
5.58000000000000	0.967057620704970
5.60000000000000	0.951662254117548
5.62000000000000	0.952695552140557
5.64000000000000	0.957465286461766
5.66000000000000	0.967809006340725
5.68000000000000	0.966746905017504
5.70000000000000	0.951721000973329
5.72000000000000	0.956536559124597
5.74000000000000	0.957662762496415
5.76000000000000	0.967816407641723
5.78000000000000	0.966724934309117
5.80000000000000	0.951510794310599
5.82000000000000	0.956572381514992
5.84000000000000	0.958089185688458
5.86000000000000	0.958966043393927
5.88000000000000	0.966590207937473
5.90000000000000	0.951289809770996
5.92000000000000	0.956444666192457
5.94000000000000	0.957976259913489
5.96000000000000	0.958068905267292
5.98000000000000	0.962771878081933
6	0.951057310641185
6.02000000000000	0.955947658933855
6.04000000000000	0.957578921147657
6.06000000000000	0.958024137349708
6.08000000000000	0.962674798611958
6.10000000000000	0.950868997221973
6.12000000000000	0.955733086072137
6.14000000000000	0.957404298332692
6.16000000000000	0.957907898890254
6.18000000000000	0.962558444027647
6.20000000000000	0.964728505990424
6.22000000000000	0.955619818120539
6.24000000000000	0.957068162308381
6.26000000000000	0.957508805734220
6.28000000000000	0.962044158828157
6.30000000000000	0.964893836478920
6.32000000000000	0.955620118237791
6.34000000000000	0.957058067998255
6.36000000000000	0.957528048339897
6.38000000000000	0.962085478601042
6.40000000000000	0.964957996076586
6.42000000000000	0.955713897569575
6.44000000000000	0.957155655653285
6.46000000000000	0.957609311144259
6.48000000000000	0.962179779003273
6.50000000000000	0.965086720511650
6.52000000000000	0.955867545442712
6.54000000000000	0.957302534272977
6.56000000000000	0.957569833531788
6.58000000000000	0.961797591101309
6.60000000000000	0.965254685960581
6.62000000000000	0.948894006034039
6.64000000000000	0.957501607273050
6.66000000000000	0.957594097800908
6.68000000000000	0.961892120734173
6.70000000000000	0.965425552102447
6.72000000000000	0.949065525023924
6.74000000000000	0.957646183393215
6.76000000000000	0.957719748779095
6.78000000000000	0.962015717269739
6.80000000000000	0.965574053942290
6.82000000000000	0.949216474022883
6.84000000000000	0.957776126288520
6.86000000000000	0.957845297613242
6.88000000000000	0.962138302907677
6.90000000000000	0.965730131398761
6.92000000000000	0.949384207284898
6.94000000000000	0.957931878416021
6.96000000000000	0.957993758729957
6.98000000000000	0.962291927071174
7	0.965411196304661
7.02000000000000	0.949703228061681
7.04000000000000	0.953512784581204
7.06000000000000	0.958234531130844
7.08000000000000	0.962217763429784
7.10000000000000	0.965553174297177
7.12000000000000	0.949946586187391
7.14000000000000	0.953767341001190
7.16000000000000	0.958426431554401
7.18000000000000	0.962412031003317
7.20000000000000	0.965777767433853
7.22000000000000	0.950152021492437
7.24000000000000	0.953965591338061
7.26000000000000	0.958573614353555
7.28000000000000	0.962554550274332
7.30000000000000	0.965934112900065
7.32000000000000	0.950288138565969
7.34000000000000	0.954081909886131
7.36000000000000	0.958658442840416
7.38000000000000	0.962627547756473
7.40000000000000	0.966013668729051
7.42000000000000	0.949962709416012
7.44000000000000	0.954168055065788
7.46000000000000	0.962056635645095
7.48000000000000	0.962746809838226
7.50000000000000	0.965801177091548
7.52000000000000	0.949905898613822
7.54000000000000	0.954205306693030
7.56000000000000	0.962103336251771
7.58000000000000	0.962793136954352
7.60000000000000	0.965855615418461
7.62000000000000	0.949963403282013
7.64000000000000	0.954261660865467
7.66000000000000	0.962157108007463
7.68000000000000	0.962852259678691
7.70000000000000	0.965927770702037
7.72000000000000	0.950033255952971
7.74000000000000	0.954018182347790
7.76000000000000	0.962271140687624
7.78000000000000	0.969080764391259
7.80000000000000	0.966095196490679
7.82000000000000	0.949878702085694
7.84000000000000	0.953964500198046
7.86000000000000	0.962312205712438
7.88000000000000	0.969137907174716
7.90000000000000	0.966134167303052
7.92000000000000	0.949902410650339
7.94000000000000	0.953981397006096
7.96000000000000	0.962319571862510
7.98000000000000	0.969138524025395
8	0.967901522133313
8.02000000000000	0.949954413920321
8.04000000000000	0.953797292208054
8.06000000000000	0.961908191454349
8.08000000000000	0.969417251583993
8.10000000000000	0.968022357199831
8.12000000000000	0.949965008962536
8.14000000000000	0.953734040173508
8.16000000000000	0.961839369332870
8.18000000000000	0.969350143749342
8.20000000000000	0.967954120483876
8.22000000000000	0.949900692261767
8.24000000000000	0.953756014941304
8.26000000000000	0.961694300525221
8.28000000000000	0.968959933263644
8.30000000000000	0.968209122136933
8.32000000000000	0.952818395668752
8.34000000000000	0.953824949209002
8.36000000000000	0.961569734050887
8.38000000000000	0.968851470351512
8.40000000000000	0.968129853228645
8.42000000000000	0.952746935298151
8.44000000000000	0.953757240475509
8.46000000000000	0.961506416707673
8.48000000000000	0.968790362381027
8.50000000000000	0.968050226669247
8.52000000000000	0.952731558101650
8.54000000000000	0.957475868129789
8.56000000000000	0.958602409311406
8.58000000000000	0.968629839028667
8.60000000000000	0.967617582633163
8.62000000000000	0.952605869007457
8.64000000000000	0.957436080094216
8.66000000000000	0.958519531501829
8.68000000000000	0.968527956751408
8.70000000000000	0.967490290191414
8.72000000000000	0.952476027672436
8.74000000000000	0.957308060863146
8.76000000000000	0.958388547168935
8.78000000000000	0.968403602067131
8.80000000000000	0.967342430018028
8.82000000000000	0.952116198924773
8.84000000000000	0.957154515083574
8.86000000000000	0.958674205022302
8.88000000000000	0.959447747261763
8.90000000000000	0.967127655637722
8.92000000000000	0.951845718794213
8.94000000000000	0.956978384039043
8.96000000000000	0.958554582264085
8.98000000000000	0.959350163151036
9	0.966999871853298
9.02000000000000	0.951716998900178
9.04000000000000	0.956864065023940
9.06000000000000	0.958451505311064
9.08000000000000	0.959264045341046
9.10000000000000	0.966898233769668
9.12000000000000	0.951616908966724
9.14000000000000	0.956780954650914
9.16000000000000	0.958372027893316
9.18000000000000	0.959194176437871
9.20000000000000	0.966814845096890
9.22000000000000	0.951532507636378
9.24000000000000	0.956710116050619
9.26000000000000	0.958301201601083
9.28000000000000	0.959130230204982
9.30000000000000	0.966737578897680
9.32000000000000	0.951453811051695
9.34000000000000	0.956449403322970
9.36000000000000	0.958062258603206
9.38000000000000	0.958404565951916
9.40000000000000	0.963045584524272
9.42000000000000	0.951346933060598
9.44000000000000	0.956263510471326
9.46000000000000	0.957962684251480
9.48000000000000	0.958367793411426
9.50000000000000	0.963009740371712
9.52000000000000	0.951296636944892
9.54000000000000	0.956211356306700
9.56000000000000	0.957920282603779
9.58000000000000	0.958340356036386
9.60000000000000	0.962984576291118
9.62000000000000	0.951271041922153
9.64000000000000	0.956190320503873
9.66000000000000	0.957907156081040
9.68000000000000	0.958335260651304
9.70000000000000	0.962983470498597
9.72000000000000	0.951273598711822
9.74000000000000	0.956199281477385
9.76000000000000	0.957920553814326
9.78000000000000	0.958349833106503
9.80000000000000	0.963003292317679
9.82000000000000	0.951300170311552
9.84000000000000	0.956231969174002
9.86000000000000	0.957954469627079
9.88000000000000	0.958379893013342
9.90000000000000	0.963038841800540
9.92000000000000	0.951344455554690
9.94000000000000	0.956279688267075
9.96000000000000	0.958001845092107
9.98000000000000	0.958421310449942
10	0.963084947506085
10.0200000000000	0.951400420499081
10.0400000000000	0.956334778989233
10.0600000000000	0.958056806914533
10.0800000000000	0.959244239968961
10.1000000000000	0.966841190936370
10.1200000000000	0.951503645104293
10.1400000000000	0.956688433671542
10.1600000000000	0.958318762377195
10.1800000000000	0.959181702457170
10.2000000000000	0.966828898986179
10.2200000000000	0.951569813857500
10.2400000000000	0.956769614376781
10.2600000000000	0.958393717835449
10.2800000000000	0.959243351703047
10.3000000000000	0.966905495854612
10.3200000000000	0.951652111172124
10.3400000000000	0.956848616195590
10.3600000000000	0.958473612374677
10.3800000000000	0.959315957203842
10.4000000000000	0.966997527682291
10.4200000000000	0.951747814428536
10.4400000000000	0.956941787041258
10.4600000000000	0.958565321392912
10.4800000000000	0.959397578737859
10.5000000000000	0.967099464613609
10.5200000000000	0.951851558592462
10.5400000000000	0.957042676576654
10.5600000000000	0.958661773401070
10.5800000000000	0.959481185021935
10.6000000000000	0.967201561413063
10.6200000000000	0.951953510255842
10.6400000000000	0.957138969183966
10.6600000000000	0.958752241243607
10.6800000000000	0.959558432764952
10.7000000000000	0.967294569307423
10.7200000000000	0.952045616774951
10.7400000000000	0.957222313670588
10.7600000000000	0.958830758917408
10.7800000000000	0.959625728760893
10.8000000000000	0.967375727208889
10.8200000000000	0.952126446679145
10.8400000000000	0.957293429104224
10.8600000000000	0.958899010229369
10.8800000000000	0.959685129628254
10.9000000000000	0.967448100770477
10.9200000000000	0.952199229769278
10.9400000000000	0.957357993357692
10.9600000000000	0.958961535786398
10.9800000000000	0.959739699191865
11	0.967514662525003
11.0200000000000	0.952265955106634
11.0400000000000	0.957418761820513
11.0600000000000	0.959019268245026
11.0800000000000	0.959788929585722
11.1000000000000	0.967573849012697
11.1200000000000	0.952324068315433
11.1400000000000	0.957472266752639
11.1600000000000	0.959068066853650
11.1800000000000	0.959828779655436
11.2000000000000	0.967620552205441
11.2200000000000	0.952368377524732
11.2400000000000	0.957512103845215
11.2600000000000	0.959102437231711
11.2800000000000	0.959855171482629
11.3000000000000	0.967650229036649
11.3200000000000	0.952395040494912
11.3400000000000	0.957533994294827
11.3600000000000	0.959119573798217
11.3800000000000	0.959866728054845
11.4000000000000	0.967661612319758
11.4200000000000	0.952403558893580
11.4400000000000	0.957537841842691
11.4600000000000	0.959120254162570
11.4800000000000	0.959864723664882
11.5000000000000	0.967656450675095
11.5200000000000	0.952396037582580
11.5400000000000	0.957526550426054
11.5600000000000	0.959107310161963
11.5800000000000	0.959851552789390
11.6000000000000	0.967637835456189
11.6200000000000	0.952375501209884
11.6400000000000	0.957503939897842
11.6600000000000	0.959083886692548
11.6800000000000	0.959829496051885
11.7000000000000	0.967608706542999
11.7200000000000	0.952344575603023
11.7400000000000	0.957473060413427
11.7600000000000	0.959052260906262
11.7800000000000	0.959800048034227
11.8000000000000	0.967570792891146
11.8200000000000	0.952304616040234
11.8400000000000	0.957434971999718
11.8600000000000	0.959013064177938
11.8800000000000	0.959763526811136
11.9000000000000	0.967524139084058
11.9200000000000	0.952255489719081
11.9400000000000	0.957388574709261
11.9600000000000	0.958965420484692
11.9800000000000	0.959719389557420
12	0.967467914762683
12.0200000000000	0.952196622138998
12.0400000000000	0.957332338664623
12.0600000000000	0.958908603617169
12.0800000000000	0.959667614681809
12.1000000000000	0.963498602145389
12.1200000000000	0.952105211137714
12.1400000000000	0.956984958165318
12.1600000000000	0.958644338692221
12.1800000000000	0.958947331431420
12.2000000000000	0.963618238928375
12.2200000000000	0.952017981418699
12.2400000000000	0.956881920476826
12.2600000000000	0.958571224212697
12.2800000000000	0.958893658111151
12.3000000000000	0.963558093786073
12.3200000000000	0.951945071675480
12.3400000000000	0.956814255311863
12.3600000000000	0.958506142189601
12.3800000000000	0.958838050491021
12.4000000000000	0.963499911576836
12.4200000000000	0.951876076053603
12.4400000000000	0.956751050688362
12.4600000000000	0.958444704506973
12.4800000000000	0.958785391556085
12.5000000000000	0.963445455467598
12.5200000000000	0.951811083162674
12.5400000000000	0.956692084592900
12.5600000000000	0.958386964529515
12.5800000000000	0.958735539484841
12.6000000000000	0.963394006423363
12.6200000000000	0.951749909436663
12.6400000000000	0.956636453755035
12.6600000000000	0.958332692535581
12.6800000000000	0.958689007814974
12.7000000000000	0.963346052185564
12.7200000000000	0.951693556548903
12.7400000000000	0.956584820403396
12.7600000000000	0.958283202762768
12.7800000000000	0.958647553649496
12.8000000000000	0.963303584527918
12.8200000000000	0.951644406858337
12.8400000000000	0.956539762625187
12.8600000000000	0.958241110777311
12.8800000000000	0.958613355244022
12.9000000000000	0.963269051699244
12.9200000000000	0.951605184107516
12.9400000000000	0.956504439402234
12.9600000000000	0.958209041764567
12.9800000000000	0.958588052997045
13	0.963244267406125
13.0200000000000	0.951577850559226
13.0400000000000	0.956481091318497
13.0600000000000	0.958188586491803
13.0800000000000	0.959347666040095
13.1000000000000	0.966953306604583
13.1200000000000	0.951602691057856
13.1400000000000	0.956764723800937
13.1600000000000	0.958381078073646
13.1800000000000	0.959223528544403
13.2000000000000	0.966867171830369
13.2200000000000	0.951594082652493
13.2400000000000	0.956780345572775
13.2600000000000	0.958390025711704
13.2800000000000	0.959225053023310
13.3000000000000	0.966870114181044
13.3200000000000	0.951601022013640
13.3400000000000	0.956790476870612
13.3600000000000	0.958400889546499
13.3800000000000	0.959235447670851
13.4000000000000	0.966885039646005
13.4200000000000	0.951618414252408
13.4400000000000	0.956808484435946
13.4600000000000	0.958419830540754
13.4800000000000	0.959253683061514
13.5000000000000	0.966909402682015
13.5200000000000	0.951645254667093
13.5400000000000	0.956834847311246
13.5600000000000	0.958447118381228
13.5800000000000	0.959279376072657
13.6000000000000	0.966942675639406
13.6200000000000	0.951680966800161
13.6400000000000	0.956869563376798
13.6600000000000	0.958482313365584
13.6800000000000	0.959311733449542
13.7000000000000	0.966984032907906
13.7200000000000	0.951724504358318
13.7400000000000	0.956911855214853
13.7600000000000	0.958524284429217
13.7800000000000	0.959349511016148
13.8000000000000	0.967031880907660
13.8200000000000	0.951774097400163
13.8400000000000	0.956959824828444
13.8600000000000	0.958571074676763
13.8800000000000	0.959390964284529
13.9000000000000	0.967083801573280
13.9200000000000	0.952035902431385
13.9400000000000	0.957015103432654
13.9600000000000	0.958189681739122
13.9800000000000	0.968263421028021
14	0.967199802246254
14.0200000000000	0.952211096178520
14.0400000000000	0.957097825631710
14.0600000000000	0.958225998255528
14.0800000000000	0.968294378841974
14.1000000000000	0.967249499027697
14.1200000000000	0.952266156289801
14.1400000000000	0.957147521408982
14.1600000000000	0.958272128405596
14.1800000000000	0.968334847903880
14.2000000000000	0.967299444299302
14.2200000000000	0.952317119149370
14.2400000000000	0.957193539789230
14.2600000000000	0.958316496319076
14.2800000000000	0.968374455217584
14.3000000000000	0.967347830302614
14.3200000000000	0.952366057636956
14.3400000000000	0.957238070622109
14.3600000000000	0.958359353091482
14.3800000000000	0.968412641433973
14.4000000000000	0.967393656193479
14.4200000000000	0.952412009790004
14.4400000000000	0.957280156830486
14.4600000000000	0.958399174639355
14.4800000000000	0.968447653514250
14.5000000000000	0.967434731690923
14.5200000000000	0.952452632117223
14.5400000000000	0.957317065424081
14.5600000000000	0.958433302450021
14.5800000000000	0.968477037124957
14.6000000000000	0.967468619917806
14.6200000000000	0.952485607786995
14.6400000000000	0.957346262357359
14.6600000000000	0.958459690241628
14.6800000000000	0.968499140322723
14.7000000000000	0.967493938704725
14.7200000000000	0.952509849312112
14.7400000000000	0.957366815694995
14.7600000000000	0.958477839978003
14.7800000000000	0.968513729438534
14.8000000000000	0.967510630555402
14.8200000000000	0.952525516363384
14.8400000000000	0.957379219474484
14.8600000000000	0.958488345535795
14.8800000000000	0.968521471301150
14.9000000000000	0.967519321631627
14.9200000000000	0.952533252609556
14.9400000000000	0.957384392591435
14.9600000000000	0.958491957902820
14.9800000000000	0.968523132865896
15	0.967520625702362
15.0200000000000	0.952533552625706
15.0400000000000	0.957382973392025
15.0600000000000	0.958489092014006
15.0800000000000	0.968519143452513
15.1000000000000	0.967514844779532
15.1200000000000	0.952526595584908
15.1400000000000	0.957375154984828
15.1600000000000	0.958479815231299
15.1800000000000	0.968509513259326
15.2000000000000	0.967501972376933
15.2200000000000	0.952512350115238
15.2400000000000	0.957360770162947
15.2600000000000	0.958464002642096
15.2800000000000	0.968493984711229
15.3000000000000	0.967481909131627
15.3200000000000	0.952490829670894
15.3400000000000	0.957339592205449
15.3600000000000	0.958441643259712
15.3800000000000	0.968472474628150
15.4000000000000	0.967454926299392
15.4200000000000	0.952462518058667
15.4400000000000	0.953624982557613
15.4600000000000	0.961332582635468
15.4800000000000	0.968538500377854
15.5000000000000	0.967742321429985
15.5200000000000	0.952375580751181
15.5400000000000	0.953449488066630
15.5600000000000	0.961232241846068
15.5800000000000	0.968508774577187
15.6000000000000	0.967720592600402
15.6200000000000	0.952344480673142
15.6400000000000	0.953413765509333
15.6600000000000	0.961197883032261
15.6800000000000	0.968475275302647
15.7000000000000	0.967682307508314
15.7200000000000	0.952305656428134
15.7400000000000	0.953377817339838
15.7600000000000	0.961165293175478
15.7800000000000	0.968442764201337
15.8000000000000	0.967643863943890
15.8200000000000	0.952266806326424
15.8400000000000	0.953342936939332
15.8600000000000	0.961134030030963
15.8800000000000	0.968411470063754
15.9000000000000	0.967606424553039
15.9200000000000	0.952229110678419
15.9400000000000	0.953309462139693
15.9600000000000	0.961103885794365
15.9800000000000	0.968381047116651
16	0.967569907632118
16.0200000000000	0.952192427525795
16.0400000000000	0.953276779680181
16.0600000000000	0.961074381332565
16.0800000000000	0.968351274862525
16.1000000000000	0.967534525950368
16.1200000000000	0.952157038430307
16.1400000000000	0.953245134075428
16.1600000000000	0.961046040452792
16.1800000000000	0.968323013533818
16.2000000000000	0.967501536920096
16.2200000000000	0.952124350307997
16.2400000000000	0.953216131357504
16.2600000000000	0.961020464442765
16.2800000000000	0.968297924134088
16.3000000000000	0.967472753009423
16.3200000000000	0.952096243355728
16.3400000000000	0.953191683397723
16.3600000000000	0.960999283950200
16.3800000000000	0.968277469332733
16.4000000000000	0.967449601181061
16.4200000000000	0.952074050641743
16.4400000000000	0.953172871362809
16.4600000000000	0.960983314316231
16.4800000000000	0.968262339891214
16.5000000000000	0.967432717578015
16.5200000000000	0.952058222329129
16.5400000000000	0.953159852648357
16.5600000000000	0.960972615647791
16.5800000000000	0.968252602183879
16.6000000000000	0.967422151096327
16.6200000000000	0.952048660929093
16.6400000000000	0.953152424555792
16.6600000000000	0.960966962329918
16.6800000000000	0.968248023585666
16.7000000000000	0.967417648810513
16.7200000000000	0.952045087357947
16.7400000000000	0.953150346279327
16.7600000000000	0.960966068680248
16.7800000000000	0.968248210950953
16.8000000000000	0.967418800136870
16.8200000000000	0.952047171551301
16.8400000000000	0.953153302837555
16.8600000000000	0.960969609323215
16.8800000000000	0.968252746975151
16.9000000000000	0.967425223489454
16.9200000000000	0.952054634223822
16.9400000000000	0.953160976739946
16.9600000000000	0.960977356478216
16.9800000000000	0.968496253655941
17	0.967078756535170
17.0200000000000	0.949120646440066
17.0400000000000	0.952935824791080
17.0600000000000	0.961125968536123
17.0800000000000	0.968629346182248
17.1000000000000	0.967117380009016
17.1200000000000	0.949123047697488
17.1400000000000	0.952942005181248
17.1600000000000	0.961139882770819
17.1800000000000	0.968648248649144
17.2000000000000	0.967140184829895
17.2200000000000	0.949143882710395
17.2400000000000	0.952962114197821
17.2600000000000	0.961158995663952
17.2800000000000	0.968669134394557
17.3000000000000	0.967165703185923
17.3200000000000	0.949168531485163
17.3400000000000	0.952986602067796
17.3600000000000	0.961181719217303
17.3800000000000	0.968692969947158
17.4000000000000	0.967194345376059
17.4200000000000	0.949196409766019
17.4400000000000	0.953013886274494
17.4600000000000	0.961206450580709
17.4800000000000	0.968718289806975
17.5000000000000	0.967224502306033
17.5200000000000	0.949225658565491
17.5400000000000	0.953041959421978
17.5600000000000	0.961231433489807
17.5800000000000	0.968743536469533
17.6000000000000	0.967254499661184
17.6200000000000	0.949254430931818
17.6400000000000	0.953069286467694
17.6600000000000	0.961255545098901
17.6800000000000	0.968767851729692
17.7000000000000	0.967283399462929
17.7200000000000	0.949281883830038
17.7400000000000	0.953095339545723
17.7600000000000	0.961278476824836
17.7800000000000	0.968790974334024
17.8000000000000	0.965548019158687
17.8200000000000	0.949238904192726
17.8400000000000	0.953279041493533
17.8600000000000	0.961683195810688
17.8800000000000	0.968499440379082
17.9000000000000	0.965404703711219
17.9200000000000	0.949205544209718
17.9400000000000	0.953310324521673
17.9600000000000	0.961716579448525
17.9800000000000	0.968523539518452
18	0.965426026767072
18.0200000000000	0.949224403575496
18.0400000000000	0.953328718281606
18.0600000000000	0.961733474388590
18.0800000000000	0.968540280357617
18.1000000000000	0.965444247414166
18.1200000000000	0.949241529702026
18.1400000000000	0.953344790566597
18.1600000000000	0.961747504225723
18.1800000000000	0.968553875862510
18.2000000000000	0.965459225789406
18.2200000000000	0.949255722288850
18.2400000000000	0.953358040062681
18.2600000000000	0.961758822247211
18.2800000000000	0.968564557428775
18.3000000000000	0.965470934256811
18.3200000000000	0.949266370115775
18.3400000000000	0.953367669106671
18.3600000000000	0.961766644229598
18.3800000000000	0.968571481587932
18.4000000000000	0.965478164162094
18.4200000000000	0.949272336084597
18.4400000000000	0.953372555333369
18.4600000000000	0.961770064391319
18.4800000000000	0.968573891020679
18.5000000000000	0.965479965623242
18.5200000000000	0.949273064875670
18.5400000000000	0.953372380392241
18.5600000000000	0.961769050143799
18.5800000000000	0.968571957171996
18.6000000000000	0.965476719457600
18.6200000000000	0.949269149284379
18.6400000000000	0.953367913404518
18.6600000000000	0.961764429197120
18.6800000000000	0.968566543949066
18.7000000000000	0.965469618304275
18.7200000000000	0.949261636382634
18.7400000000000	0.953360143882936
18.7600000000000	0.961757023679182
18.7800000000000	0.968558371481225
18.8000000000000	0.965459433752616
18.8200000000000	0.949251078397808
18.8400000000000	0.953349485031689
18.8600000000000	0.961747098536220
18.8800000000000	0.968547655139339
18.9000000000000	0.965446166440156
18.9200000000000	0.949237469583468
18.9400000000000	0.953335930570378
18.9600000000000	0.961734649197033
18.9800000000000	0.968534457777772
19	0.965429763755738
19.0200000000000	0.949220896031697
19.0400000000000	0.953319675552966
19.0600000000000	0.961719907136286
19.0800000000000	0.968519076325924
19.1000000000000	0.965410737956276
19.1200000000000	0.949201916348122
19.1400000000000	0.953301294520973
19.1600000000000	0.961703381879210
19.1800000000000	0.968501994173047
19.2000000000000	0.965389958343580
19.2200000000000	0.949181315985123
19.2400000000000	0.953597932603463
19.2600000000000	0.961637608653355
19.2800000000000	0.962320169788110
19.3000000000000	0.965263599536647
19.3200000000000	0.949369969844061
19.3400000000000	0.953687885720604
19.3600000000000	0.961623944778555
19.3800000000000	0.962285221839753
19.4000000000000	0.965232684596737
19.4200000000000	0.949346445873712
19.4400000000000	0.953667797520299
19.4600000000000	0.961606304935925
19.4800000000000	0.962266451510087
19.5000000000000	0.965209204401294
19.5200000000000	0.949324199072506
19.5400000000000	0.953647385151589
19.5600000000000	0.961588714772520
19.5800000000000	0.962248830009806
19.6000000000000	0.965188296268621
19.6200000000000	0.949304780257350
19.6400000000000	0.953629706404215
19.6600000000000	0.961573661802934
19.6800000000000	0.962234103334717
19.7000000000000	0.965170973892496
19.7200000000000	0.949288609529671
19.7400000000000	0.953615103109556
19.7600000000000	0.961561260720154
19.7800000000000	0.962221982067386
19.8000000000000	0.965156548161975
19.8200000000000	0.949274902435947
19.8400000000000	0.953602654388661
19.8600000000000	0.961550582286151
19.8800000000000	0.962211346347253
19.9000000000000	0.965143850994678
19.9200000000000	0.949262859877140
19.9400000000000	0.953591708994362
19.9600000000000	0.961541194014496
19.9800000000000	0.962201967105052
20	0.965132900622451
20.0200000000000	0.949252799279742
20.0400000000000	0.953582764704639
20.0600000000000	0.961533711910091
20.0800000000000	0.962194781876995
20.1000000000000	0.965124857256929
20.1200000000000	0.949245800076847
20.1400000000000	0.953576864357313
20.1600000000000	0.961529076249521
20.1800000000000	0.962190771740621
20.2000000000000	0.965120705251227
20.2200000000000	0.949242596835516
20.2400000000000	0.953574587617889
20.2600000000000	0.961527712308074
20.2800000000000	0.962190074666990
20.3000000000000	0.965120467679375
20.3200000000000	0.949243121420692
20.3400000000000	0.953575835039349
20.3600000000000	0.961529472345139
20.3800000000000	0.962192237171205
20.4000000000000	0.965123620094559
20.4200000000000	0.949246921683079
20.4400000000000	0.953593618087572
20.4600000000000	0.958261450945053
20.4800000000000	0.962113642679026
20.5000000000000	0.965370999021477
20.5200000000000	0.949752942735455
20.5400000000000	0.953553703191139
20.5600000000000	0.958188170663501
20.5800000000000	0.962105813154907
20.6000000000000	0.965391680221333
20.6200000000000	0.949768201273981
20.6400000000000	0.953561140782870
20.6600000000000	0.958193689286052
20.6800000000000	0.962113840373505
20.7000000000000	0.965402295829114
20.7200000000000	0.949778454654697
20.7400000000000	0.953571100111027
20.7600000000000	0.958202889650844
20.7800000000000	0.962123732696531
20.8000000000000	0.965414474608307
20.8200000000000	0.949790724561355
20.8400000000000	0.953583290904917
20.8600000000000	0.958214166374629
20.8800000000000	0.962135655402049
20.9000000000000	0.965429072279336
20.9200000000000	0.949805297468689
20.9400000000000	0.953597631586278
20.9600000000000	0.958227115351614
20.9800000000000	0.962149206489384
21	0.965445472886342
21.0200000000000	0.949821429588272
21.0400000000000	0.953613436383739
21.0600000000000	0.958240904989336
21.0800000000000	0.962163429477995
21.1000000000000	0.965462520636850
21.1200000000000	0.949838039737022
21.1400000000000	0.953629681010857
21.1600000000000	0.958254672487598
21.1800000000000	0.962177471895916
21.2000000000000	0.965479260345101
21.2200000000000	0.949854242316095
21.2400000000000	0.953645408516570
21.2600000000000	0.958267823351948
21.2800000000000	0.962190807160132
21.3000000000000	0.965495081468524
21.3200000000000	0.949869433654929
21.3400000000000	0.953659893904205
21.3600000000000	0.958279970554712
21.3800000000000	0.962365809954039
21.4000000000000	0.966082624439328
21.4200000000000	0.949777680534473
21.4400000000000	0.958292478962715
21.4600000000000	0.958224501133310
21.4800000000000	0.962476670899654
21.5000000000000	0.966140074682384
21.5200000000000	0.949782716896188
21.5400000000000	0.958290813517156
21.5600000000000	0.958231291381099
21.5800000000000	0.962487719687130
21.6000000000000	0.966150878884827
21.6200000000000	0.949791471516341
21.6400000000000	0.958298782211611
21.6600000000000	0.958238718525544
21.6800000000000	0.962494829876484
21.7000000000000	0.966158758432308
21.7200000000000	0.949799213428117
21.7400000000000	0.958306271771284
21.7600000000000	0.958245252289218
21.7800000000000	0.962501085968506
21.8000000000000	0.966165797010360
21.8200000000000	0.949805987787854
21.8400000000000	0.958312740991504
21.8600000000000	0.958250662610535
21.8800000000000	0.962506286876726
21.9000000000000	0.966171312062988
21.9200000000000	0.949810833142424
21.9400000000000	0.958317033293614
21.9600000000000	0.958253963266146
21.9800000000000	0.962509134648082
22	0.966173802602618
22.0200000000000	0.981083808115865
22.0400000000000	0.963372911791708
22.0600000000000	0.969552072123053
22.0800000000000	0.967487061867599
22.1000000000000	0.965768388254095
22.1200000000000	0.942223793487364
22.1400000000000	0.968533722213023
22.1600000000000	0.973274960239256
22.1800000000000	0.957505995584439
22.2000000000000	0.951752942269615
22.2200000000000	0.950595111150688
22.2400000000000	0.949281491887270
22.2600000000000	0.945523960728955
22.2800000000000	0.933772876047279
22.3000000000000	0.932178666694427
22.3200000000000	0.926625618808667
22.3400000000000	0.925592493446269
22.3600000000000	0.922304224418305
22.3800000000000	0.904390413341533
22.4000000000000	0.877360268071547
22.4200000000000	0.910099043387208
22.4400000000000	0.898055086271143
22.4600000000000	0.919062419491103
22.4800000000000	0.878144378143944
22.5000000000000	0.878651823435303
22.5200000000000	0.872404100780446
22.5400000000000	0.894433661571233
22.5600000000000	0.859060778129536
22.5800000000000	0.858083413177214
22.6000000000000	0.848768536007216
22.6200000000000	0.873612443056621
22.6400000000000	0.844684363989658
22.6600000000000	0.841762063659745
22.6800000000000	0.834160174680833
22.7000000000000	0.865735664511530
22.7200000000000	0.840616883163054
22.7400000000000	0.843331085385937
22.7600000000000	0.839479091104209
22.7800000000000	0.880803696884761
22.8000000000000	0.853330451287446
22.8200000000000	0.870614278412760
22.8400000000000	0.872373248479175
22.8600000000000	0.922490025326943
22.8800000000000	0.899914670942216
22.9000000000000	0.920093407232752
22.9200000000000	0.926424858578044
22.9400000000000	0.937620817752189
22.9600000000000	0.949270576815974
22.9800000000000	0.960396141417625
23	0.968760216318400
23.0200000000000	0.993644695989512
23.0400000000000	0.984976161372130
23.0600000000000	0.992032158366280
23.0800000000000	0.981587665822551
23.1000000000000	0.945837673636916
23.1200000000000	0.974985551948753
23.1400000000000	0.961644858549202
23.1600000000000	0.944722360512352
23.1800000000000	0.936992051592598
23.2000000000000	0.930026525588504
23.2200000000000	0.921971344571489
23.2400000000000	0.902336291328310
23.2600000000000	0.893122651094939
23.2800000000000	0.891218587075667
23.3000000000000	0.876119694170127
23.3200000000000	0.872306796453146
23.3400000000000	0.865816978214839
23.3600000000000	0.854653796914398
23.3800000000000	0.842978003614459
23.4000000000000	0.845288206664932
23.4200000000000	0.842821279484191
23.4400000000000	0.834439719104443
23.4600000000000	0.865460829839795
23.4800000000000	0.831215112314336
23.5000000000000	0.841748727547698
23.5200000000000	0.840258408454007
23.5400000000000	0.882798476384969
23.5600000000000	0.856480770268400
23.5800000000000	0.875263124702853
23.6000000000000	0.880753365296092
23.6200000000000	0.894740322648624
23.6400000000000	0.910873584876149
23.6600000000000	0.931876293674068
23.6800000000000	0.939378445168058
23.7000000000000	0.949673781535244
23.7200000000000	0.960631616795531
23.7400000000000	0.968062251645935
23.7600000000000	0.990082758117808
23.7800000000000	0.975661444675146
23.8000000000000	0.983539157123128
23.8200000000000	0.974082884311652
23.8400000000000	0.968478597237383
23.8600000000000	0.922180583441283
23.8800000000000	0.943683984680567
23.9000000000000	0.935061983886359
23.9200000000000	0.918911672919157
23.9400000000000	0.909758650510348
23.9600000000000	0.894391304277037
23.9800000000000	0.910391124512647
24	0.863228345031324
24.0200000000000	0.866245635529644
24.0400000000000	0.851601629583049
24.0600000000000	0.838097579753425
24.0800000000000	0.835915113187541
24.1000000000000	0.837232446035984
24.1200000000000	0.832969057468132
24.1400000000000	0.842486990018258
24.1600000000000	0.844643702991998
24.1800000000000	0.841509491276707
24.2000000000000	0.884836220705275
24.2200000000000	0.858676271663980
24.2400000000000	0.877449230692160
24.2600000000000	0.882848175862622
24.2800000000000	0.896377822071818
24.3000000000000	0.909854206019760
24.3200000000000	0.923893908900228
24.3400000000000	0.940316940524244
24.3600000000000	0.949307070200800
24.3800000000000	0.959765915620208
24.4000000000000	0.967490780922200
24.4200000000000	0.989194637474755
24.4400000000000	0.980464689537762
24.4600000000000	0.989202741926842
24.4800000000000	0.974289981103601
24.5000000000000	0.972978569680712
24.5200000000000	0.955084877634293
24.5400000000000	0.955154370433458
24.5600000000000	0.936984082157195
24.5800000000000	0.912037331116398
24.6000000000000	0.901595250272986
24.6200000000000	0.896907452190877
24.6400000000000	0.878447893325607
24.6600000000000	0.871931395513585
24.6800000000000	0.863398534329122
24.7000000000000	0.850536438126037
24.7200000000000	0.868852237295960
24.7400000000000	0.835238063068274
24.7600000000000	0.837108424706559
24.7800000000000	0.834079490778723
24.8000000000000	0.844554026167671
24.8200000000000	0.848724087325278
24.8400000000000	0.847221529705155
24.8600000000000	0.893576220842494
24.8800000000000	0.872125233713887
24.9000000000000	0.882727850326519
24.9200000000000	0.897001225748173
24.9400000000000	0.918129185113176
24.9600000000000	0.935751862908496
24.9800000000000	0.940234885442260
25	0.991010943297482
25.0200000000000	0.965448136011537
25.0400000000000	0.980373877052064
25.0600000000000	0.949638809683639
25.0800000000000	0.975067607082738
25.1000000000000	0.984587027849211
25.1200000000000	0.980299852059502
25.1400000000000	0.963808670694230
25.1600000000000	0.958077850123191
25.1800000000000	0.943914222862802
25.2000000000000	0.936392623553540
25.2200000000000	0.919171557176125
25.2400000000000	0.910041037823430
25.2600000000000	0.901109881634864
25.2800000000000	0.886391143791963
25.3000000000000	0.903741317734416
25.3200000000000	0.858371909450459
25.3400000000000	0.862348165361403
25.3600000000000	0.848567011065674
25.3800000000000	0.836763265512748
25.4000000000000	0.835038817511063
25.4200000000000	0.836966341904408
25.4400000000000	0.833935679799956
25.4600000000000	0.843984347376192
25.4800000000000	0.847670481036187
25.5000000000000	0.845439542733603
25.5200000000000	0.890453814385303
25.5400000000000	0.865527511994180
25.5600000000000	0.885553826831019
25.5800000000000	0.892293413113600
25.6000000000000	0.906658230965464
25.6200000000000	0.920871490784045
25.6400000000000	0.935595344009384
25.6600000000000	0.949790405385165
25.6800000000000	0.964718489784537
25.7000000000000	0.979713540508932
25.7200000000000	0.978172501195179
25.7400000000000	0.997214043949150
25.7600000000000	0.982504494650790
25.7800000000000	0.974602430323630
25.8000000000000	1.00023003786329
25.8200000000000	0.953681782140352
25.8400000000000	0.947133392117303
25.8600000000000	0.936950909941703
25.8800000000000	0.944000497340380
25.9000000000000	0.899897526784844
25.9200000000000	0.899540597735825
25.9400000000000	0.881192857218943
25.9600000000000	0.860763257155342
25.9800000000000	0.853973892034434
26	0.852591980818130
26.0200000000000	0.841808484600603
26.0400000000000	0.844200741949631
26.0600000000000	0.841563134155247
26.0800000000000	0.834125383639771
26.1000000000000	0.867358552084677
26.1200000000000	0.834840386508277
26.1400000000000	0.848423736969419
26.1600000000000	0.847282620960649
26.1800000000000	0.854695613898464
26.2000000000000	0.864153430998659
26.2200000000000	0.874603838654786
26.2400000000000	0.886753707691631
26.2600000000000	0.906659130945541
26.2800000000000	0.922588826384326
26.3000000000000	0.926493658895638
26.3200000000000	0.978423834467842
26.3400000000000	0.954523789498937
26.3600000000000	0.972254651536866
26.3800000000000	0.935298944040437
26.4000000000000	0.990909422625727
26.4200000000000	0.975829083414758
26.4400000000000	0.979726276790278
26.4600000000000	1.00573104775620
26.4800000000000	0.963842419899386
26.5000000000000	0.962236823371517
26.5200000000000	0.943168889685396
26.5400000000000	0.917008403885302
26.5600000000000	0.905430276760528
26.5800000000000	0.899542525690174
26.6000000000000	0.880180170276429
26.6200000000000	0.872723574977274
26.6400000000000	0.863613305150862
26.6600000000000	0.850512858631880
26.6800000000000	0.873551581907709
26.7000000000000	0.833661529107823
26.7200000000000	0.842577255765975
26.7400000000000	0.835501089678931
26.7600000000000	0.835512308106517
26.7800000000000	0.844212691854034
26.8000000000000	0.846215113715995
26.8200000000000	0.890308181594224
26.8400000000000	0.864674650583336
26.8600000000000	0.883333255425418
26.8800000000000	0.888385949783279
26.9000000000000	0.901361449453832
26.9200000000000	0.914122311164048
26.9400000000000	0.927214145868238
26.9600000000000	0.940664879464301
26.9800000000000	0.956355057417822
27	0.971772145429402
27.0200000000000	0.970225321279942
27.0400000000000	0.964079822539152
27.0600000000000	0.984228882919345
27.0800000000000	0.982770525213551
27.1000000000000	0.982903449717638
27.1200000000000	0.963050736026338
27.1400000000000	0.956573449488086
27.1600000000000	0.951497132774412
27.1800000000000	0.935594076091108
27.2000000000000	0.925334101977129
27.2200000000000	0.915731818442360
27.2400000000000	0.898946407603770
27.2600000000000	0.913851453235704
27.2800000000000	0.865516551225069
27.3000000000000	0.867460638973169
27.3200000000000	0.851649182060686
27.3400000000000	0.837896850573142
27.3600000000000	0.835541207568400
27.3800000000000	0.835050592680644
27.4000000000000	0.867825437128158
27.4200000000000	0.835308848719304
27.4400000000000	0.850284308306854
27.4600000000000	0.851058586345654
27.4800000000000	0.861113050552715
27.5000000000000	0.873108037885833
27.5200000000000	0.885939462117682
27.5400000000000	0.900765570411349
27.5600000000000	0.921373761889511
27.5800000000000	0.937779954377169
27.6000000000000	0.944010380281206
27.6200000000000	0.953004258132362
27.6400000000000	0.962672540582888
27.6600000000000	0.969303529443919
27.6800000000000	0.974980671658772
27.7000000000000	0.974649162665185
27.7200000000000	0.983965796743053
27.7400000000000	0.978627875896266
27.7600000000000	0.995211845063101
27.7800000000000	0.960390950077160
27.8000000000000	0.962517266113402
27.8200000000000	0.943745423890072
27.8400000000000	0.918266263267620
27.8600000000000	0.908267833433193
27.8800000000000	0.903931791914662
27.9000000000000	0.886180756301981
27.9200000000000	0.879762355945922
27.9400000000000	0.867506979243397
27.9600000000000	0.859239410170467
27.9800000000000	0.847005580575700
28	0.847026985136235
28.0200000000000	0.843815009915633
28.0400000000000	0.835301745664476
28.0600000000000	0.866628582816101
28.0800000000000	0.832883446153718
28.1000000000000	0.846244803454338
28.1200000000000	0.842386360291149
28.1400000000000	0.860365943613746
28.1600000000000	0.870425565140334
28.1800000000000	0.872537597800649
28.2000000000000	0.924281026198162
28.2200000000000	0.902684665775636
28.2400000000000	0.924290095126846
28.2600000000000	0.931849017087964
28.2800000000000	0.943368412847152
28.3000000000000	0.955098012341743
28.3200000000000	0.966807687175288
28.3400000000000	1.00759982540436
28.3600000000000	0.986572274833930
28.3800000000000	0.972635988205616
28.4000000000000	0.975124263910261
28.4200000000000	0.971104803087002
28.4400000000000	0.964781112432395
28.4600000000000	0.956949571110121
28.4800000000000	0.935218096953533
28.5000000000000	0.924110480319592
28.5200000000000	0.924895459722598
28.5400000000000	0.902178596767646
28.5600000000000	0.917747014056747
28.5800000000000	0.870741320343397
28.6000000000000	0.873720870698528
28.6200000000000	0.858791638414383
28.6400000000000	0.843807947225555
28.6600000000000	0.840251500230084
28.6800000000000	0.840791041178356
28.7000000000000	0.834325656150422
28.7200000000000	0.840987274977560
28.7400000000000	0.841042824904689
28.7600000000000	0.835774358732855
28.7800000000000	0.874424037162627
28.8000000000000	0.845257185567419
28.8200000000000	0.861340803435683
28.8400000000000	0.863436717828499
28.8600000000000	0.874363211900645
28.8800000000000	0.886212102022782
28.9000000000000	0.898720565803061
28.9200000000000	0.912922822491484
28.9400000000000	0.932227239903232
28.9600000000000	0.949499387642963
28.9800000000000	0.952682912379680
29	1.00071377718177
29.0200000000000	0.972406580432700
29.0400000000000	0.985789755681081
29.0600000000000	0.985726659772959
29.0800000000000	0.977965380227652
29.1000000000000	0.984635309810412
29.1200000000000	0.967219034658886
29.1400000000000	0.988802683606432
29.1600000000000	0.940960517025775
29.1800000000000	0.938229630067649
29.2000000000000	0.918177858272148
29.2200000000000	0.892669497806999
29.2400000000000	0.886901123207327
29.2600000000000	0.876721934513296
29.2800000000000	0.894241188081763
29.3000000000000	0.848672199936022
29.3200000000000	0.853712130666422
29.3400000000000	0.841403494601081
29.3600000000000	0.832678773726030
29.3800000000000	0.833070962739593
29.4000000000000	0.836620084225708
29.4200000000000	0.836918026658569
29.4400000000000	0.849638336429578
29.4600000000000	0.855488532941981
29.4800000000000	0.854500820446683
29.5000000000000	0.878543223114696
29.5200000000000	0.877505233859009
29.5400000000000	0.889035648604011
29.5600000000000	0.902246138777302
29.5800000000000	0.921681354766324
29.6000000000000	0.938047827228668
29.6200000000000	0.941088083391813
29.6400000000000	0.990642812991364
29.6600000000000	0.964707327801247
29.6800000000000	0.980017624175710
29.7000000000000	0.989492070669935
29.7200000000000	0.998335352863405
29.7400000000000	0.981280728828221
29.7600000000000	0.979611353064241
29.7800000000000	0.967750227635339
29.8000000000000	0.959396066369560
29.8200000000000	0.955630162803637
29.8400000000000	0.940580072137653
29.8600000000000	0.956657656382010
29.8800000000000	0.906553977201332
29.9000000000000	0.906016921988234
29.9200000000000	0.886951319515906
29.9400000000000	0.864932287816680
29.9600000000000	0.857085784834836
29.9800000000000	0.853302614841050
30	0.875473387837849
30.0200000000000	0.834520334895934
30.0400000000000	0.842928035414499
30.0600000000000	0.835260318850260
30.0800000000000	0.834461097506883
30.1000000000000	0.839903271837201
30.1200000000000	0.844692817909154
30.1400000000000	0.889995207222160
30.1600000000000	0.865198084958153
30.1800000000000	0.885273871937769
30.2000000000000	0.891834963742297
30.2200000000000	0.905838660566191
30.2400000000000	0.919417730160702
30.2600000000000	0.933306701478735
30.2800000000000	0.946965482286300
30.3000000000000	0.961907266812235
30.3200000000000	0.976773247265997
30.3400000000000	0.987501264825464
30.3600000000000	0.991602607253074
30.3800000000000	0.989010292506389
30.4000000000000	0.980078531286276
30.4200000000000	0.973034163844593
30.4400000000000	0.966903697926021
30.4600000000000	0.965093680711630
30.4800000000000	0.950909440502179
30.5000000000000	0.968345950215171
30.5200000000000	0.920808420186671
30.5400000000000	0.915120377571171
30.5600000000000	0.901527010226180
30.5800000000000	0.891050830083177
30.6000000000000	0.877760913501484
30.6200000000000	0.874939808666167
30.6400000000000	0.859419976932279
30.6600000000000	0.844275712804936
30.6800000000000	0.840695353716336
30.7000000000000	0.849805591996950
30.7200000000000	0.867714348895305
30.7400000000000	0.830694756778365
30.7600000000000	0.842175212867461
30.7800000000000	0.838323734327497
30.8000000000000	0.842453612625371
30.8200000000000	0.850672077693392
30.8400000000000	0.860302884265913
30.8600000000000	0.871144451680656
30.8800000000000	0.891502413040379
30.9000000000000	0.906909691751465
30.9200000000000	0.913041694100458
30.9400000000000	0.926599503599235
30.9600000000000	0.939983548519663
30.9800000000000	0.953564248270914
31	0.964671681615126
31.0200000000000	1.03148721055805
31.0400000000000	0.986507597940282
31.0600000000000	1.00751269377382
31.0800000000000	0.975801287179858
31.1000000000000	0.974221310277251
31.1200000000000	0.970079847813013
31.1400000000000	0.956835903074863
31.1600000000000	0.946440905752653
31.1800000000000	0.938617133755734
31.2000000000000	0.922682958365993
31.2200000000000	0.938397409304971
31.2400000000000	0.890260682740249
31.2600000000000	0.891931767794766
31.2800000000000	0.875355733265636
31.3000000000000	0.856954043429034
31.3200000000000	0.851701591240267
31.3400000000000	0.851262112719623
31.3600000000000	0.841120324008102
31.3800000000000	0.843938727870841
31.4000000000000	0.841205450716933
31.4200000000000	0.833725559692896
31.4400000000000	0.866463936758314
31.4600000000000	0.833138970822931
31.4800000000000	0.846249728709326
31.5000000000000	0.844591317115191
31.5200000000000	0.850986693442166
31.5400000000000	0.859803516712172
31.5600000000000	0.869784840924312
31.5800000000000	0.881298908297420
31.6000000000000	0.901366651798085
31.6200000000000	0.916922291371525
31.6400000000000	0.920955602223040
31.6600000000000	0.973533165107087
31.6800000000000	0.950343272246279
31.7000000000000	0.968820626639536
31.7200000000000	0.971110378057032
31.7400000000000	1.00241034626145
31.7600000000000	0.983473049216533
31.7800000000000	0.990987932372291
31.8000000000000	0.978741483104430
31.8200000000000	0.964480455635593
31.8400000000000	0.954639814532564
31.8600000000000	0.939933509896276
31.8800000000000	0.925582627642596
31.9000000000000	0.923405179038364
31.9200000000000	0.908557781897471
31.9400000000000	0.924260651161918
31.9600000000000	0.875549544809843
31.9800000000000	0.877568551546414
32	0.861414447292769
32.0200000000000	0.845292275574962
32.0400000000000	0.841245129059095
32.0600000000000	0.841617023611417
32.0800000000000	0.834645144495730
32.1000000000000	0.834740261989986
32.1200000000000	0.841703910121971
32.1400000000000	0.836817614681403
32.1600000000000	0.838941282159313
32.1800000000000	0.845047757785742
32.2000000000000	0.852531118250892
32.2200000000000	0.860134341311085
32.2400000000000	0.878178198487904
32.2600000000000	0.889906187537774
32.2800000000000	0.892032672694522
32.3000000000000	0.943735219757032
32.3200000000000	0.921249830441936
32.3400000000000	0.941057905050090
32.3600000000000	0.946514361346283
32.3800000000000	0.954644890724769
32.4000000000000	0.963887541140745
32.4200000000000	0.977452506671085
32.4400000000000	0.968363606411568
32.4600000000000	0.983617885946260
32.4800000000000	0.991967755265121
32.5000000000000	0.975737112632912
32.5200000000000	0.969112666169142
32.5400000000000	0.951766998170680
32.5600000000000	0.942569977222329
32.5800000000000	0.935192454902661
32.6000000000000	0.916432027136883
32.6200000000000	0.906588093079814
32.6400000000000	0.890671154984503
32.6600000000000	0.906872143509167
32.6800000000000	0.859885909048790
32.7000000000000	0.863164243208060
32.7200000000000	0.845293697435802
32.7400000000000	0.846286862379015
32.7600000000000	0.842491064526344
32.7800000000000	0.834361263148081
32.8000000000000	0.867353196458560
32.8200000000000	0.836221976282176
32.8400000000000	0.842459517799818
32.8600000000000	0.847835915117348
32.8800000000000	0.864798465797065
32.9000000000000	0.875101524918694
32.9200000000000	0.876898614455186
32.9400000000000	0.928250655484662
32.9600000000000	0.905909270027893
32.9800000000000	0.926374835799331
33	0.932726094488699
33.0200000000000	0.943248448812646
33.0400000000000	0.954030280338356
33.0600000000000	0.965234718791054
33.0800000000000	0.972561374984090
33.1000000000000	0.967770002120271
33.1200000000000	1.00117527851743
33.1400000000000	1.00816297514023
33.1600000000000	0.968014624105183
33.1800000000000	0.970350918977267
33.2000000000000	0.961686772312732
33.2200000000000	0.948021779043846
33.2400000000000	0.939349704039748
33.2600000000000	0.931868148097837
33.2800000000000	0.916438323310762
33.3000000000000	0.932396401344129
33.3200000000000	0.884319189160295
33.3400000000000	0.885999784870675
33.3600000000000	0.869287349651613
33.3800000000000	0.851399148834678
33.4000000000000	0.846246060714318
33.4200000000000	0.845774169910773
33.4400000000000	0.836990884726269
33.4600000000000	0.835615724348260
33.4800000000000	0.841755988269056
33.5000000000000	0.836262444480149
33.5200000000000	0.837983661064289
33.5400000000000	0.844688441956543
33.5600000000000	0.853226581265412
33.5800000000000	0.862497440293820
33.6000000000000	0.874700870862861
33.6200000000000	0.894972272227362
33.6400000000000	0.902002216244990
33.6600000000000	0.915883327834109
33.6800000000000	0.929436126523937
33.7000000000000	0.943380158994495
33.7200000000000	0.956080681190095
33.7400000000000	0.969116000223612
33.7600000000000	1.00938040342435
33.7800000000000	0.969301481778306
33.8000000000000	0.965255788408601
33.8200000000000	0.983517233605217
33.8400000000000	0.975973645331722
33.8600000000000	0.965458513505153
33.8800000000000	0.956856568983257
33.9000000000000	0.951740213730622
33.9200000000000	0.937916233332092
33.9400000000000	0.954062230314829
33.9600000000000	0.905585641460208
33.9800000000000	0.906707041319035
34	0.889568104546924
34.0200000000000	0.869184933092477
34.0400000000000	0.862728335195439
34.0600000000000	0.861667351585382
34.0800000000000	0.849460194307215
34.1000000000000	0.849869617761006
34.1200000000000	0.845613340515645
34.1400000000000	0.836804871049838
34.1600000000000	0.866212491618361
34.1800000000000	0.830625034835662
34.2000000000000	0.842140200166762
34.2200000000000	0.838271779256866
34.2400000000000	0.841795134538572
34.2600000000000	0.849109277673015
34.2800000000000	0.857836807487534
34.3000000000000	0.867404378657561
34.3200000000000	0.887032920976257
34.3400000000000	0.901152067482756
34.3600000000000	0.906709160081580
34.3800000000000	0.920051916027089
34.4000000000000	0.933741223648417
34.4200000000000	0.947802913175224
34.4400000000000	0.960204893134610
34.4600000000000	0.972322732388004
34.4800000000000	0.957574511027996
34.5000000000000	0.983518582188057
34.5200000000000	0.979333561393049
34.5400000000000	0.974528519531875
34.5600000000000	0.971554999191921
34.5800000000000	0.955128639970998
34.6000000000000	0.945504482257989
34.6200000000000	0.939358061839986
34.6400000000000	0.923834493270288
34.6600000000000	0.939724346716549
34.6800000000000	0.891069694485617
34.7000000000000	0.892428226583375
34.7200000000000	0.875601310815101
34.7400000000000	0.856989268493327
34.7600000000000	0.851399629048196
34.7800000000000	0.850827966386256
34.8000000000000	0.870144794104059
34.8200000000000	0.836791275982116
34.8400000000000	0.842757109715430
34.8600000000000	0.834748351551983
34.8800000000000	0.831852062231646
34.9000000000000	0.835015829730181
34.9200000000000	0.840046447999992
34.9400000000000	0.843069678460662
34.9600000000000	0.858084383534692
34.9800000000000	0.865537080367737
35	0.865401763584502
35.0200000000000	0.914347827842299
35.0400000000000	0.890812424505769
35.0600000000000	0.910760771503292
35.0800000000000	0.917314186685071
35.1000000000000	0.929766671814038
35.1200000000000	0.942192324193633
35.1400000000000	0.955015035565582
35.1600000000000	0.965524433498051
35.1800000000000	0.989281782097778
35.2000000000000	0.981862679690406
35.2200000000000	1.02558591055032
35.2400000000000	0.977877102447018
35.2600000000000	0.972189365370429
35.2800000000000	0.967779056080479
35.3000000000000	0.953082485384531
35.3200000000000	0.941751355586868
35.3400000000000	0.932420336440305
35.3600000000000	0.915487052241615
35.3800000000000	0.930235668050093
35.4000000000000	0.860016828246986
35.4200000000000	0.876424384932117
35.4400000000000	0.861280285956976
35.4600000000000	0.858215691875767
35.4800000000000	0.851838525182328
35.5000000000000	0.841173364293582
35.5200000000000	0.843766635245823
35.5400000000000	0.833306532569414
35.5600000000000	0.836342188603410
35.5800000000000	0.835438661712187
35.6000000000000	0.847374226733493
35.6200000000000	0.852100638870545
35.6400000000000	0.850237631125761
35.6600000000000	0.895951092877343
35.6800000000000	0.870653561641404
35.7000000000000	0.879372090463226
35.7200000000000	0.894910174910324
35.7400000000000	0.914327316617582
35.7600000000000	0.930056774407349
35.7800000000000	0.933275663254215
35.8000000000000	0.983916468179223
35.8200000000000	0.958908463899885
35.8400000000000	0.975526754596683
35.8600000000000	0.986810524102590
35.8800000000000	0.991334414181696
35.9000000000000	0.975808767681819
35.9200000000000	0.979582472048805
35.9400000000000	0.971400257342725
35.9600000000000	0.968660514591549
35.9800000000000	0.962574007808539
36	0.948250671108407
36.0200000000000	0.965125904469768
36.0400000000000	0.915353595937600
36.0600000000000	0.915132506978306
36.0800000000000	0.896286922454600
36.1000000000000	0.873402312384128
36.1200000000000	0.864875930586116
36.1400000000000	0.861660449282601
36.1600000000000	0.881642298202639
36.1800000000000	0.839047641295145
36.2000000000000	0.845872762511132
36.2200000000000	0.836116181334060
36.2400000000000	0.831927349885586
36.2600000000000	0.842742629760002
36.2800000000000	0.838293337079743
36.3000000000000	0.879468715161625
36.3200000000000	0.851951642384622
36.3400000000000	0.870144168620789
36.3600000000000	0.874484448553672
36.3800000000000	0.894962030649614
36.4000000000000	0.910131095635172
36.4200000000000	0.914156427673265
36.4400000000000	0.966840133740841
36.4600000000000	0.943774993543232
36.4800000000000	0.962543247729846
36.5000000000000	0.965753011034845
36.5200000000000	0.968491011882680
36.5400000000000	0.986809454705158
36.5600000000000	0.981320690640861
36.5800000000000	0.977889097846799
36.6000000000000	0.950563422411975
36.6200000000000	0.977871018856652
36.6400000000000	0.963753028451111
36.6600000000000	0.945864514022505
36.6800000000000	0.941184442751779
36.7000000000000	0.926445035311027
36.7200000000000	0.918769353165825
36.7400000000000	0.895435658669860
36.7600000000000	0.886873194975866
36.7800000000000	0.884173281827667
36.8000000000000	0.868375351600484
36.8200000000000	0.864673767605626
36.8400000000000	0.858141483561960
36.8600000000000	0.847171080639080
36.8800000000000	0.871800858251817
36.9000000000000	0.834561049828149
36.9200000000000	0.836544359073708
36.9400000000000	0.833343770374232
36.9600000000000	0.843266200161005
36.9800000000000	0.846217860116383
37	0.843452659443604
37.0200000000000	0.887709904943397
37.0400000000000	0.861880844180038
37.0600000000000	0.873149353119626
37.0800000000000	0.887033971744102
37.1000000000000	0.908024918980577
37.1200000000000	0.924963428381412
37.1400000000000	0.929558226333132
37.1600000000000	0.981718194096998
37.1800000000000	0.957559315680867
37.2000000000000	0.975046014790908
37.2200000000000	0.942578104602184
37.2400000000000	0.969825424131594
37.2600000000000	0.986217478779228
37.2800000000000	0.982961386963819
37.3000000000000	0.999471759095592
37.3200000000000	0.967727218875230
37.3400000000000	0.966838712909116
37.3600000000000	0.945839344100654
37.3800000000000	0.922629469600892
37.4000000000000	0.911294544917735
37.4200000000000	0.907629460681512
37.4400000000000	0.890239062614430
37.4600000000000	0.884144983407711
37.4800000000000	0.876740664601878
37.5000000000000	0.864551375531062
37.5200000000000	0.885555927504985
37.5400000000000	0.843781644420121
37.5600000000000	0.850528545997555
37.5800000000000	0.839787923900569
37.6000000000000	0.832135724570071
37.6200000000000	0.832658705394715
37.6400000000000	0.835776979082027
37.6600000000000	0.834673400200721
37.6800000000000	0.846288082556027
37.7000000000000	0.850204837746163
37.7200000000000	0.847824355354937
37.7400000000000	0.892834972481550
37.7600000000000	0.867158142599617
37.7800000000000	0.886067026562290
37.8000000000000	0.888628883230603
37.8200000000000	0.911690178463733
37.8400000000000	0.928258118856841
37.8600000000000	0.932544972808045
37.8800000000000	0.984324857917219
37.9000000000000	0.959896893243448
37.9200000000000	0.976969831849198
37.9400000000000	0.984158974085295
37.9600000000000	0.977751583098685
37.9800000000000	0.985610053348003
38	0.979076095168002
38.0200000000000	1.00238276488209
38.0400000000000	0.956615525281827
38.0600000000000	0.957960098125612
38.0800000000000	0.939028581784007
38.1000000000000	0.913336758469668
38.1200000000000	0.902500124052974
38.1400000000000	0.897987622826040
38.1600000000000	0.880065459549390
38.1800000000000	0.874095882907631
38.2000000000000	0.864905830779939
38.2200000000000	0.854641392936731
38.2400000000000	0.840871927422503
38.2600000000000	0.838047389267395
38.2800000000000	0.839115976505797
38.3000000000000	0.833534786148845
38.3200000000000	0.840970360226426
38.3400000000000	0.841456729295771
38.3600000000000	0.836393676962865
38.3800000000000	0.875538074094611
38.4000000000000	0.846237070680369
38.4200000000000	0.862177155307501
38.4400000000000	0.864217778469130
38.4600000000000	0.874755487841487
38.4800000000000	0.885895067372916
38.5000000000000	0.897980943967167
38.5200000000000	0.911520725597662
38.5400000000000	0.930570717130519
38.5600000000000	0.947330822517562
38.5800000000000	0.950279375900397
38.6000000000000	0.998553768478453
38.6200000000000	0.970824224463790
38.6400000000000	0.973850105984126
38.6600000000000	0.979929811859727
38.6800000000000	0.956416622292569
38.7000000000000	0.979782338126187
38.7200000000000	0.970580800954709
38.7400000000000	0.993244411661144
38.7600000000000	0.945456512902348
38.7800000000000	0.947112721728436
38.8000000000000	0.926329283244170
38.8200000000000	0.901280081810106
38.8400000000000	0.894767688067404
38.8600000000000	0.883440850938079
38.8800000000000	0.900206327327964
38.9000000000000	0.854291534439838
38.9200000000000	0.858535897993744
38.9400000000000	0.845557247616360
38.9600000000000	0.844564291431249
38.9800000000000	0.841490590568458
39	0.834030572719353
39.0200000000000	0.868293903301581
39.0400000000000	0.836135227894561
39.0600000000000	0.843800211418390
39.0800000000000	0.850746230613705
39.1000000000000	0.868099745621604
39.1200000000000	0.878711280568718
39.1400000000000	0.880551408170644
39.1600000000000	0.932013571178114
39.1800000000000	0.909565314740165
39.2000000000000	0.929744202437924
39.2200000000000	0.935798356398537
39.2400000000000	0.945821545078929
39.2600000000000	0.956252608225290
39.2800000000000	0.967127999003673
39.3000000000000	1.00720790146581
39.3200000000000	0.991617276246648
39.3400000000000	0.981479106659625
39.3600000000000	0.977145014330338
39.3800000000000	0.970862552228236
39.4000000000000	0.935906789302573
39.4200000000000	0.959514971165346
39.4400000000000	0.951362931592226
39.4600000000000	0.929163335776262
39.4800000000000	0.917775701240022
39.5000000000000	0.911531440473880
39.5200000000000	0.892492525407642
39.5400000000000	0.882759892105269
39.5600000000000	0.882513548195695
39.5800000000000	0.864473050731518
39.6000000000000	0.847821673067415
39.6200000000000	0.843327782148911
39.6400000000000	0.843238355298864
39.6600000000000	0.835561170923480
39.6800000000000	0.841315844236173
39.7000000000000	0.843109514228173
39.7200000000000	0.837295462457748
39.7400000000000	0.840742051298323
39.7600000000000	0.848606784614831
39.7800000000000	0.858122363961586
39.8000000000000	0.868564623556706
39.8200000000000	0.881668127130078
39.8400000000000	0.902222974608463
39.8600000000000	0.909495837689836
39.8800000000000	0.922945794028183
39.9000000000000	0.935963823019983
39.9200000000000	0.949438213920841
39.9400000000000	0.961099452241442
39.9600000000000	0.972636430817462
39.9800000000000	0.956400221050431
40	0.984505172650404