X   Y
0	0.846255258211660
0.0199999999999996	0.821191492737154
0.0399999999999992	0.816677418871133
0.0600000000000023	0.826427900529806
0.0800000000000019	0.835984219277375
0.100000000000001	0.816889768312838
0.120000000000001	0.819354117722515
0.140000000000001	0.816455829686643
0.160000000000000	0.827824447284264
0.180000000000000	0.836801706676825
0.199999999999999	0.817186554125769
0.219999999999999	0.819602454872680
0.240000000000002	0.819143481176591
0.260000000000002	0.833113965268287
0.280000000000001	0.833959305706130
0.300000000000001	0.815522533294636
0.320000000000000	0.819948169454634
0.340000000000000	0.820762698563855
0.359999999999999	0.834035013273790
0.379999999999999	0.834385491686948
0.400000000000002	0.815898441723637
0.420000000000002	0.822667220311278
0.440000000000001	0.822972216144675
0.460000000000001	0.836284075317548
0.480000000000000	0.832807856092089
0.500000000000000	0.816685441150596
0.520000000000000	0.824467273819472
0.539999999999999	0.823944379222708
0.560000000000002	0.836766862541047
0.580000000000002	0.833576363680517
0.600000000000001	0.820956031022167
0.620000000000001	0.817513895114619
0.640000000000001	0.836544680177367
0.660000000000000	0.835255396264528
0.680000000000000	0.834295764237148
0.699999999999999	0.822006094649244
0.719999999999999	0.818232844719930
0.740000000000002	0.837100309972350
0.760000000000002	0.836453407309872
0.780000000000001	0.838588121853766
0.800000000000001	0.821739481037416
0.820000000000000	0.818934269950102
0.840000000000000	0.835782678429154
0.859999999999999	0.837340485477924
0.879999999999999	0.839656380045830
0.900000000000002	0.822402903932990
0.920000000000002	0.818364359519305
0.940000000000001	0.837769596072625
0.960000000000001	0.841455389969836
0.980000000000000	0.849064989776010
1	0.821200467815955
1.02000000000000	0.818144032820041
1.04000000000000	0.838375334367483
1.06000000000000	0.842135109706280
1.08000000000000	0.849603395753975
1.10000000000000	0.820693442717679
1.12000000000000	0.820305272898804
1.14000000000000	0.842360181511834
1.16000000000000	0.837726631773525
1.18000000000000	0.848134140284178
1.20000000000000	0.820428259768484
1.22000000000000	0.820812903780481
1.24000000000000	0.832928180383160
1.26000000000000	0.836846282942273
1.28000000000000	0.847229874966274
1.30000000000000	0.822859146479620
1.32000000000000	0.825007881601226
1.34000000000000	0.833083564308610
1.36000000000000	0.836354526807832
1.38000000000000	0.847223623850477
1.40000000000000	0.825886851404030
1.42000000000000	0.825206587662108
1.44000000000000	0.831382451792060
1.46000000000000	0.835461893322765
1.48000000000000	0.849944569595639
1.50000000000000	0.827285835921016
1.52000000000000	0.825305017921332
1.54000000000000	0.831230262987906
1.56000000000000	0.837619668155404
1.58000000000000	0.852364414690603
1.60000000000000	0.827772615009493
1.62000000000000	0.823245930621431
1.64000000000000	0.830502671444656
1.66000000000000	0.838570567416885
1.68000000000000	0.852853964420908
1.70000000000000	0.827706742284855
1.72000000000000	0.822801826476529
1.74000000000000	0.833556714540899
1.76000000000000	0.842654272042734
1.78000000000000	0.822954951560368
1.80000000000000	0.825368039889596
1.82000000000000	0.822391836239222
1.84000000000000	0.833736937239704
1.86000000000000	0.840168623518568
1.88000000000000	0.821404324178342
1.90000000000000	0.825103018719916
1.92000000000000	0.825525244767126
1.94000000000000	0.838746406863000
1.96000000000000	0.838985986262773
1.98000000000000	0.820274986850258
2	0.824702717780697
2.02000000000000	0.974771237000494
2.04000000000000	1.02331034489791
2.06000000000000	1.04532711442099
2.08000000000000	1.03570698914045
2.10000000000000	1.05517507547543
2.12000000000000	1.09311103487843
2.14000000000000	1.11908109247445
2.16000000000000	1.13644970697562
2.18000000000000	1.12012711014368
2.20000000000000	1.12546074463455
2.22000000000000	1.16001960976625
2.24000000000000	1.16860865908801
2.26000000000000	1.17703920134477
2.28000000000000	1.15174775934466
2.30000000000000	1.15365141322168
2.32000000000000	1.16754645173229
2.34000000000000	1.17105237992515
2.36000000000000	1.17718174848227
2.38000000000000	1.14621040665992
2.40000000000000	1.13618304809184
2.42000000000000	1.14506987577339
2.44000000000000	1.14757780548118
2.46000000000000	1.14895417750925
2.48000000000000	1.11425674213792
2.50000000000000	1.10169665972572
2.52000000000000	1.11073137079520
2.54000000000000	1.11219407141291
2.56000000000000	1.07940967577906
2.58000000000000	1.07222738347269
2.60000000000000	1.06068773042675
2.62000000000000	1.06865226921354
2.64000000000000	1.06884607689425
2.66000000000000	1.03672995237073
2.68000000000000	1.02850508762653
2.70000000000000	1.01724102935277
2.72000000000000	1.02250556625661
2.74000000000000	1.02131189282587
2.76000000000000	1.02248293004118
2.78000000000000	0.987177334965108
2.80000000000000	0.975907544987259
2.82000000000000	0.980828681795619
2.84000000000000	0.981331540942887
2.86000000000000	0.985096887848345
2.88000000000000	0.952148500024670
2.90000000000000	0.943460665573804
2.92000000000000	0.950355867789513
2.94000000000000	0.953258540621244
2.96000000000000	0.960087697476033
2.98000000000000	0.930139279316879
3	0.924340094481975
3.02000000000000	0.936223786998474
3.04000000000000	0.942422446427382
3.06000000000000	0.921368951076634
3.08000000000000	0.920132778977444
3.10000000000000	0.918280882414656
3.12000000000000	0.932751645307466
3.14000000000000	0.941159018789645
3.16000000000000	0.922168696938227
3.18000000000000	0.923463096624757
3.20000000000000	0.925759890192072
3.22000000000000	0.943394065560616
3.24000000000000	0.952643452867123
3.26000000000000	0.932974966291105
3.28000000000000	0.938510180971268
3.30000000000000	0.943540201104212
3.32000000000000	0.967794840944249
3.34000000000000	0.972855956542987
3.36000000000000	0.955919676212275
3.38000000000000	0.965561206101319
3.40000000000000	0.969959924417883
3.42000000000000	0.993656847952297
3.44000000000000	0.999167640976241
3.46000000000000	0.982304267956116
3.48000000000000	0.991636488051416
3.50000000000000	0.994882038339001
3.52000000000000	1.01760242629761
3.54000000000000	1.02076288264286
3.56000000000000	1.00125131922808
3.58000000000000	1.00796225586167
3.60000000000000	1.00817742475736
3.62000000000000	1.02792701772743
3.64000000000000	1.02752713179755
3.66000000000000	1.00459257009908
3.68000000000000	1.00815945085090
3.70000000000000	1.00521298842500
3.72000000000000	1.02184619129728
3.74000000000000	1.01876437071127
3.76000000000000	0.993349508964713
3.78000000000000	0.992841382442146
3.80000000000000	0.989912555828049
3.82000000000000	1.00150157774534
3.84000000000000	1.00368718416305
3.86000000000000	0.976454221795526
3.88000000000000	0.975677197882518
3.90000000000000	0.971290853805803
3.92000000000000	0.982224043554972
3.94000000000000	0.986791623741413
3.96000000000000	0.962900147698261
3.98000000000000	0.961012975105233
4	0.956821527571187
4.02000000000000	0.966270262766042
4.04000000000000	0.970874200141019
4.06000000000000	0.979173863436762
4.08000000000000	0.951327618192044
4.10000000000000	0.946366849242462
4.12000000000000	0.954726502169091
4.14000000000000	0.956674775812131
4.16000000000000	0.963427219887015
4.18000000000000	0.938388833402706
4.20000000000000	0.934287325653440
4.22000000000000	0.944623372754217
4.24000000000000	0.945381946520591
4.26000000000000	0.951670239405424
4.28000000000000	0.925239226406353
4.30000000000000	0.921078375742824
4.32000000000000	0.939492075651376
4.34000000000000	0.942838824043997
4.36000000000000	0.944018535507378
4.38000000000000	0.918097218284068
4.40000000000000	0.912710364588446
4.42000000000000	0.931040819319394
4.44000000000000	0.936650894324174
4.46000000000000	0.939715907923396
4.48000000000000	0.917665860849761
4.50000000000000	0.913217009213406
4.52000000000000	0.930363604091545
4.54000000000000	0.937211270530669
4.56000000000000	0.940473594748639
4.58000000000000	0.922947903280178
4.60000000000000	0.921765416383530
4.62000000000000	0.926188931871962
4.64000000000000	0.945327516654657
4.66000000000000	0.947921592840150
4.68000000000000	0.929026361685209
4.70000000000000	0.935802469884651
4.72000000000000	0.937715319390388
4.74000000000000	0.952263670703016
4.76000000000000	0.960292144165632
4.78000000000000	0.940091527888666
4.80000000000000	0.944980098983901
4.82000000000000	0.948767210344411
4.84000000000000	0.963054009805289
4.86000000000000	0.971708314794782
4.88000000000000	0.953211598584632
4.90000000000000	0.956226672523827
4.92000000000000	0.957067407002821
4.94000000000000	0.971397551240512
4.96000000000000	0.979271623413532
4.98000000000000	0.990878889493894
5	0.966309495181183
5.02000000000000	0.964888037475763
5.04000000000000	0.977771286533691
5.06000000000000	0.982863719692206
5.08000000000000	0.993801210271751
5.10000000000000	0.971943410687179
5.12000000000000	0.968481111702064
5.14000000000000	0.982109523019111
5.16000000000000	0.985879831549972
5.18000000000000	0.993851102859386
5.20000000000000	0.971463329044053
5.22000000000000	0.968900437055912
5.24000000000000	0.989743764558199
5.26000000000000	0.989241951927118
5.28000000000000	0.996531309480658
5.30000000000000	0.971606453630819
5.32000000000000	0.969326307671466
5.34000000000000	0.990029291342110
5.36000000000000	0.998646742135738
5.38000000000000	1.00127731892693
5.40000000000000	0.976078114579224
5.42000000000000	0.973139479468744
5.44000000000000	0.992200014992940
5.46000000000000	0.999936321347554
5.48000000000000	1.00360563683488
5.50000000000000	0.981174586349212
5.52000000000000	0.979403790318850
5.54000000000000	0.996088737021970
5.56000000000000	1.00185030458159
5.58000000000000	1.00340716843060
5.60000000000000	0.984079499740314
5.62000000000000	0.982337569851943
5.64000000000000	0.984938996050718
5.66000000000000	1.00356168587413
5.68000000000000	1.00326569681259
5.70000000000000	0.981408386730815
5.72000000000000	0.986678479563434
5.74000000000000	0.986057746521541
5.76000000000000	1.00407239115072
5.78000000000000	1.00327156233566
5.80000000000000	0.981148159497789
5.82000000000000	0.984505920191591
5.84000000000000	0.985748903672886
5.86000000000000	1.00073373526623
5.88000000000000	1.00613148962402
5.90000000000000	0.982691754937995
5.92000000000000	0.986316702956527
5.94000000000000	0.988157893746816
5.96000000000000	1.00115121724668
5.98000000000000	1.00828443285362
6	0.987424379842327
6.02000000000000	0.989728714355527
6.04000000000000	0.989113290121427
6.06000000000000	1.00449855421661
6.08000000000000	1.01247292814225
6.10000000000000	0.991377520694177
6.12000000000000	0.993383940110050
6.14000000000000	0.992554569795030
6.16000000000000	1.00778691943539
6.18000000000000	1.01549558644404
6.20000000000000	1.02210600280102
6.22000000000000	0.996648469351920
6.24000000000000	0.994549556323838
6.26000000000000	1.00672888549559
6.28000000000000	1.01349230163619
6.30000000000000	1.02359382288925
6.32000000000000	0.997656759849515
6.34000000000000	0.994632520436426
6.36000000000000	1.00625818696997
6.38000000000000	1.01270349855922
6.40000000000000	1.02252080176853
6.42000000000000	0.996270045703553
6.44000000000000	0.992909692791150
6.46000000000000	1.00420459966707
6.48000000000000	1.01038843962967
6.50000000000000	1.02000628394565
6.52000000000000	0.993562575502857
6.54000000000000	0.990011937382114
6.56000000000000	1.00126980587205
6.58000000000000	1.00476517699923
6.60000000000000	1.01417824591685
6.62000000000000	0.990842810853840
6.64000000000000	0.988227145017658
6.66000000000000	0.997976234979980
6.68000000000000	1.00111827694604
6.70000000000000	1.01072707146986
6.72000000000000	0.987579790997122
6.74000000000000	0.984969152185384
6.76000000000000	0.994686555453068
6.78000000000000	0.997821450288150
6.80000000000000	1.00746670878139
6.82000000000000	0.984372155049272
6.84000000000000	0.981690505995103
6.86000000000000	0.991309218549527
6.88000000000000	0.994327809424476
6.90000000000000	1.00389553270818
6.92000000000000	0.980745018599836
6.94000000000000	0.977869349483905
6.96000000000000	0.987269870985225
6.98000000000000	0.990081905608487
7	0.997876882116846
7.02000000000000	0.974033615647203
7.04000000000000	0.971671560795733
7.06000000000000	0.983850568615166
7.08000000000000	0.985602368124023
7.10000000000000	0.992142477719502
7.12000000000000	0.968683698807472
7.14000000000000	0.966698084062175
7.16000000000000	0.978843909676937
7.18000000000000	0.980619921822934
7.20000000000000	0.987325353208649
7.22000000000000	0.964116305512362
7.24000000000000	0.962370040518664
7.26000000000000	0.974655547941101
7.28000000000000	0.976697264438866
7.30000000000000	0.983740310752199
7.32000000000000	0.960888310563537
7.34000000000000	0.959442538732382
7.36000000000000	0.971956925490864
7.38000000000000	0.974268035643174
7.40000000000000	0.981598621090022
7.42000000000000	0.957678387476463
7.44000000000000	0.955347823400352
7.46000000000000	0.975599543428338
7.48000000000000	0.974269545861001
7.50000000000000	0.981053948524697
7.52000000000000	0.955840687413068
7.54000000000000	0.953789540999025
7.56000000000000	0.974369525638566
7.58000000000000	0.973079252509201
7.60000000000000	0.979790287604789
7.62000000000000	0.954528595934356
7.64000000000000	0.952422965668351
7.66000000000000	0.972927647688324
7.68000000000000	0.971590324691348
7.70000000000000	0.978284080529224
7.72000000000000	0.953025006058726
7.74000000000000	0.949788849687895
7.76000000000000	0.968902081103177
7.78000000000000	0.976146242282209
7.80000000000000	0.978250304837304
7.82000000000000	0.952654073823409
7.84000000000000	0.948068131643007
7.86000000000000	0.967457872929644
7.88000000000000	0.975180522143107
7.90000000000000	0.977524278466214
7.92000000000000	0.952049582544695
7.94000000000000	0.947606811398285
7.96000000000000	0.967166957388029
7.98000000000000	0.975079833580003
8	0.975949936462521
8.02000000000000	0.953138629817747
8.04000000000000	0.948967919295891
8.06000000000000	0.966359003844038
8.08000000000000	0.973098360026168
8.10000000000000	0.976785424922594
8.12000000000000	0.954664411439493
8.14000000000000	0.950275212262928
8.16000000000000	0.967590718245036
8.18000000000000	0.974452777639069
8.20000000000000	0.978256353394839
8.22000000000000	0.956196914810918
8.24000000000000	0.953957754751935
8.26000000000000	0.969970509806615
8.28000000000000	0.975222791574943
8.30000000000000	0.977246824421402
8.32000000000000	0.958663900139270
8.34000000000000	0.956935526346676
8.36000000000000	0.972215244266782
8.38000000000000	0.976964092606630
8.40000000000000	0.978920654054406
8.42000000000000	0.960385786992917
8.44000000000000	0.958721172740794
8.46000000000000	0.974038987455643
8.48000000000000	0.978826527873856
8.50000000000000	0.980785361119370
8.52000000000000	0.960121263475670
8.54000000000000	0.964987114712091
8.56000000000000	0.964502522041375
8.58000000000000	0.982274453818448
8.60000000000000	0.982328058746554
8.62000000000000	0.961444214935234
8.64000000000000	0.967182095958337
8.66000000000000	0.967073502790719
8.68000000000000	0.984996616518143
8.70000000000000	0.985060965608589
8.72000000000000	0.964207793722336
8.74000000000000	0.970077138201026
8.76000000000000	0.970051782324442
8.78000000000000	0.988142644888912
8.80000000000000	0.988230449886787
8.82000000000000	0.967071668684086
8.84000000000000	0.970740764654050
8.86000000000000	0.972293372516413
8.88000000000000	0.987258077616508
8.90000000000000	0.992944942206107
8.92000000000000	0.970035332765152
8.94000000000000	0.973505003365675
8.96000000000000	0.975219377648381
8.98000000000000	0.990242364679877
9	0.995804492017744
9.02000000000000	0.972713784023565
9.04000000000000	0.976100552690068
9.06000000000000	0.977695778660818
9.08000000000000	0.992648017360724
9.10000000000000	0.998102747182742
9.12000000000000	0.974867210836193
9.14000000000000	0.978193652221580
9.16000000000000	0.979693580779292
9.18000000000000	0.994604069817116
9.20000000000000	0.999995706363317
9.22000000000000	0.976665323740197
9.24000000000000	0.979972732070523
9.26000000000000	0.981421148376404
9.28000000000000	0.996324753430335
9.30000000000000	1.00168530716246
9.32000000000000	0.978291331223358
9.34000000000000	0.981448144402376
9.36000000000000	0.980476019561816
9.38000000000000	0.994941827743356
9.40000000000000	1.00236844069349
9.42000000000000	0.981246586457183
9.44000000000000	0.982795239754850
9.46000000000000	0.981524969418168
9.48000000000000	0.996157180459117
9.50000000000000	1.00360545164874
9.52000000000000	0.982358583662827
9.54000000000000	0.983798406130680
9.56000000000000	0.982422978308797
9.58000000000000	0.996963623805582
9.60000000000000	1.00429824656047
9.62000000000000	0.982921916764042
9.64000000000000	0.984247723933798
9.66000000000000	0.982752838538206
9.68000000000000	0.997178600277372
9.70000000000000	1.00439406946821
9.72000000000000	0.982901346930373
9.74000000000000	0.984116947396503
9.76000000000000	0.982513252778952
9.78000000000000	0.996830638507757
9.80000000000000	1.00394577190548
9.82000000000000	0.982368993629228
9.84000000000000	0.983496561953554
9.86000000000000	0.981812389839446
9.88000000000000	0.996043370038536
9.90000000000000	1.00308630973116
9.92000000000000	0.981464706359616
9.94000000000000	0.982529787695193
9.96000000000000	0.980796766014644
9.98000000000000	0.994964719813786
10	1.00195914375588
10.0200000000000	0.980325574834353
10.0400000000000	0.981344037867999
10.0600000000000	0.979583703320778
10.0800000000000	0.996190603013364
10.1000000000000	1.00176151283605
10.1200000000000	0.977681808883675
10.1400000000000	0.980193360458994
10.1600000000000	0.980993007293817
10.1800000000000	0.995287413840951
10.2000000000000	1.00001475658317
10.2200000000000	0.976026769089793
10.2400000000000	0.978657928114210
10.2600000000000	0.979450679124331
10.2800000000000	0.993648713569871
10.3000000000000	0.998316062476882
10.3200000000000	0.974311771298308
10.3400000000000	0.976869174108561
10.3600000000000	0.977615735099731
10.3800000000000	0.991731196715412
10.4000000000000	0.996346138972306
10.4200000000000	0.972329523817406
10.4400000000000	0.974820720978568
10.4600000000000	0.975534836042573
10.4800000000000	0.989583012614512
10.5000000000000	0.994169889498600
10.5200000000000	0.970171359082020
10.5400000000000	0.972629578631185
10.5600000000000	0.973346690168512
10.5800000000000	0.987363953413956
10.6000000000000	0.991962691961820
10.6200000000000	0.968021671159269
10.6400000000000	0.970483959205120
10.6600000000000	0.971240243124484
10.6800000000000	0.985260986448749
10.7000000000000	0.989900470379588
10.7200000000000	0.966040093717450
10.7400000000000	0.968524652136032
10.7600000000000	0.969335240243750
10.7800000000000	0.983372085475398
10.8000000000000	0.988056060982800
10.8200000000000	0.964274082621566
10.8400000000000	0.966777261080702
10.8600000000000	0.967635550545383
10.8800000000000	0.981682547312523
10.9000000000000	0.986400337744958
10.9200000000000	0.962683104399599
10.9400000000000	0.965196861990216
10.9600000000000	0.966092952958480
10.9800000000000	0.980145423165990
11	0.984893130755162
11.0200000000000	0.961235555877248
11.0400000000000	0.963765476718039
11.0600000000000	0.964702820103491
11.0800000000000	0.978771798113835
11.1000000000000	0.983561875664503
11.1200000000000	0.959973574729531
11.1400000000000	0.962540417599985
11.1600000000000	0.963535609366482
11.1800000000000	0.977644542178021
11.2000000000000	0.982497715576646
11.2200000000000	0.958993115818074
11.2400000000000	0.961620109762973
11.2600000000000	0.962690189895704
11.2800000000000	0.976861145331857
11.3000000000000	0.981792415391495
11.3200000000000	0.958377755453194
11.3400000000000	0.961077922926851
11.3600000000000	0.962229269771573
11.3800000000000	0.976472850638189
11.4000000000000	0.981484386338617
11.4200000000000	0.958152778466995
11.4400000000000	0.960925742416913
11.4600000000000	0.962152222445056
11.4800000000000	0.976467034298998
11.5000000000000	0.981550139752369
11.5200000000000	0.958285099581048
11.5400000000000	0.961121937972739
11.5600000000000	0.962409874961870
11.5800000000000	0.976787914935280
11.6000000000000	0.981929161087011
11.6200000000000	0.958711323162900
11.6400000000000	0.961601736446175
11.6600000000000	0.962936549820417
11.6800000000000	0.977369557586332
11.7000000000000	0.982557105741225
11.7200000000000	0.959370410880712
11.7400000000000	0.962308512526879
11.7600000000000	0.963680213602876
11.7800000000000	0.978164613891965
11.8000000000000	0.983392789847387
11.8200000000000	0.960228224346689
11.8400000000000	0.963214825674942
11.8600000000000	0.964620321183980
11.8800000000000	0.979158689875016
11.9000000000000	0.984428168574640
11.9200000000000	0.961282695751936
11.9400000000000	0.964322124070186
11.9600000000000	0.965762061981582
11.9800000000000	0.980359001177208
12	0.985670943023504
12.0200000000000	0.962541043439434
12.0400000000000	0.965633463836504
12.0600000000000	0.967104683097186
12.0800000000000	0.981758931942274
12.1000000000000	0.985316553852381
12.1200000000000	0.964899198439267
12.1400000000000	0.966877490690002
12.1600000000000	0.965912205820854
12.1800000000000	0.980336469627599
12.2000000000000	0.987744559842101
12.2200000000000	0.967025545553194
12.2400000000000	0.968483399448429
12.2600000000000	0.967378946237609
12.2800000000000	0.981883448092006
12.3000000000000	0.989346384721486
12.3200000000000	0.968590033542716
12.3400000000000	0.970044564840455
12.3600000000000	0.968913465282026
12.3800000000000	0.983427339388941
12.4000000000000	0.990886733084031
12.4200000000000	0.970075501606370
12.4400000000000	0.971526280487563
12.4600000000000	0.970366771067964
12.4800000000000	0.984884056019944
12.5000000000000	0.992335114733170
12.5200000000000	0.971467433180901
12.5400000000000	0.972913748584627
12.5600000000000	0.971725974911723
12.5800000000000	0.986245322347715
12.6000000000000	0.993687190817161
12.6200000000000	0.972764782917103
12.6400000000000	0.974204726099719
12.6600000000000	0.972987961715169
12.6800000000000	0.987505440853762
12.7000000000000	0.994932945529285
12.7200000000000	0.973954350884247
12.7400000000000	0.975379948832573
12.7600000000000	0.974128443234052
12.7800000000000	0.988634078570209
12.8000000000000	0.996036352113973
12.8200000000000	0.974996364668798
12.8400000000000	0.976394803163956
12.8600000000000	0.975099050854437
12.8800000000000	0.989579085102818
12.9000000000000	0.996943441924187
12.9200000000000	0.975836663780463
12.9400000000000	0.977195278903774
12.9600000000000	0.975846569015398
12.9800000000000	0.990288384440608
13	0.997605265435224
13.0200000000000	0.976430240664818
13.0400000000000	0.977741005693552
13.0600000000000	0.976335446707864
13.0800000000000	0.993219891706968
13.1000000000000	0.999124718347389
13.1200000000000	0.975417033481825
13.1400000000000	0.978219192194853
13.1600000000000	0.979341736852036
13.1800000000000	0.993923427750236
13.2000000000000	0.998973179417497
13.2200000000000	0.975315816683740
13.2400000000000	0.978254261594978
13.2600000000000	0.979359257262391
13.2800000000000	0.993873263117409
13.3000000000000	0.998871052116066
13.3200000000000	0.975175040882762
13.3400000000000	0.978070982179812
13.3600000000000	0.979134134884965
13.3800000000000	0.993604816347187
13.4000000000000	0.998563588285627
13.4200000000000	0.974833888945529
13.4400000000000	0.977684964915745
13.4600000000000	0.978710450655680
13.4800000000000	0.993136577355003
13.5000000000000	0.998057170884128
13.5200000000000	0.974298756447003
13.5400000000000	0.977103600186852
13.5600000000000	0.978093817820039
13.5800000000000	0.992473550456919
13.6000000000000	0.997357372617715
13.6200000000000	0.973575725909099
13.6400000000000	0.976334945647129
13.6600000000000	0.977293513379551
13.6800000000000	0.991627426165165
13.7000000000000	0.996478568321525
13.7200000000000	0.972681613905109
13.7400000000000	0.975399959286509
13.7600000000000	0.976333847863417
13.7800000000000	0.990626710961407
13.8000000000000	0.995453301162782
13.8200000000000	0.971652305699102
13.8400000000000	0.974338738768670
13.8600000000000	0.975258508150804
13.8800000000000	0.989519190132010
13.9000000000000	0.994332553061742
13.9200000000000	0.970826485533580
13.9400000000000	0.975754236397131
13.9600000000000	0.975094722187663
13.9800000000000	0.992550543590549
14	0.991677801017957
14.0200000000000	0.969846694049482
14.0400000000000	0.974920634199506
14.0600000000000	0.974020861875011
14.0800000000000	0.991350291863236
14.1000000000000	0.990518974868320
14.1200000000000	0.968738316168226
14.1400000000000	0.973806104862666
14.1600000000000	0.972916013560223
14.1800000000000	0.990222863458259
14.2000000000000	0.989416586638144
14.2200000000000	0.967664643330795
14.2400000000000	0.972725987123665
14.2600000000000	0.971849990854897
14.2800000000000	0.989136195285255
14.3000000000000	0.988354161828334
14.3200000000000	0.966631483161235
14.3400000000000	0.971690077752452
14.3600000000000	0.970830956684166
14.3800000000000	0.988101830615975
14.4000000000000	0.987348219020143
14.4200000000000	0.965659577122117
14.4400000000000	0.970724222698209
14.4600000000000	0.969889389958334
14.4800000000000	0.987156053311557
14.5000000000000	0.986438834670480
14.5200000000000	0.964791773937436
14.5400000000000	0.969873982285393
14.5600000000000	0.969072418644023
14.5800000000000	0.986348015616557
14.6000000000000	0.985674395920367
14.6200000000000	0.964074627004366
14.6400000000000	0.969183556306220
14.6600000000000	0.968421144068375
14.6800000000000	0.985716206455524
14.7000000000000	0.985088865357856
14.7200000000000	0.963537119837989
14.7400000000000	0.968677018622613
14.7600000000000	0.967954808693507
14.7800000000000	0.985275602126862
14.8000000000000	0.984692500413940
14.8200000000000	0.963185005941238
14.8400000000000	0.968356367630639
14.8600000000000	0.967672075466537
14.8800000000000	0.985021920970052
14.9000000000000	0.984478546215263
14.9200000000000	0.963009520527315
14.9400000000000	0.968211702753262
14.9600000000000	0.967562034133006
14.9800000000000	0.984943387362430
15	0.984435033596415
15.0200000000000	0.962998873949170
15.0400000000000	0.968231974162693
15.0600000000000	0.967614124168248
15.0800000000000	0.985029970377224
15.1000000000000	0.984552955077293
15.1200000000000	0.963145252039330
15.1400000000000	0.968410646924525
15.1600000000000	0.967822836629456
15.1800000000000	0.985277127393679
15.2000000000000	0.984828881238862
15.2200000000000	0.963446262444333
15.2400000000000	0.968745874015957
15.2600000000000	0.968186914389880
15.2800000000000	0.985683796297873
15.3000000000000	0.985261738526245
15.3200000000000	0.963900539412071
15.3400000000000	0.969234955020402
15.3600000000000	0.968702659884532
15.3800000000000	0.986244430205949
15.4000000000000	0.985843986524262
15.4200000000000	0.964498338304100
15.4400000000000	0.965425202392284
15.4600000000000	0.981318064011231
15.4800000000000	0.985713194305339
15.5000000000000	0.987167306837524
15.5200000000000	0.968251096309147
15.5400000000000	0.966471891813985
15.5600000000000	0.981668807185138
15.5800000000000	0.986331530704231
15.6000000000000	0.987992624855880
15.6200000000000	0.969090022055410
15.6400000000000	0.967293845353799
15.6600000000000	0.982500085077455
15.6800000000000	0.987186066925866
15.7000000000000	0.988844133977012
15.7200000000000	0.969927372844050
15.7400000000000	0.968139285189461
15.7600000000000	0.983357725043354
15.7800000000000	0.988053924574820
15.8000000000000	0.989698326967453
15.8200000000000	0.970761636306697
15.8400000000000	0.968977543549622
15.8600000000000	0.984203120518721
15.8800000000000	0.988904941453056
15.9000000000000	0.990532887251825
15.9200000000000	0.971574733556034
15.9400000000000	0.969793456140311
15.9600000000000	0.985024618740184
15.9800000000000	0.989730601932329
16	0.991341551006128
16.0200000000000	0.972361765833056
16.0400000000000	0.970581945538844
16.0600000000000	0.985816726386225
16.0800000000000	0.990524302563944
16.1000000000000	0.992116054821796
16.1200000000000	0.973112230596397
16.1400000000000	0.971329210880035
16.1600000000000	0.986562460677775
16.1800000000000	0.991265874363605
16.2000000000000	0.992833561238020
16.2200000000000	0.973800900353945
16.2400000000000	0.972007551291069
16.2600000000000	0.987231938812141
16.2800000000000	0.991923758028503
16.3000000000000	0.993462131975056
16.3200000000000	0.974396236308634
16.3400000000000	0.972585970106980
16.3600000000000	0.987794810248584
16.3800000000000	0.992468699074133
16.4000000000000	0.993974719389142
16.4200000000000	0.974873865454880
16.4400000000000	0.973042412850574
16.4600000000000	0.988231241841929
16.4800000000000	0.992883250263800
16.5000000000000	0.994356683812620
16.5200000000000	0.975221846547116
16.5400000000000	0.973366977745025
16.5600000000000	0.988533285904572
16.5800000000000	0.993161447122623
16.6000000000000	0.994604003283089
16.6200000000000	0.975437785695193
16.6400000000000	0.973558536753747
16.6600000000000	0.988701076748310
16.6800000000000	0.993304665580765
16.7000000000000	0.994719125746798
16.7200000000000	0.975525035663105
16.7400000000000	0.973621374740105
16.7600000000000	0.988739793112328
16.7800000000000	0.993318797009873
16.8000000000000	0.994708402483198
16.8200000000000	0.975490360769950
16.8400000000000	0.973562696079634
16.8600000000000	0.988656970174646
16.8800000000000	0.993211389597681
16.9000000000000	0.994579080900038
16.9200000000000	0.975340650125624
16.9400000000000	0.973388919043126
16.9600000000000	0.988458528182474
16.9800000000000	0.993628660540183
17	0.996853563936476
17.0200000000000	0.974325169854267
17.0400000000000	0.969617470510023
17.0600000000000	0.986941457906752
17.0800000000000	0.993645303464285
17.1000000000000	0.996847156593681
17.1200000000000	0.973998077914322
17.1400000000000	0.969180404927513
17.1600000000000	0.986509785281768
17.1800000000000	0.993216003535815
17.2000000000000	0.996402932505483
17.2200000000000	0.973537893927387
17.2400000000000	0.968701781899515
17.2600000000000	0.986004401651293
17.2800000000000	0.992687347107308
17.3000000000000	0.995863225625945
17.3200000000000	0.972992556069566
17.3400000000000	0.968142596717932
17.3600000000000	0.985419128856628
17.3800000000000	0.992082000204565
17.4000000000000	0.995253568781571
17.4200000000000	0.972384755278695
17.4400000000000	0.967526868405173
17.4600000000000	0.984782046970035
17.4800000000000	0.991430846130604
17.5000000000000	0.994605663653721
17.5200000000000	0.971746392931912
17.5400000000000	0.966886863503503
17.5600000000000	0.984126268797191
17.5800000000000	0.990766916008166
17.6000000000000	0.993950924558291
17.6200000000000	0.971106452037842
17.6400000000000	0.966249713647542
17.6600000000000	0.983477734495591
17.6800000000000	0.990114448639783
17.7000000000000	0.993311033544219
17.7200000000000	0.970483968373078
17.7400000000000	0.965632803794215
17.7600000000000	0.982852770111438
17.7800000000000	0.989488634632058
17.8000000000000	0.994323650704288
17.8200000000000	0.969055208438067
17.8400000000000	0.964097674798249
17.8600000000000	0.983660952780883
17.8800000000000	0.991654927105493
17.9000000000000	0.993826128336474
17.9200000000000	0.968018369696811
17.9400000000000	0.963408725543250
17.9600000000000	0.983184825581641
17.9800000000000	0.991180536441143
18	0.993330448135028
18.0200000000000	0.967534834796593
18.0400000000000	0.962947490937493
18.0600000000000	0.982731954651805
18.0800000000000	0.990735556280529
18.1000000000000	0.992905585698479
18.1200000000000	0.967133259269482
18.1400000000000	0.962562058210959
18.1600000000000	0.982352498355943
18.1800000000000	0.990366088540234
18.2000000000000	0.992557044062642
18.2200000000000	0.966807244630684
18.2400000000000	0.962252739693663
18.2600000000000	0.982052278470342
18.2800000000000	0.990079126911282
18.3000000000000	0.992292582856275
18.3200000000000	0.966566112745127
18.3400000000000	0.962031038381603
18.3600000000000	0.981844702260865
18.3800000000000	0.989889295652048
18.4000000000000	0.992127040812619
18.4200000000000	0.966424845291636
18.4400000000000	0.961911493913569
18.4600000000000	0.981743774699560
18.4800000000000	0.989809133066707
18.5000000000000	0.992070337005822
18.5200000000000	0.966391058916018
18.5400000000000	0.961899087774161
18.5600000000000	0.981751837305252
18.5800000000000	0.989837980691933
18.6000000000000	0.992118951975859
18.6200000000000	0.966458764375503
18.6400000000000	0.961985644273049
18.6600000000000	0.981858532173795
18.6800000000000	0.989963793072361
18.7000000000000	0.992260272616678
18.7200000000000	0.966614829657720
18.7400000000000	0.962157883791477
18.7600000000000	0.982050327275709
18.7800000000000	0.990173412002678
18.8000000000000	0.992482252644639
18.8200000000000	0.966848153880447
18.8400000000000	0.962405594111833
18.8600000000000	0.982317669391374
18.8800000000000	0.990458043389747
18.9000000000000	0.992776708439057
18.9200000000000	0.967151173664785
18.9400000000000	0.962721488990498
18.9600000000000	0.982653283645958
18.9800000000000	0.990810172434690
19	0.993135626926426
19.0200000000000	0.967515603821344
19.0400000000000	0.963096780223609
19.0600000000000	0.983047628611905
19.0800000000000	0.991219443552038
19.1000000000000	0.993548212131885
19.1200000000000	0.967930310657733
19.1400000000000	0.963519876621426
19.1600000000000	0.983488373049685
19.1800000000000	0.991673021055587
19.2000000000000	0.994001871592399
19.2200000000000	0.968382756902207
19.2400000000000	0.965109119712334
19.2600000000000	0.986486937656113
19.2800000000000	0.986030343427995
19.3000000000000	0.993118186271608
19.3200000000000	0.967923037877270
19.3400000000000	0.966123794469408
19.3600000000000	0.987335469826978
19.3800000000000	0.986539144919087
19.4000000000000	0.993549968006553
19.4200000000000	0.968393430610164
19.4400000000000	0.966623122753232
19.4600000000000	0.987842189295328
19.4800000000000	0.987037452579029
19.5000000000000	0.994038151747622
19.5200000000000	0.968870204787753
19.5400000000000	0.967093066458864
19.5600000000000	0.988313358891472
19.5800000000000	0.987501023678386
19.6000000000000	0.994487775604296
19.6200000000000	0.969302137848828
19.6400000000000	0.967512855349207
19.6600000000000	0.988729924962631
19.6800000000000	0.987907451875982
19.7000000000000	0.994878786303574
19.7200000000000	0.969674589713443
19.7400000000000	0.967872878573733
19.7600000000000	0.989085990957396
19.7800000000000	0.988254241241589
19.8000000000000	0.995211930411112
19.8200000000000	0.969991346991485
19.8400000000000	0.968178957588767
19.8600000000000	0.989388733564792
19.8800000000000	0.988548798005590
19.9000000000000	0.995494304404878
19.9200000000000	0.970259101976100
19.9400000000000	0.968436429818479
19.9600000000000	0.989641619480465
19.9800000000000	0.988792252339522
20	0.995724785443602
20.0200000000000	0.970474654212914
20.0400000000000	0.968639848898678
20.0600000000000	0.989836922135570
20.0800000000000	0.988975311738137
20.1000000000000	0.995892980065539
20.1200000000000	0.970626665273705
20.1400000000000	0.968777293636675
20.1600000000000	0.989962369828324
20.1800000000000	0.989086249547359
20.2000000000000	0.995988008079824
20.2200000000000	0.970705122364352
20.2400000000000	0.968839857281612
20.2600000000000	0.990010222149579
20.2800000000000	0.989118628107422
20.3000000000000	0.996004833151446
20.3200000000000	0.970706421022843
20.3400000000000	0.968825347397555
20.3600000000000	0.989979513471636
20.3800000000000	0.989072313231018
20.4000000000000	0.995944303296942
20.4200000000000	0.970632493403958
20.4400000000000	0.970635847846106
20.4600000000000	0.984713606288777
20.4800000000000	0.987603015580535
20.5000000000000	0.995068167167810
20.5200000000000	0.972452832650220
20.5400000000000	0.971333605871393
20.5600000000000	0.984492825356882
20.5800000000000	0.987266314357245
20.6000000000000	0.994837001287544
20.6200000000000	0.972271764144244
20.6400000000000	0.971144536563228
20.6600000000000	0.984283473151398
20.6800000000000	0.987044451558321
20.7000000000000	0.994607748239174
20.7200000000000	0.972039035891232
20.7400000000000	0.970904936954211
20.7600000000000	0.984030264100152
20.7800000000000	0.986780328483248
20.8000000000000	0.994337397417249
20.8200000000000	0.971765657318687
20.8400000000000	0.970623375404774
20.8600000000000	0.983733515721020
20.8800000000000	0.986472346054350
20.9000000000000	0.994023905754957
20.9200000000000	0.971449958859128
20.9400000000000	0.970300049613372
20.9600000000000	0.983395100639501
20.9800000000000	0.986124065025760
21	0.993672341132159
21.0200000000000	0.971098834731348
21.0400000000000	0.969944080016984
21.0600000000000	0.983026019672320
21.0800000000000	0.985748494134982
21.1000000000000	0.993297514219523
21.1200000000000	0.970728704162797
21.1400000000000	0.969573330876934
21.1600000000000	0.982645770955706
21.1800000000000	0.985366337740381
21.2000000000000	0.992920814401661
21.2200000000000	0.970361197646453
21.2400000000000	0.969209529229651
21.2600000000000	0.982276915308832
21.2800000000000	0.984999975220261
21.3000000000000	0.992563779081597
21.3200000000000	0.970016647687597
21.3400000000000	0.968871828744731
21.3600000000000	0.981938156789031
21.3800000000000	0.984333659390982
21.4000000000000	0.994393631721113
21.4200000000000	0.972194332972314
21.4400000000000	0.970027869884999
21.4600000000000	0.980101841088719
21.4800000000000	0.983829228604094
21.5000000000000	0.994312135842730
21.5200000000000	0.972028839375964
21.5400000000000	0.969772765732877
21.5600000000000	0.979839383929968
21.5800000000000	0.983583443671029
21.6000000000000	0.994080614669472
21.6200000000000	0.971811219870233
21.6400000000000	0.969561537888411
21.6600000000000	0.979631460885171
21.6800000000000	0.983379535020108
21.7000000000000	0.993885193985234
21.7200000000000	0.971626682742912
21.7400000000000	0.969381746355879
21.7600000000000	0.979454656471517
21.7800000000000	0.983207827574494
21.8000000000000	0.993722553281964
21.8200000000000	0.971474921932431
21.8400000000000	0.969237045737321
21.8600000000000	0.979315853648468
21.8800000000000	0.983077483377939
21.9000000000000	0.993603974089757
21.9200000000000	0.971369673209548
21.9400000000000	0.969142972342907
21.9600000000000	0.979231863487969
21.9800000000000	0.983005396390199
22	0.993545872110703
22.0200000000000	0.307914054868695
22.0400000000000	0.308668455883262
22.0600000000000	0.303952270400338
22.0800000000000	0.294146676405757
22.1000000000000	0.301111805709352
22.1200000000000	0.297775064037806
22.1400000000000	0.309723903426656
22.1600000000000	0.331184170930472
22.1800000000000	0.320241941061018
22.2000000000000	0.338788743968893
22.2200000000000	0.353081349829750
22.2400000000000	0.359201917346062
22.2600000000000	0.372184350777107
22.2800000000000	0.368507936714372
22.3000000000000	0.386953641858481
22.3200000000000	0.392796994401929
22.3400000000000	0.413786351291783
22.3600000000000	0.407406966172637
22.3800000000000	0.404313652431493
22.4000000000000	0.395080243026434
22.4200000000000	0.427016234933473
22.4400000000000	0.401770082542285
22.4600000000000	0.384398409226412
22.4800000000000	0.389919085025394
22.5000000000000	0.363572876801762
22.5200000000000	0.351822461846362
22.5400000000000	0.314498004823500
22.5600000000000	0.301395295023289
22.5800000000000	0.267751025730412
22.6000000000000	0.243455586062624
22.6200000000000	0.182675317660400
22.6400000000000	0.154933007139791
22.6600000000000	0.115369881509496
22.6800000000000	0.0777430693698197
22.7000000000000	-0.00390377507930333
22.7200000000000	-0.0352547886565618
22.7400000000000	-0.0817182914159640
22.7600000000000	-0.124131550236926
22.7800000000000	-0.210994560614403
22.8000000000000	-0.210409387054473
22.8200000000000	-0.238624541282542
22.8400000000000	-0.296771667728082
22.8600000000000	-0.356523645718161
22.8800000000000	-0.330596563903743
22.9000000000000	-0.324706651606979
22.9200000000000	-0.329850026880240
22.9400000000000	-0.303568539953579
22.9600000000000	-0.262603100299962
22.9800000000000	-0.210008921987383
23	-0.159959334272414
23.0200000000000	-0.0926252113412872
23.0400000000000	-0.0124359850190644
23.0600000000000	0.0519021743266359
23.0800000000000	0.126676964675083
23.1000000000000	0.190699503518742
23.1200000000000	0.263840649937051
23.1400000000000	0.305498171823828
23.1600000000000	0.342914628093420
23.1800000000000	0.368195286743327
23.2000000000000	0.401756034769815
23.2200000000000	0.406683099793013
23.2400000000000	0.401198030897610
23.2600000000000	0.394963131987939
23.2800000000000	0.405204243477929
23.3000000000000	0.342309582481063
23.3200000000000	0.335334554064016
23.3400000000000	0.306218945520536
23.3600000000000	0.278809601608591
23.3800000000000	0.208278181777579
23.4000000000000	0.180871503724686
23.4200000000000	0.136040153245642
23.4400000000000	0.0932796572864072
23.4600000000000	0.00648777234227419
23.4800000000000	-0.00647827568353800
23.5000000000000	-0.0783869983327722
23.5200000000000	-0.131518573733543
23.5400000000000	-0.223856048927692
23.5600000000000	-0.226876855879104
23.5800000000000	-0.257534768126996
23.6000000000000	-0.314560953942701
23.6200000000000	-0.334898001245209
23.6400000000000	-0.335468277513262
23.6600000000000	-0.318671107180058
23.6800000000000	-0.306138778053985
23.7000000000000	-0.260870029042301
23.7200000000000	-0.198813494173784
23.7400000000000	-0.130248612611946
23.7600000000000	-0.0492773142418737
23.7800000000000	0.0348274900046652
23.8000000000000	0.121623845343415
23.8200000000000	0.196283512642273
23.8400000000000	0.265967634978490
23.8600000000000	0.311418346600998
23.8800000000000	0.368533629076399
23.9000000000000	0.389724325364715
23.9200000000000	0.397650726321435
23.9400000000000	0.395936860449259
23.9600000000000	0.389410372698079
23.9800000000000	0.355959776977712
24	0.344315994720978
24.0200000000000	0.323380975674551
24.0400000000000	0.252031878493112
24.0600000000000	0.196629266424764
24.0800000000000	0.137994709549999
24.1000000000000	0.113597942679285
24.1200000000000	-0.00570706893036694
24.1400000000000	-0.0427861544272963
24.1600000000000	-0.0971921302473640
24.1800000000000	-0.145349185623586
24.2000000000000	-0.235901193504574
24.2200000000000	-0.236373243070955
24.2400000000000	-0.264280529749594
24.2600000000000	-0.317924189811998
24.2800000000000	-0.335825001249742
24.3000000000000	-0.339400530134095
24.3200000000000	-0.321094030339020
24.3400000000000	-0.310741741983870
24.3600000000000	-0.268366779964798
24.3800000000000	-0.209848946292077
24.4000000000000	-0.145336173486528
24.4200000000000	-0.0734097758767083
24.4400000000000	0.00893131438271947
24.4600000000000	0.0960904212034100
24.4800000000000	0.171565724269834
24.5000000000000	0.242687334558055
24.5200000000000	0.305117134821935
24.5400000000000	0.361407722519529
24.5600000000000	0.381463146754557
24.5800000000000	0.393834685477511
24.6000000000000	0.392135088158429
24.6200000000000	0.403168375622709
24.6400000000000	0.338705064209490
24.6600000000000	0.324567390086408
24.6800000000000	0.283698863025511
24.7000000000000	0.242372338071142
24.7200000000000	0.161220409896668
24.7400000000000	0.118577544110079
24.7600000000000	0.0878503728087061
24.7800000000000	-0.0377073924501189
24.8000000000000	-0.0795412626910783
24.8200000000000	-0.137899552128409
24.8400000000000	-0.188015556763883
24.8600000000000	-0.277553960166174
24.8800000000000	-0.286979888778995
24.9000000000000	-0.298916521559262
24.9200000000000	-0.357102336358172
24.9400000000000	-0.345219005715044
24.9600000000000	-0.332865606608117
24.9800000000000	-0.300364647081909
25	-0.273574184160860
25.0200000000000	-0.198471569291700
25.0400000000000	-0.133328034968198
25.0600000000000	-0.0484584994755746
25.0800000000000	0.0270610011987874
25.1000000000000	0.111251898717511
25.1200000000000	0.193837604330754
25.1400000000000	0.249379955448724
25.1600000000000	0.313137356123679
25.1800000000000	0.352039208950946
25.2000000000000	0.391552263640487
25.2200000000000	0.381752315015012
25.2400000000000	0.398054945339966
25.2600000000000	0.387973688484322
25.2800000000000	0.375339447026957
25.3000000000000	0.335017464376877
25.3200000000000	0.321617045249171
25.3400000000000	0.297790415058008
25.3600000000000	0.224340607064130
25.3800000000000	0.168365621167942
25.4000000000000	0.109387609976745
25.4200000000000	0.0844103878980444
25.4400000000000	-0.0351589718169996
25.4600000000000	-0.0719957092797907
25.4800000000000	-0.126797971016715
25.5000000000000	-0.174499061287075
25.5200000000000	-0.263340004278993
25.5400000000000	-0.261600907303137
25.5600000000000	-0.285564623964009
25.5800000000000	-0.331063648120553
25.6000000000000	-0.339413639238237
25.6200000000000	-0.330840247709163
25.6400000000000	-0.301403571950851
25.6600000000000	-0.280786974007203
25.6800000000000	-0.215011684573794
25.7000000000000	-0.148243412363223
25.7200000000000	-0.0629793396756406
25.7400000000000	0.0121701734867705
25.7600000000000	0.106478035947955
25.7800000000000	0.189925006163691
25.8000000000000	0.265830993001410
25.8200000000000	0.322261205600025
25.8400000000000	0.364442142517654
25.8600000000000	0.394392151444884
25.8800000000000	0.404503929089519
25.9000000000000	0.409965490982466
25.9200000000000	0.409834037583465
25.9400000000000	0.363050888929158
25.9600000000000	0.324073206360610
25.9800000000000	0.279231446614633
26	0.264964505260918
26.0200000000000	0.159929371018440
26.0400000000000	0.130735035723913
26.0600000000000	0.0801743728501661
26.0800000000000	0.0345206433914371
26.1000000000000	-0.0539102872766689
26.1200000000000	-0.0633370871548405
26.1400000000000	-0.0998804594235643
26.1600000000000	-0.177683438101988
26.1800000000000	-0.224552482233822
26.2000000000000	-0.265256103632638
26.2200000000000	-0.277646295267168
26.2400000000000	-0.345793721717755
26.2600000000000	-0.343221472801108
26.2800000000000	-0.343895305409172
26.3000000000000	-0.326921397347209
26.3200000000000	-0.321573317321163
26.3400000000000	-0.256507382351652
26.3600000000000	-0.195171692279684
26.3800000000000	-0.124105144745734
26.4000000000000	-0.0484239044332566
26.4200000000000	0.0338191168929517
26.4400000000000	0.114426510638831
26.4600000000000	0.198091166076910
26.4800000000000	0.268375568318138
26.5000000000000	0.338978135274768
26.5200000000000	0.373085536334044
26.5400000000000	0.394542272016078
26.5600000000000	0.398626210669723
26.5800000000000	0.411222588179143
26.6000000000000	0.346430766226099
26.6200000000000	0.328963227599361
26.6400000000000	0.284635404467862
26.6600000000000	0.240215729553901
26.6800000000000	0.157859593877106
26.7000000000000	0.132840279493965
26.7200000000000	0.0883392301011402
26.7400000000000	-0.00342683186302462
26.7600000000000	-0.0673607115126116
26.7800000000000	-0.130185407996879
26.8000000000000	-0.177769083779862
26.8200000000000	-0.263755236033531
26.8400000000000	-0.259316345951141
26.8600000000000	-0.281099314743821
26.8800000000000	-0.326916749729671
26.9000000000000	-0.338433120652966
26.9200000000000	-0.336766351817378
26.9400000000000	-0.315790945271362
26.9600000000000	-0.312762821735100
26.9800000000000	-0.262699713319707
27	-0.212992336015695
27.0200000000000	-0.144284004665815
27.0400000000000	-0.0697162791621601
27.0600000000000	-0.000783881407846612
27.0800000000000	0.0738011847865318
27.1000000000000	0.150922066147983
27.1200000000000	0.224737517888215
27.1400000000000	0.287275994424036
27.1600000000000	0.346281911168171
27.1800000000000	0.365457968479054
27.2000000000000	0.397783298274812
27.2200000000000	0.401302389273358
27.2400000000000	0.398269800399804
27.2600000000000	0.366404128488853
27.2800000000000	0.350339530272655
27.3000000000000	0.323624529289642
27.3200000000000	0.245017358482263
27.3400000000000	0.181401404429359
27.3600000000000	0.113680659543935
27.3800000000000	0.0537229608320422
27.4000000000000	-0.0463768020832757
27.4200000000000	-0.0682592204459405
27.4400000000000	-0.115865069968404
27.4600000000000	-0.201848705737863
27.4800000000000	-0.253156634627551
27.5000000000000	-0.293698552003940
27.5200000000000	-0.304196287310998
27.5400000000000	-0.358539320194982
27.5600000000000	-0.343882209455276
27.5800000000000	-0.311898563800358
27.6000000000000	-0.295715395571490
27.6200000000000	-0.249702197454959
27.6400000000000	-0.189398494883930
27.6600000000000	-0.122950354844234
27.6800000000000	-0.0442262427093918
27.7000000000000	0.0307121248453247
27.7200000000000	0.113412135750529
27.7400000000000	0.183530518410453
27.7600000000000	0.253954143134113
27.7800000000000	0.305413317930840
27.8000000000000	0.356262251485328
27.8200000000000	0.376074581548903
27.8400000000000	0.391905607931950
27.8600000000000	0.396980385831141
27.8800000000000	0.414814211590286
27.9000000000000	0.362507342181572
27.9200000000000	0.356261016233253
27.9400000000000	0.323973848005804
27.9600000000000	0.292635879982603
27.9800000000000	0.213720875410160
28	0.184987440275289
28.0200000000000	0.132860229007984
28.0400000000000	0.0832572267463151
28.0600000000000	-0.00955097530080777
28.0800000000000	-0.0272745217564388
28.1000000000000	-0.0713483482205341
28.1200000000000	-0.189215844994030
28.1400000000000	-0.221039009978825
28.1600000000000	-0.264357565466372
28.1800000000000	-0.295542311073347
28.2000000000000	-0.357519333044949
28.2200000000000	-0.331926938538401
28.2400000000000	-0.323837760503611
28.2600000000000	-0.322532020263927
28.2800000000000	-0.287535955061638
28.3000000000000	-0.235241023792199
28.3200000000000	-0.171656881414669
28.3400000000000	-0.109775796375357
28.3600000000000	-0.0161344345490729
28.3800000000000	0.0576530259348311
28.4000000000000	0.139208614585227
28.4200000000000	0.217629211750433
28.4400000000000	0.278421832569096
28.4600000000000	0.333817522424189
28.4800000000000	0.356765066814415
28.5000000000000	0.390653232622462
28.5200000000000	0.417492586825982
28.5400000000000	0.402031479052434
28.5600000000000	0.377749205113571
28.5800000000000	0.369575438859569
28.6000000000000	0.353564952507366
28.6200000000000	0.288465766396555
28.6400000000000	0.238231194004873
28.6600000000000	0.185282160766887
28.6800000000000	0.166955075046440
28.7000000000000	0.0547165752935699
28.7200000000000	0.0234936227777148
28.7400000000000	-0.0269971495104147
28.7600000000000	-0.0717963053824672
28.7800000000000	-0.160645160965273
28.8000000000000	-0.163989642888408
28.8200000000000	-0.196207793630926
28.8400000000000	-0.262933986448598
28.8600000000000	-0.296746121593658
28.8800000000000	-0.321265132343637
28.9000000000000	-0.321149353329009
28.9200000000000	-0.357618772295781
28.9400000000000	-0.332174109705263
28.9600000000000	-0.306313121908550
28.9800000000000	-0.261036000735695
29	-0.217932648232162
29.0200000000000	-0.136495649471647
29.0400000000000	-0.0556989316477054
29.0600000000000	0.0234008098368688
29.0800000000000	0.107548950374814
29.1000000000000	0.188670945038160
29.1200000000000	0.260189895907369
29.1400000000000	0.323334854151919
29.1600000000000	0.365499630267679
29.1800000000000	0.406291639591346
29.2000000000000	0.404211032290662
29.2200000000000	0.396042808858148
29.2400000000000	0.375759052905634
29.2600000000000	0.353969861691238
29.2800000000000	0.298186163265971
29.3000000000000	0.279110426686986
29.3200000000000	0.245110366137803
29.3400000000000	0.160681065671669
29.3600000000000	0.0978186041775272
29.3800000000000	0.0346720401923351
29.4000000000000	0.00713783447625655
29.4200000000000	-0.111042108503224
29.4400000000000	-0.144392646033758
29.4600000000000	-0.192129060415413
29.4800000000000	-0.230854095285722
29.5000000000000	-0.279946196427077
29.5200000000000	-0.305388117283982
29.5400000000000	-0.310401397125902
29.5600000000000	-0.359604504275186
29.5800000000000	-0.344101695222669
29.6000000000000	-0.330463637073862
29.6200000000000	-0.298978380359461
29.6400000000000	-0.275528397604161
29.6600000000000	-0.205636038483147
29.6800000000000	-0.144017559817201
29.7000000000000	-0.0666814553745892
29.7200000000000	0.00782113258661129
29.7400000000000	0.0832008047167906
29.7600000000000	0.159827619074811
29.7800000000000	0.227524901420400
29.8000000000000	0.293962090953999
29.8200000000000	0.340511912661103
29.8400000000000	0.379445451496868
29.8600000000000	0.399095702353551
29.8800000000000	0.409641285143896
29.9000000000000	0.416850028097659
29.9200000000000	0.376733639945164
29.9400000000000	0.340427893803237
29.9600000000000	0.295308379208494
29.9800000000000	0.257321738472591
30	0.178543440496411
30.0200000000000	0.153132575713713
30.0400000000000	0.107985690272760
30.0600000000000	0.0138214104281073
30.0800000000000	-0.0536572497604779
30.1000000000000	-0.118416728179244
30.1200000000000	-0.171866981283483
30.1400000000000	-0.262070038137992
30.1600000000000	-0.261078839141494
30.1800000000000	-0.285139142611194
30.2000000000000	-0.330899063788126
30.2200000000000	-0.340067240803471
30.2400000000000	-0.333237282203705
30.2600000000000	-0.306426357684408
30.2800000000000	-0.292361659939110
30.3000000000000	-0.234183276991733
30.3200000000000	-0.176680362704378
30.3400000000000	-0.111157580281928
30.3600000000000	-0.0294401636652484
30.3800000000000	0.0501049897451615
30.4000000000000	0.126937535250513
30.4200000000000	0.192326694139160
30.4400000000000	0.261987995548023
30.4600000000000	0.308786595636798
30.4800000000000	0.352951934497975
30.5000000000000	0.384068088996533
30.5200000000000	0.397585880480701
30.5400000000000	0.399226247225237
30.5600000000000	0.397917162526705
30.5800000000000	0.382552417695813
30.6000000000000	0.355279693116945
30.6200000000000	0.355669831992165
30.6400000000000	0.292196514536321
30.6600000000000	0.242973276024391
30.6800000000000	0.189583290251274
30.7000000000000	0.179957013126393
30.7200000000000	0.0578441097442759
30.7400000000000	0.0423719524042343
30.7600000000000	0.000299789402087700
30.7800000000000	-0.0878528425922447
30.8000000000000	-0.147035094412944
30.8200000000000	-0.202021623580302
30.8400000000000	-0.225209544062646
30.8600000000000	-0.314240368704585
30.8800000000000	-0.325497730679390
30.9000000000000	-0.341158019088302
30.9200000000000	-0.339401532998827
30.9400000000000	-0.326355691098953
30.9600000000000	-0.295269645036669
30.9800000000000	-0.248383538003054
31	-0.202409479132433
31.0200000000000	-0.140806714583527
31.0400000000000	-0.0457389454664823
31.0600000000000	0.0376177499257829
31.0800000000000	0.125115269806308
31.1000000000000	0.199372710046681
31.1200000000000	0.268443586735845
31.1400000000000	0.309348887175698
31.1600000000000	0.357027520025541
31.1800000000000	0.381317860148489
31.2000000000000	0.400653544502220
31.2200000000000	0.399117384497272
31.2400000000000	0.400154490317025
31.2600000000000	0.397491966767770
31.2800000000000	0.349340400356108
31.3000000000000	0.312100481025779
31.3200000000000	0.270274426120241
31.3400000000000	0.260060943163234
31.3600000000000	0.159324993375054
31.3800000000000	0.134930289809937
31.4000000000000	0.0893459517396430
31.4200000000000	0.0477693188074964
31.4400000000000	-0.0371278532702180
31.4600000000000	-0.0442289937487978
31.4800000000000	-0.0789844050132953
31.5000000000000	-0.156966132396451
31.5200000000000	-0.205159997565139
31.5400000000000	-0.248348312453920
31.5600000000000	-0.262897177615496
31.5800000000000	-0.337213373826120
31.6000000000000	-0.339370276792914
31.6200000000000	-0.345439817861466
31.6400000000000	-0.333929426141318
31.6600000000000	-0.335558529068904
31.6800000000000	-0.273559623882941
31.7000000000000	-0.216440622121224
31.7200000000000	-0.157430189183050
31.7400000000000	-0.0749935957554804
31.7600000000000	0.0103698231391220
31.7800000000000	0.0874394341312398
31.8000000000000	0.172680789671451
31.8200000000000	0.243744648117736
31.8400000000000	0.312133763899903
31.8600000000000	0.344598611025677
31.8800000000000	0.383126936753563
31.9000000000000	0.397829261777928
31.9200000000000	0.403482964740076
31.9400000000000	0.382120567476750
31.9600000000000	0.374351255434154
31.9800000000000	0.358999838131232
32	0.295543094675402
32.0200000000000	0.246615364513617
32.0400000000000	0.194336193767038
32.0600000000000	0.176069594681582
32.0800000000000	0.0641775702338162
32.1000000000000	0.0449077167396523
32.1200000000000	0.0205721675037166
32.1400000000000	-0.0623311807614276
32.1600000000000	-0.116458194617319
32.1800000000000	-0.167302104452486
32.2000000000000	-0.186270409608568
32.2200000000000	-0.279304016908960
32.2400000000000	-0.294801453501396
32.2600000000000	-0.319486544554974
32.2800000000000	-0.331721904112133
32.3000000000000	-0.370408257036349
32.3200000000000	-0.331323219372073
32.3400000000000	-0.307610138266788
32.3600000000000	-0.288605322977533
32.3800000000000	-0.241272975173521
32.4000000000000	-0.179490920875779
32.4200000000000	-0.111664794885798
32.4400000000000	-0.0294745832027469
32.4600000000000	0.0473641003778622
32.4800000000000	0.132333443871632
32.5000000000000	0.200310913016655
32.5200000000000	0.266399914298046
32.5400000000000	0.316439215075212
32.5600000000000	0.367957176611323
32.5800000000000	0.381423993736863
32.6000000000000	0.395971054697569
32.6200000000000	0.391994260484340
32.6400000000000	0.382473899959710
32.6600000000000	0.344047908762124
32.6800000000000	0.328365246700570
32.7000000000000	0.301896338194156
32.7200000000000	0.190640015261876
32.7400000000000	0.157693892479594
32.7600000000000	0.101831507724054
32.7800000000000	0.0499014124268749
32.8000000000000	-0.0451013930850397
32.8200000000000	-0.0777956953361473
32.8400000000000	-0.106034502728737
32.8600000000000	-0.216223228764960
32.8800000000000	-0.243571836604149
32.9000000000000	-0.281332834356885
32.9200000000000	-0.306814171665677
32.9400000000000	-0.362521653413890
32.9600000000000	-0.333478821735321
32.9800000000000	-0.323253575096747
33	-0.321611752167893
33.0200000000000	-0.289126699978466
33.0400000000000	-0.241861840586384
33.0600000000000	-0.185319160204896
33.0800000000000	-0.128020236097219
33.1000000000000	-0.0381810486650744
33.1200000000000	0.0284542435911306
33.1400000000000	0.109660077771183
33.1600000000000	0.178903142923929
33.1800000000000	0.240826770100349
33.2000000000000	0.304262567892548
33.2200000000000	0.333063544597735
33.2400000000000	0.373982207912463
33.2600000000000	0.390191909613676
33.2800000000000	0.402323347903295
33.3000000000000	0.393145411713004
33.3200000000000	0.390693535595824
33.3400000000000	0.383134395375457
33.3600000000000	0.328154405828035
33.3800000000000	0.284171803114098
33.4000000000000	0.234527180953837
33.4200000000000	0.216079405637341
33.4400000000000	0.103073349340840
33.4600000000000	0.0798347826491893
33.4800000000000	0.0494351693868269
33.5000000000000	-0.0411441105772929
33.5200000000000	-0.103608114743840
33.5400000000000	-0.162549378236478
33.5600000000000	-0.188520905515144
33.5800000000000	-0.286719447770006
33.6000000000000	-0.286945732285610
33.6200000000000	-0.304562550223580
33.6400000000000	-0.339609401294140
33.6600000000000	-0.338098336075205
33.6800000000000	-0.319726424624038
33.7000000000000	-0.283346405508882
33.7200000000000	-0.252893538453592
33.7400000000000	-0.183587722878868
33.7600000000000	-0.121646994154128
33.7800000000000	-0.0300410656317611
33.8000000000000	0.0487138501766169
33.8200000000000	0.129082353392653
33.8400000000000	0.202152912465575
33.8600000000000	0.258431512924123
33.8800000000000	0.315234540509610
33.9000000000000	0.351142629787805
33.9200000000000	0.382376626327785
33.9400000000000	0.396959899932470
33.9600000000000	0.407017002396111
33.9800000000000	0.415403229213154
34	0.380556109285250
34.0200000000000	0.353050270196763
34.0400000000000	0.319798239817579
34.0600000000000	0.315058188847721
34.0800000000000	0.223548259437647
34.1000000000000	0.203157828675160
34.1200000000000	0.160512795436910
34.1400000000000	0.121214176555921
34.1600000000000	0.0402225882250144
34.1800000000000	0.0299190476233916
34.2000000000000	-0.00591947577896419
34.2200000000000	-0.0881460554562198
34.2400000000000	-0.142244815968032
34.2600000000000	-0.193248220890750
34.2800000000000	-0.213560396647927
34.3000000000000	-0.303349451197937
34.3200000000000	-0.316440033310643
34.3400000000000	-0.335829355819152
34.3600000000000	-0.341291843533507
34.3800000000000	-0.334085139547356
34.4000000000000	-0.310197217515341
34.4200000000000	-0.269038802227243
34.4400000000000	-0.230667629689108
34.4600000000000	-0.155091390940650
34.4800000000000	-0.0682376611026438
34.5000000000000	0.00241038089222909
34.5200000000000	0.0867825465360323
34.5400000000000	0.167830623691423
34.5600000000000	0.240317744851267
34.5800000000000	0.293855701196198
34.6000000000000	0.349124141936571
34.6200000000000	0.379146557723785
34.6400000000000	0.400227359734205
34.6600000000000	0.399007613533059
34.6800000000000	0.399313228247656
34.7000000000000	0.395989340123803
34.7200000000000	0.346921290742790
34.7400000000000	0.308747250830181
34.7600000000000	0.266334512728626
34.7800000000000	0.256090070721114
34.8000000000000	0.161324600250064
34.8200000000000	0.152489961553157
34.8400000000000	0.123509794540571
34.8600000000000	0.0452309121203557
34.8800000000000	-0.00775883190376167
34.9000000000000	-0.0601208586225232
34.9200000000000	-0.0788559925730991
34.9400000000000	-0.183924597942452
34.9600000000000	-0.207910238116031
34.9800000000000	-0.245646796746099
35	-0.275049199103640
35.0200000000000	-0.341059413233430
35.0400000000000	-0.320390968751609
35.0600000000000	-0.322896921600436
35.0800000000000	-0.339541071368921
35.1000000000000	-0.322875502375337
35.1200000000000	-0.289795636561002
35.1400000000000	-0.241868210801167
35.1600000000000	-0.194224699245742
35.1800000000000	-0.117578708310054
35.2000000000000	-0.0283548150446380
35.2200000000000	0.0559039553686616
35.2400000000000	0.142222863359293
35.2600000000000	0.215150246220088
35.2800000000000	0.282658966760668
35.3000000000000	0.319632721619124
35.3200000000000	0.365022239089811
35.3400000000000	0.385365464947310
35.3600000000000	0.398761166751240
35.3800000000000	0.387953631459829
35.4000000000000	0.367246218326234
35.4200000000000	0.366318231568268
35.4400000000000	0.281991762052701
35.4600000000000	0.259221949680427
35.4800000000000	0.212535914325348
35.5000000000000	0.168962175579150
35.5200000000000	0.109740589497879
35.5400000000000	0.0500759047750644
35.5600000000000	0.0255746878814449
35.5800000000000	-0.0902611489957605
35.6000000000000	-0.121887710417947
35.6200000000000	-0.169132703606230
35.6400000000000	-0.208584510357102
35.6600000000000	-0.288173208151957
35.6800000000000	-0.278107569518579
35.7000000000000	-0.292905946765439
35.7200000000000	-0.355821442526400
35.7400000000000	-0.346419111470065
35.7600000000000	-0.339926164692283
35.7800000000000	-0.316287943419510
35.8000000000000	-0.303616593232252
35.8200000000000	-0.237659460320142
35.8400000000000	-0.182656601438336
35.8600000000000	-0.118839556925282
35.8800000000000	-0.0376462509665419
35.9000000000000	0.0431307207368694
35.9200000000000	0.122312725790506
35.9400000000000	0.192213308678593
35.9600000000000	0.261450140286693
35.9800000000000	0.313247041478702
36	0.357692906995703
36.0200000000000	0.386335887475294
36.0400000000000	0.403711125477763
36.0600000000000	0.418595202177382
36.0800000000000	0.388305742921878
36.1000000000000	0.360887592677100
36.1200000000000	0.324905247225095
36.1400000000000	0.295154499410852
36.1600000000000	0.227146645714737
36.1800000000000	0.205830173258178
36.2000000000000	0.167486040188375
36.2200000000000	0.0790772013203136
36.2400000000000	0.0141619912837675
36.2600000000000	-0.0523568185001939
36.2800000000000	-0.104247451081772
36.3000000000000	-0.198679684715099
36.3200000000000	-0.204134033309546
36.3400000000000	-0.236924638667507
36.3600000000000	-0.322697977441560
36.3800000000000	-0.330818827807391
36.4000000000000	-0.343054154123892
36.4200000000000	-0.338462631252414
36.4400000000000	-0.349890805191407
36.4600000000000	-0.293716704349385
36.4800000000000	-0.245861158284675
36.5000000000000	-0.199039896000316
36.5200000000000	-0.131752608178397
36.5400000000000	-0.0558566878651662
36.5600000000000	0.0179280042603218
36.5800000000000	0.0975326125638463
36.6000000000000	0.167499070753293
36.6200000000000	0.247417651585557
36.6400000000000	0.297276361391746
36.6600000000000	0.340251349140754
36.6800000000000	0.370968553630921
36.7000000000000	0.403930477417574
36.7200000000000	0.403564883053624
36.7400000000000	0.395973871319419
36.7600000000000	0.379499432905305
36.7800000000000	0.383676100715372
36.8000000000000	0.309878167552958
36.8200000000000	0.295749885163483
36.8400000000000	0.257698196065279
36.8600000000000	0.221474578635231
36.8800000000000	0.147319181780929
36.9000000000000	0.112322472622139
36.9200000000000	0.0903090285168900
36.9400000000000	-0.0263939264976197
36.9600000000000	-0.0610896924552934
36.9800000000000	-0.113836372805322
37	-0.160276737283000
37.0200000000000	-0.249109173811461
37.0400000000000	-0.248132404245843
37.0600000000000	-0.273992274124372
37.0800000000000	-0.344853986823017
37.1000000000000	-0.342919802617679
37.1200000000000	-0.342716359583966
37.1400000000000	-0.323082333483499
37.1600000000000	-0.312075228390252
37.1800000000000	-0.242982269354349
37.2000000000000	-0.177087365741832
37.2200000000000	-0.104817376158718
37.2400000000000	-0.0247708055373590
37.2600000000000	0.0520454587486358
37.2800000000000	0.131505888392950
37.3000000000000	0.212935617995940
37.3200000000000	0.271101333225004
37.3400000000000	0.333906374221388
37.3600000000000	0.361631548871404
37.3800000000000	0.383725975117084
37.4000000000000	0.392697257590545
37.4200000000000	0.412655498761199
37.4400000000000	0.365389470003732
37.4600000000000	0.363416275115776
37.4800000000000	0.337272402756127
37.5000000000000	0.312804835833302
37.5200000000000	0.257778265876861
37.5400000000000	0.247167305733749
37.5600000000000	0.222561725375208
37.5800000000000	0.149299327455175
37.6000000000000	0.0980808696403628
37.6200000000000	0.0458634386379964
37.6400000000000	0.0283730894675013
37.6600000000000	-0.0818179922411663
37.6800000000000	-0.109704103582013
37.7000000000000	-0.154573457492057
37.7200000000000	-0.193412865397392
37.7400000000000	-0.274519905297617
37.7600000000000	-0.266822686484219
37.7800000000000	-0.286774369655683
37.8000000000000	-0.350414848639933
37.8200000000000	-0.345813513012413
37.8400000000000	-0.341055222558943
37.8600000000000	-0.317390075333023
37.8800000000000	-0.301923607865091
37.9000000000000	-0.231048376897143
37.9200000000000	-0.162061572529700
37.9400000000000	-0.0890585769351410
37.9600000000000	-0.00242775334194386
37.9800000000000	0.0836909933866215
38	0.164450369535040
38.0200000000000	0.243128938130409
38.0400000000000	0.301751609167982
38.0600000000000	0.358845659129806
38.0800000000000	0.379031672161173
38.1000000000000	0.391833880415741
38.1200000000000	0.391369950704816
38.1400000000000	0.403919569743790
38.1600000000000	0.342717251178289
38.1800000000000	0.332247156489646
38.2000000000000	0.296581634178538
38.2200000000000	0.264112676045052
38.2400000000000	0.214141135615647
38.2600000000000	0.161777905352945
38.2800000000000	0.144471190130361
38.3000000000000	0.0334995656148039
38.3200000000000	0.00438232448971227
38.3400000000000	-0.0435306972039122
38.3600000000000	-0.0857771378259587
38.3800000000000	-0.171996605686570
38.4000000000000	-0.171934635458022
38.4200000000000	-0.201302742211171
38.4400000000000	-0.265403867872883
38.4600000000000	-0.297293428896697
38.4800000000000	-0.320481022824041
38.5000000000000	-0.320163639750009
38.5200000000000	-0.357912756745749
38.5400000000000	-0.334696538523497
38.5600000000000	-0.312039498138902
38.5800000000000	-0.270593951070495
38.6000000000000	-0.232929226298382
38.6200000000000	-0.154974953726644
38.6400000000000	-0.0749872036108392
38.6600000000000	0.00670896634517966
38.6800000000000	0.0845802166580610
38.7000000000000	0.164394579120962
38.7200000000000	0.238036294409778
38.7400000000000	0.299364025397809
38.7600000000000	0.344539829794579
38.7800000000000	0.388522654220727
38.8000000000000	0.393217015676644
38.8200000000000	0.392850207027116
38.8400000000000	0.380578233766304
38.8600000000000	0.366658679176207
38.8800000000000	0.322266245486660
38.9000000000000	0.305534897518446
38.9200000000000	0.276476016593288
38.9400000000000	0.177475346131301
38.9600000000000	0.128458637582164
38.9800000000000	0.0729256156732548
39	0.0218478013683431
39.0200000000000	-0.0723511593051470
39.0400000000000	-0.0851426391959230
39.0600000000000	-0.126679457215316
39.0800000000000	-0.233101964117198
39.1000000000000	-0.257738116012103
39.1200000000000	-0.292174277743267
39.1400000000000	-0.314231501273245
39.1600000000000	-0.365819820369148
39.1800000000000	-0.334357737587945
39.2000000000000	-0.321097110182863
39.2200000000000	-0.315656645919593
39.2400000000000	-0.280268773651698
39.2600000000000	-0.230453874462657
39.2800000000000	-0.171974487149854
39.3000000000000	-0.116840879505493
39.3200000000000	-0.0329792867612388
39.3400000000000	0.0484282059268620
39.3600000000000	0.121555797056646
39.3800000000000	0.196816545351709
39.4000000000000	0.253093854863565
39.4200000000000	0.317905465037115
39.4400000000000	0.355883479632028
39.4600000000000	0.376960055005621
39.4800000000000	0.390087517295496
39.5000000000000	0.411054089063462
39.5200000000000	0.367408726463114
39.5400000000000	0.374339159807650
39.5600000000000	0.362922305300827
39.5800000000000	0.311976278387220
39.6000000000000	0.264419552084691
39.6200000000000	0.211224660365456
39.6400000000000	0.190062570948125
39.6600000000000	0.0738732040930671
39.6800000000000	0.0372183760276554
39.7000000000000	0.0178292008172054
39.7200000000000	-0.0725733452189972
39.7400000000000	-0.133453862250542
39.7600000000000	-0.190006551606199
39.7800000000000	-0.214447956949820
39.8000000000000	-0.306628825712496
39.8200000000000	-0.303253151290971
39.8400000000000	-0.314981904613533
39.8600000000000	-0.341669923136357
39.8800000000000	-0.332491189681126
39.9000000000000	-0.306112025048178
39.9200000000000	-0.263591510715382
39.9400000000000	-0.224601989893636
39.9600000000000	-0.151245342824397
39.9800000000000	-0.0658196630044584
40	0.00803007411779053