0											0
1											0
2											0.223728813559322
3											0.316949152542373
4											0.347457627118644
5											0.371186440677966
6											0.394915254237288
7											0.41864406779661
8											0.435593220338983
9											0.447457627118644
10											0.464406779661017
11											0.474576271186441
12											0.488135593220339
13											0.496610169491525
14											0.501694915254237
15											0.506779661016949
16											0.510169491525424
17											0.511864406779661
18											0.511864406779661
19											0.51864406779661
20											0.525423728813559
21											0.530508474576271
22											0.533898305084746
23											0.53728813559322
24											0.540677966101695
25											0.545762711864407
26											0.549152542372881
27											0.550847457627119
28											0.55593220338983
29											0.56271186440678
30											0.566101694915254
31											0.567796610169492
32											0.567796610169492
33											0.574576271186441
34											0.579661016949153
35											0.58135593220339
36											0.584745762711865
37											0.589830508474576
38											0.593220338983051
39											0.598305084745763
40											0.601694915254237
41											0.601694915254237
42											0.603389830508475
43											0.606779661016949
44											0.608474576271187
45											0.610169491525424
46											0.613559322033898
47											0.61864406779661
48											0.620338983050848
49											0.623728813559322
50											0.625423728813559
51											0.627118644067796
52											0.627118644067796
53											0.628813559322034
54											0.632203389830508
55											0.633898305084746
56											0.635593220338983
57											0.635593220338983
58											0.63728813559322
59											0.63728813559322
60											0.640677966101695
61											0.640677966101695
62											0.644067796610169
63											0.647457627118644
64											0.647457627118644
65											0.649152542372881
66											0.652542372881356
67											0.654237288135593
68											0.654237288135593
69											0.65593220338983
70											0.65593220338983
71											0.657627118644068
72											0.661016949152542
73											0.661016949152542
74											0.66271186440678
75											0.664406779661017
76											0.669491525423729
77											0.669491525423729
78											0.671186440677966
79											0.671186440677966
80											0.671186440677966
81											0.674576271186441
82											0.674576271186441
83											0.674576271186441
84											0.674576271186441
85											0.674576271186441
86											0.674576271186441
87											0.674576271186441
88											0.676271186440678
89											0.676271186440678
90											0.676271186440678
91											0.676271186440678
92											0.677966101694915
93											0.677966101694915
94											0.679661016949152
95											0.68135593220339
96											0.68135593220339
97											0.68135593220339
98											0.683050847457627
99											0.683050847457627
100											0.684745762711864
101											0.684745762711864
102											0.684745762711864
103											0.684745762711864
104											0.684745762711864
105											0.684745762711864
106											0.684745762711864
107											0.686440677966102
108											0.689830508474576
109											0.689830508474576
110											0.693220338983051
111											0.693220338983051
112											0.696610169491525
113											0.696610169491525
114											0.696610169491525
115											0.696610169491525
116											0.698305084745763
117											0.698305084745763
118											0.698305084745763
119											0.698305084745763
120											0.698305084745763
121											0.698305084745763
122											0.698305084745763
123											0.698305084745763
124											0.698305084745763
125											0.698305084745763
126											0.698305084745763
127											0.7
128											0.7
129											0.7
130											0.7
131											0.7
132											0.7
133											0.701694915254237
134											0.701694915254237
135											0.701694915254237
136											0.703389830508475
137											0.703389830508475
138											0.703389830508475
139											0.703389830508475
140											0.705084745762712
141											0.705084745762712
142											0.705084745762712
143											0.705084745762712
144											0.705084745762712
145											0.705084745762712
146											0.705084745762712
147											0.705084745762712
148											0.705084745762712
149											0.705084745762712
150											0.705084745762712
151											0.705084745762712
152											0.705084745762712
153											0.705084745762712
154											0.705084745762712
155											0.708474576271186
156											0.708474576271186
157											0.708474576271186
158											0.708474576271186
159											0.708474576271186
160											0.710169491525424
161											0.710169491525424
162											0.710169491525424
163											0.710169491525424
164											0.710169491525424
165											0.710169491525424
166											0.710169491525424
167											0.710169491525424
168											0.710169491525424
169											0.710169491525424
170											0.710169491525424
171											0.710169491525424
172											0.710169491525424
173											0.710169491525424
174											0.710169491525424
175											0.710169491525424
176											0.710169491525424
177											0.710169491525424
178											0.710169491525424
179											0.710169491525424
180											0.710169491525424
181											0.710169491525424
182											0.710169491525424
183											0.710169491525424
184											0.710169491525424
185											0.710169491525424
186											0.710169491525424
187											0.710169491525424
188											0.710169491525424
189											0.710169491525424
190											0.710169491525424
191											0.710169491525424
192											0.710169491525424
193											0.710169491525424
194											0.710169491525424
195											0.710169491525424
196											0.710169491525424
197											0.710169491525424
198											0.710169491525424
199											0.710169491525424
200											0.711864406779661
201											0.711864406779661
202											0.711864406779661
203											0.711864406779661
204											0.711864406779661
205											0.711864406779661
206											0.713559322033898
207											0.713559322033898
208											0.713559322033898
209											0.713559322033898
210											0.713559322033898
211											0.715254237288136
212											0.716949152542373
213											0.71864406779661
214											0.71864406779661
215											0.71864406779661
216											0.71864406779661
217											0.71864406779661
218											0.71864406779661
219											0.71864406779661
220											0.71864406779661
221											0.720338983050848
222											0.720338983050848
223											0.720338983050848
224											0.722033898305085
225											0.722033898305085
226											0.723728813559322
227											0.723728813559322
228											0.723728813559322
229											0.723728813559322
230											0.723728813559322
231											0.723728813559322
232											0.723728813559322
233											0.725423728813559
234											0.725423728813559
235											0.725423728813559
236											0.725423728813559
237											0.725423728813559
238											0.725423728813559
239											0.725423728813559
240											0.725423728813559
241											0.725423728813559
242											0.725423728813559
243											0.725423728813559
244											0.725423728813559
245											0.725423728813559
246											0.725423728813559
247											0.725423728813559
248											0.725423728813559
249											0.725423728813559
250											0.725423728813559
251											0.725423728813559
252											0.725423728813559
253											0.725423728813559
254											0.725423728813559
255											0.725423728813559
256											0.725423728813559
257											0.727118644067797
258											0.728813559322034
259											0.728813559322034
260											0.728813559322034
261											0.728813559322034
262											0.728813559322034
263											0.728813559322034
264											0.728813559322034
265											0.728813559322034
266											0.728813559322034
267											0.728813559322034
268											0.730508474576271
269											0.730508474576271
270											0.730508474576271
271											0.730508474576271
272											0.730508474576271
273											0.730508474576271
274											0.730508474576271
275											0.730508474576271
276											0.730508474576271
277											0.730508474576271
278											0.730508474576271
279											0.730508474576271
280											0.730508474576271
281											0.730508474576271
282											0.730508474576271
283											0.730508474576271
284											0.730508474576271
285											0.730508474576271
286											0.730508474576271
287											0.730508474576271
288											0.730508474576271
289											0.730508474576271
290											0.730508474576271
291											0.730508474576271
292											0.730508474576271
293											0.730508474576271
294											0.730508474576271
295											0.730508474576271
296											0.730508474576271
297											0.730508474576271
298											0.730508474576271
299											0.730508474576271
300											0.730508474576271
301											0.730508474576271
302											0.730508474576271
303											0.730508474576271
304											0.730508474576271
305											0.730508474576271
306											0.730508474576271
307											0.730508474576271
308											0.732203389830509
309											0.732203389830509
310											0.732203389830509
311											0.733898305084746
312											0.733898305084746
313											0.733898305084746
314											0.733898305084746
315											0.733898305084746
316											0.735593220338983
317											0.735593220338983
318											0.735593220338983
319											0.735593220338983
320											0.735593220338983
321											0.735593220338983
322											0.735593220338983
323											0.735593220338983
324											0.735593220338983
325											0.735593220338983
326											0.735593220338983
327											0.735593220338983
328											0.735593220338983
329											0.737288135593221
330											0.737288135593221
331											0.737288135593221
332											0.737288135593221
333											0.737288135593221
334											0.737288135593221
335											0.737288135593221
336											0.737288135593221
337											0.737288135593221
338											0.737288135593221
339											0.737288135593221
340											0.737288135593221
341											0.737288135593221
342											0.737288135593221
343											0.737288135593221
344											0.737288135593221
345											0.737288135593221
346											0.737288135593221
347											0.737288135593221
348											0.737288135593221
349											0.737288135593221
350											0.737288135593221
351											0.737288135593221
352											0.737288135593221
353											0.737288135593221
354											0.737288135593221
355											0.737288135593221
356											0.737288135593221
357											0.737288135593221
358											0.737288135593221
359											0.737288135593221
360											0.737288135593221
361											0.737288135593221
362											0.737288135593221
363											0.737288135593221
364											0.737288135593221
365											0.737288135593221
366											0.737288135593221
367											0.737288135593221
368											0.737288135593221
369											0.737288135593221
370											0.737288135593221
371											0.737288135593221
372											0.737288135593221
373											0.737288135593221
374											0.737288135593221
375											0.737288135593221
376											0.737288135593221
377											0.737288135593221
378											0.737288135593221
379											0.737288135593221
380											0.737288135593221
381											0.737288135593221
382											0.737288135593221
383											0.737288135593221
384											0.737288135593221
385											0.737288135593221
386											0.737288135593221
387											0.737288135593221
388											0.737288135593221
389											0.737288135593221
390											0.737288135593221
391											0.737288135593221
392											0.737288135593221
393											0.737288135593221
394											0.737288135593221
395											0.737288135593221
396											0.737288135593221
397											0.737288135593221
398											0.737288135593221
399											0.737288135593221
400											0.737288135593221