0											0
1											0
2											0.194915254237288
3											0.264406779661017
4											0.305084745762712
5											0.330508474576271
6											0.357627118644068
7											0.377966101694915
8											0.391525423728813
9											0.403389830508474
10											0.411864406779661
11											0.413559322033898
12											0.415254237288136
13											0.415254237288136
14											0.41864406779661
15											0.420338983050847
16											0.422033898305085
17											0.425423728813559
18											0.427118644067797
19											0.427118644067797
20											0.427118644067797
21											0.427118644067797
22											0.427118644067797
23											0.430508474576271
24											0.430508474576271
25											0.432203389830509
26											0.433898305084746
27											0.433898305084746
28											0.435593220338983
29											0.435593220338983
30											0.435593220338983
31											0.435593220338983
32											0.435593220338983
33											0.435593220338983
34											0.435593220338983
35											0.43728813559322
36											0.438983050847458
37											0.438983050847458
38											0.438983050847458
39											0.438983050847458
40											0.438983050847458
41											0.440677966101695
42											0.442372881355932
43											0.442372881355932
44											0.442372881355932
45											0.44406779661017
46											0.445762711864407
47											0.447457627118644
48											0.447457627118644
49											0.447457627118644
50											0.449152542372882
51											0.449152542372882
52											0.449152542372882
53											0.449152542372882
54											0.449152542372882
55											0.450847457627119
56											0.450847457627119
57											0.450847457627119
58											0.450847457627119
59											0.452542372881356
60											0.452542372881356
61											0.452542372881356
62											0.452542372881356
63											0.452542372881356
64											0.452542372881356
65											0.454237288135593
66											0.454237288135593
67											0.454237288135593
68											0.455932203389831
69											0.455932203389831
70											0.455932203389831
71											0.455932203389831
72											0.455932203389831
73											0.457627118644068
74											0.459322033898305
75											0.459322033898305
76											0.459322033898305
77											0.459322033898305
78											0.461016949152543
79											0.464406779661017
80											0.466101694915255
81											0.466101694915255
82											0.466101694915255
83											0.466101694915255
84											0.467796610169492
85											0.469491525423729
86											0.472881355932204
87											0.472881355932204
88											0.472881355932204
89											0.472881355932204
90											0.472881355932204
91											0.472881355932204
92											0.474576271186441
93											0.474576271186441
94											0.474576271186441
95											0.474576271186441
96											0.474576271186441
97											0.474576271186441
98											0.474576271186441
99											0.476271186440678
100											0.476271186440678
101											0.479661016949153
102											0.479661016949153
103											0.479661016949153
104											0.479661016949153
105											0.479661016949153
106											0.479661016949153
107											0.479661016949153
108											0.479661016949153
109											0.479661016949153
110											0.479661016949153
111											0.48135593220339
112											0.483050847457628
113											0.484745762711865
114											0.486440677966102
115											0.486440677966102
116											0.486440677966102
117											0.486440677966102
118											0.486440677966102
119											0.486440677966102
120											0.486440677966102
121											0.488135593220339
122											0.488135593220339
123											0.488135593220339
124											0.488135593220339
125											0.488135593220339
126											0.488135593220339
127											0.488135593220339
128											0.488135593220339
129											0.488135593220339
130											0.488135593220339
131											0.488135593220339
132											0.493220338983051
133											0.494915254237288
134											0.494915254237288
135											0.494915254237288
136											0.494915254237288
137											0.494915254237288
138											0.494915254237288
139											0.494915254237288
140											0.494915254237288
141											0.494915254237288
142											0.494915254237288
143											0.494915254237288
144											0.496610169491526
145											0.496610169491526
146											0.496610169491526
147											0.496610169491526
148											0.496610169491526
149											0.496610169491526
150											0.496610169491526
151											0.496610169491526
152											0.498305084745763
153											0.498305084745763
154											0.5
155											0.503389830508475
156											0.503389830508475
157											0.503389830508475
158											0.505084745762712
159											0.506779661016949
160											0.506779661016949
161											0.508474576271186
162											0.508474576271186
163											0.508474576271186
164											0.508474576271186
165											0.508474576271186
166											0.510169491525424
167											0.510169491525424
168											0.510169491525424
169											0.510169491525424
170											0.510169491525424
171											0.510169491525424
172											0.510169491525424
173											0.510169491525424
174											0.510169491525424
175											0.511864406779661
176											0.511864406779661
177											0.511864406779661
178											0.511864406779661
179											0.511864406779661
180											0.511864406779661
181											0.511864406779661
182											0.511864406779661
183											0.511864406779661
184											0.511864406779661
185											0.511864406779661
186											0.511864406779661
187											0.511864406779661
188											0.511864406779661
189											0.511864406779661
190											0.511864406779661
191											0.511864406779661
192											0.511864406779661
193											0.511864406779661
194											0.511864406779661
195											0.513559322033898
196											0.513559322033898
197											0.513559322033898
198											0.513559322033898
199											0.513559322033898
200											0.513559322033898
201											0.513559322033898
202											0.513559322033898
203											0.513559322033898
204											0.515254237288136
205											0.515254237288136
206											0.515254237288136
207											0.515254237288136
208											0.515254237288136
209											0.515254237288136
210											0.515254237288136
211											0.515254237288136
212											0.515254237288136
213											0.515254237288136
214											0.516949152542373
215											0.516949152542373
216											0.51864406779661
217											0.51864406779661
218											0.51864406779661
219											0.51864406779661
220											0.520338983050847
221											0.520338983050847
222											0.520338983050847
223											0.522033898305085
224											0.522033898305085
225											0.522033898305085
226											0.522033898305085
227											0.522033898305085
228											0.522033898305085
229											0.522033898305085
230											0.523728813559322
231											0.523728813559322
232											0.523728813559322
233											0.523728813559322
234											0.523728813559322
235											0.525423728813559
236											0.525423728813559
237											0.525423728813559
238											0.525423728813559
239											0.525423728813559
240											0.525423728813559
241											0.525423728813559
242											0.525423728813559
243											0.525423728813559
244											0.525423728813559
245											0.525423728813559
246											0.525423728813559
247											0.525423728813559
248											0.527118644067796
249											0.527118644067796
250											0.527118644067796
251											0.527118644067796
252											0.527118644067796
253											0.527118644067796
254											0.527118644067796
255											0.527118644067796
256											0.527118644067796
257											0.527118644067796
258											0.527118644067796
259											0.527118644067796
260											0.527118644067796
261											0.527118644067796
262											0.527118644067796
263											0.527118644067796
264											0.527118644067796
265											0.527118644067796
266											0.527118644067796
267											0.527118644067796
268											0.528813559322034
269											0.528813559322034
270											0.528813559322034
271											0.528813559322034
272											0.528813559322034
273											0.528813559322034
274											0.530508474576271
275											0.530508474576271
276											0.530508474576271
277											0.530508474576271
278											0.530508474576271
279											0.530508474576271
280											0.532203389830508
281											0.532203389830508
282											0.532203389830508
283											0.532203389830508
284											0.532203389830508
285											0.532203389830508
286											0.532203389830508
287											0.532203389830508
288											0.532203389830508
289											0.532203389830508
290											0.532203389830508
291											0.532203389830508
292											0.532203389830508
293											0.532203389830508
294											0.532203389830508
295											0.532203389830508
296											0.532203389830508
297											0.532203389830508
298											0.532203389830508
299											0.532203389830508
300											0.532203389830508
301											0.532203389830508
302											0.532203389830508
303											0.532203389830508
304											0.533898305084746
305											0.533898305084746
306											0.535593220338983
307											0.535593220338983
308											0.535593220338983
309											0.535593220338983
310											0.535593220338983
311											0.53728813559322
312											0.538983050847457
313											0.538983050847457
314											0.538983050847457
315											0.538983050847457
316											0.538983050847457
317											0.538983050847457
318											0.538983050847457
319											0.538983050847457
320											0.538983050847457
321											0.538983050847457
322											0.538983050847457
323											0.538983050847457
324											0.538983050847457
325											0.538983050847457
326											0.538983050847457
327											0.538983050847457
328											0.538983050847457
329											0.538983050847457
330											0.538983050847457
331											0.538983050847457
332											0.538983050847457
333											0.538983050847457
334											0.538983050847457
335											0.538983050847457
336											0.540677966101695
337											0.540677966101695
338											0.540677966101695
339											0.540677966101695
340											0.540677966101695
341											0.540677966101695
342											0.540677966101695
343											0.540677966101695
344											0.540677966101695
345											0.540677966101695
346											0.542372881355932
347											0.542372881355932
348											0.542372881355932
349											0.542372881355932
350											0.542372881355932
351											0.542372881355932
352											0.544067796610169
353											0.545762711864407
354											0.545762711864407
355											0.545762711864407
356											0.545762711864407
357											0.545762711864407
358											0.545762711864407
359											0.545762711864407
360											0.545762711864407
361											0.545762711864407
362											0.545762711864407
363											0.545762711864407
364											0.545762711864407
365											0.545762711864407
366											0.545762711864407
367											0.545762711864407
368											0.545762711864407
369											0.545762711864407
370											0.545762711864407
371											0.545762711864407
372											0.545762711864407
373											0.545762711864407
374											0.545762711864407
375											0.545762711864407
376											0.545762711864407
377											0.545762711864407
378											0.545762711864407
379											0.547457627118644
380											0.547457627118644
381											0.547457627118644
382											0.547457627118644
383											0.547457627118644
384											0.547457627118644
385											0.549152542372881
386											0.549152542372881
387											0.549152542372881
388											0.549152542372881
389											0.549152542372881
390											0.549152542372881
391											0.549152542372881
392											0.550847457627119
393											0.550847457627119
394											0.550847457627119
395											0.550847457627119
396											0.550847457627119
397											0.550847457627119
398											0.550847457627119
399											0.550847457627119
400											0.550847457627119