0											0
1											0
2											0.249152542372881
3											0.310169491525424
4											0.349152542372882
5											0.377966101694915
6											0.403389830508475
7											0.416949152542373
8											0.433898305084746
9											0.461016949152543
10											0.469491525423729
11											0.476271186440678
12											0.488135593220339
13											0.493220338983051
14											0.503389830508475
15											0.511864406779661
16											0.523728813559322
17											0.528813559322034
18											0.53728813559322
19											0.549152542372881
20											0.557627118644068
21											0.567796610169492
22											0.576271186440678
23											0.579661016949153
24											0.586440677966102
25											0.593220338983051
26											0.6
27											0.606779661016949
28											0.610169491525424
29											0.611864406779661
30											0.615254237288136
31											0.615254237288136
32											0.616949152542373
33											0.622033898305085
34											0.628813559322034
35											0.632203389830509
36											0.635593220338983
37											0.638983050847458
38											0.645762711864407
39											0.649152542372881
40											0.650847457627118
41											0.652542372881356
42											0.652542372881356
43											0.654237288135593
44											0.657627118644068
45											0.659322033898305
46											0.659322033898305
47											0.661016949152542
48											0.661016949152542
49											0.664406779661017
50											0.664406779661017
51											0.667796610169491
52											0.667796610169491
53											0.669491525423729
54											0.671186440677966
55											0.671186440677966
56											0.671186440677966
57											0.67457627118644
58											0.676271186440678
59											0.676271186440678
60											0.676271186440678
61											0.677966101694915
62											0.677966101694915
63											0.677966101694915
64											0.68135593220339
65											0.683050847457627
66											0.683050847457627
67											0.684745762711864
68											0.684745762711864
69											0.684745762711864
70											0.684745762711864
71											0.684745762711864
72											0.686440677966102
73											0.688135593220339
74											0.691525423728813
75											0.691525423728813
76											0.694915254237288
77											0.694915254237288
78											0.694915254237288
79											0.698305084745763
80											0.698305084745763
81											0.698305084745763
82											0.698305084745763
83											0.698305084745763
84											0.698305084745763
85											0.7
86											0.703389830508475
87											0.703389830508475
88											0.705084745762712
89											0.705084745762712
90											0.705084745762712
91											0.705084745762712
92											0.705084745762712
93											0.708474576271186
94											0.708474576271186
95											0.708474576271186
96											0.708474576271186
97											0.710169491525424
98											0.711864406779661
99											0.711864406779661
100											0.711864406779661
101											0.711864406779661
102											0.711864406779661
103											0.711864406779661
104											0.711864406779661
105											0.711864406779661
106											0.711864406779661
107											0.711864406779661
108											0.711864406779661
109											0.715254237288136
110											0.715254237288136
111											0.715254237288136
112											0.715254237288136
113											0.716949152542373
114											0.716949152542373
115											0.716949152542373
116											0.71864406779661
117											0.71864406779661
118											0.71864406779661
119											0.71864406779661
120											0.71864406779661
121											0.71864406779661
122											0.71864406779661
123											0.71864406779661
124											0.71864406779661
125											0.71864406779661
126											0.720338983050848
127											0.720338983050848
128											0.720338983050848
129											0.720338983050848
130											0.720338983050848
131											0.722033898305085
132											0.722033898305085
133											0.722033898305085
134											0.722033898305085
135											0.722033898305085
136											0.723728813559322
137											0.725423728813559
138											0.725423728813559
139											0.725423728813559
140											0.725423728813559
141											0.725423728813559
142											0.725423728813559
143											0.725423728813559
144											0.725423728813559
145											0.725423728813559
146											0.725423728813559
147											0.727118644067797
148											0.727118644067797
149											0.727118644067797
150											0.727118644067797
151											0.727118644067797
152											0.727118644067797
153											0.727118644067797
154											0.727118644067797
155											0.727118644067797
156											0.727118644067797
157											0.727118644067797
158											0.727118644067797
159											0.727118644067797
160											0.727118644067797
161											0.727118644067797
162											0.727118644067797
163											0.727118644067797
164											0.727118644067797
165											0.727118644067797
166											0.727118644067797
167											0.728813559322034
168											0.728813559322034
169											0.728813559322034
170											0.730508474576271
171											0.730508474576271
172											0.730508474576271
173											0.730508474576271
174											0.730508474576271
175											0.732203389830509
176											0.732203389830509
177											0.732203389830509
178											0.732203389830509
179											0.732203389830509
180											0.732203389830509
181											0.732203389830509
182											0.732203389830509
183											0.732203389830509
184											0.735593220338983
185											0.735593220338983
186											0.735593220338983
187											0.735593220338983
188											0.735593220338983
189											0.735593220338983
190											0.735593220338983
191											0.735593220338983
192											0.735593220338983
193											0.735593220338983
194											0.735593220338983
195											0.735593220338983
196											0.737288135593221
197											0.737288135593221
198											0.737288135593221
199											0.737288135593221
200											0.737288135593221
201											0.737288135593221
202											0.737288135593221
203											0.737288135593221
204											0.737288135593221
205											0.737288135593221
206											0.737288135593221
207											0.737288135593221
208											0.737288135593221
209											0.737288135593221
210											0.737288135593221
211											0.738983050847458
212											0.738983050847458
213											0.738983050847458
214											0.738983050847458
215											0.738983050847458
216											0.738983050847458
217											0.738983050847458
218											0.738983050847458
219											0.738983050847458
220											0.738983050847458
221											0.738983050847458
222											0.738983050847458
223											0.738983050847458
224											0.738983050847458
225											0.738983050847458
226											0.738983050847458
227											0.738983050847458
228											0.738983050847458
229											0.738983050847458
230											0.738983050847458
231											0.738983050847458
232											0.738983050847458
233											0.738983050847458
234											0.742372881355932
235											0.742372881355932
236											0.742372881355932
237											0.742372881355932
238											0.742372881355932
239											0.742372881355932
240											0.742372881355932
241											0.742372881355932
242											0.742372881355932
243											0.742372881355932
244											0.742372881355932
245											0.742372881355932
246											0.742372881355932
247											0.74406779661017
248											0.74406779661017
249											0.74406779661017
250											0.74406779661017
251											0.74406779661017
252											0.74406779661017
253											0.74406779661017
254											0.74406779661017
255											0.74406779661017
256											0.74406779661017
257											0.74406779661017
258											0.74406779661017
259											0.74406779661017
260											0.74406779661017
261											0.74406779661017
262											0.74406779661017
263											0.74406779661017
264											0.74406779661017
265											0.74406779661017
266											0.74406779661017
267											0.74406779661017
268											0.74406779661017
269											0.745762711864407
270											0.745762711864407
271											0.747457627118644
272											0.747457627118644
273											0.747457627118644
274											0.747457627118644
275											0.747457627118644
276											0.749152542372882
277											0.749152542372882
278											0.749152542372882
279											0.749152542372882
280											0.749152542372882
281											0.749152542372882
282											0.749152542372882
283											0.749152542372882
284											0.749152542372882
285											0.749152542372882
286											0.749152542372882
287											0.749152542372882
288											0.749152542372882
289											0.749152542372882
290											0.749152542372882
291											0.749152542372882
292											0.749152542372882
293											0.749152542372882
294											0.749152542372882
295											0.749152542372882
296											0.749152542372882
297											0.749152542372882
298											0.749152542372882
299											0.749152542372882
300											0.749152542372882
301											0.749152542372882
302											0.749152542372882
303											0.750847457627119
304											0.750847457627119
305											0.750847457627119
306											0.750847457627119
307											0.750847457627119
308											0.750847457627119
309											0.750847457627119
310											0.750847457627119
311											0.750847457627119
312											0.752542372881356
313											0.752542372881356
314											0.752542372881356
315											0.752542372881356
316											0.752542372881356
317											0.752542372881356
318											0.752542372881356
319											0.752542372881356
320											0.752542372881356
321											0.752542372881356
322											0.752542372881356
323											0.752542372881356
324											0.752542372881356
325											0.752542372881356
326											0.752542372881356
327											0.752542372881356
328											0.752542372881356
329											0.754237288135594
330											0.754237288135594
331											0.754237288135594
332											0.754237288135594
333											0.755932203389831
334											0.755932203389831
335											0.755932203389831
336											0.757627118644068
337											0.757627118644068
338											0.757627118644068
339											0.757627118644068
340											0.759322033898305
341											0.759322033898305
342											0.759322033898305
343											0.761016949152543
344											0.761016949152543
345											0.761016949152543
346											0.761016949152543
347											0.761016949152543
348											0.761016949152543
349											0.761016949152543
350											0.761016949152543
351											0.761016949152543
352											0.761016949152543
353											0.761016949152543
354											0.761016949152543
355											0.761016949152543
356											0.761016949152543
357											0.761016949152543
358											0.761016949152543
359											0.761016949152543
360											0.761016949152543
361											0.761016949152543
362											0.761016949152543
363											0.761016949152543
364											0.761016949152543
365											0.761016949152543
366											0.761016949152543
367											0.761016949152543
368											0.761016949152543
369											0.761016949152543
370											0.761016949152543
371											0.761016949152543
372											0.761016949152543
373											0.761016949152543
374											0.764406779661017
375											0.764406779661017
376											0.766101694915255
377											0.766101694915255
378											0.766101694915255
379											0.766101694915255
380											0.767796610169492
381											0.767796610169492
382											0.767796610169492
383											0.767796610169492
384											0.767796610169492
385											0.767796610169492
386											0.767796610169492
387											0.767796610169492
388											0.767796610169492
389											0.767796610169492
390											0.767796610169492
391											0.767796610169492
392											0.767796610169492
393											0.767796610169492
394											0.769491525423729
395											0.769491525423729
396											0.769491525423729
397											0.769491525423729
398											0.769491525423729
399											0.769491525423729
400											0.769491525423729