X Y
0	0.843150322344298
0.0250000000000021	0.843150322344298
0.0500000000000007	0.843150322344298
0.0749999999999993	0.843150322344298
0.100000000000001	0.843150322344298
0.125000000000000	0.843150322344298
0.150000000000002	0.843150322344298
0.175000000000001	0.843150322344298
0.199999999999999	0.843150322344298
0.225000000000001	0.843150322344298
0.250000000000000	0.843150322344298
0.275000000000002	0.843150322344298
0.300000000000001	0.843150322344298
0.324999999999999	0.843150322344298
0.350000000000001	0.843150322344298
0.375000000000000	0.843150322344298
0.400000000000002	0.843150322344298
0.425000000000001	0.843150322344298
0.449999999999999	0.843150322344298
0.475000000000001	0.843150322344298
0.500000000000000	0.843150322344298
0.525000000000002	0.843150322344298
0.550000000000001	0.843150322344298
0.574999999999999	0.843150322344298
0.600000000000001	0.843150322344298
0.625000000000000	0.843150322344298
0.650000000000002	0.843150322344298
0.675000000000001	0.843150322344298
0.699999999999999	0.843150322344298
0.725000000000001	0.843150322344298
0.750000000000000	0.843150322344298
0.775000000000002	0.843150322344298
0.800000000000001	0.843150322344298
0.824999999999999	0.843150322344298
0.850000000000001	0.843150322344298
0.875000000000000	0.843150322344298
0.900000000000002	0.843150322344298
0.925000000000001	0.843150322344298
0.949999999999999	0.843150322344298
0.975000000000001	0.843150322344298
1	0.843150322344298
1.02500000000000	0.843150322344298
1.05000000000000	0.843150322344298
1.07500000000000	0.843150322344298
1.10000000000000	0.843150322344298
1.12500000000000	0.843150322344298
1.15000000000000	0.843150322344298
1.17500000000000	0.843150322344298
1.20000000000000	0.843150322344298
1.22500000000000	0.843150322344298
1.25000000000000	0.843150322344298
1.27500000000000	0.843150322344298
1.30000000000000	0.843150322344298
1.32500000000000	0.843150322344298
1.35000000000000	0.843150322344298
1.37500000000000	0.843150322344298
1.40000000000000	0.843150322344298
1.42500000000000	0.843150322344298
1.45000000000000	0.843150322344298
1.47500000000000	0.843150322344298
1.50000000000000	0.843150322344298
1.52500000000000	0.843150322344298
1.55000000000000	0.843150322344298
1.57500000000000	0.843150322344298
1.60000000000000	0.843150322344298
1.62500000000000	0.843150322344298
1.65000000000000	0.843150322344298
1.67500000000000	0.843150322344298
1.70000000000000	0.843150322344298
1.72500000000000	0.843150322344298
1.75000000000000	0.843150322344298
1.77500000000000	0.843150322344298
1.80000000000000	0.843150322344298
1.82500000000000	0.843150322344298
1.85000000000000	0.843150322344298
1.87500000000000	0.843150322344298
1.90000000000000	0.843150322344298
1.92500000000000	0.843150322344298
1.95000000000000	0.843150322344298
1.97500000000000	0.843150322344298
2	0.843150322344298
2.02500000000000	0.958150354307920
2.05000000000000	0.963225203592427
2.07500000000000	0.966155207738065
2.10000000000000	0.957800918859906
2.12500000000000	0.954725243767688
2.15000000000000	0.943263995355879
2.17500000000000	0.938569004873703
2.20000000000000	0.925705050557607
2.22500000000000	0.918256640531493
2.25000000000000	0.904686091224921
2.27500000000000	0.896169815817191
2.30000000000000	0.878828726119696
2.32500000000000	0.868408540703658
2.35000000000000	0.850585117663550
2.37500000000000	0.839540622711576
2.40000000000000	0.823682263584985
2.42500000000000	0.813379758350107
2.45000000000000	0.799226709458579
2.47500000000000	0.789816135093783
2.50000000000000	0.773062465271757
2.52500000000000	0.763880655493517
2.55000000000000	0.750214935461973
2.57500000000000	0.743614210715605
2.60000000000000	0.756406483184228
2.62500000000000	0.749275404475467
2.65000000000000	0.739532207685692
2.67500000000000	0.733830080213231
2.70000000000000	0.726032453731316
2.72500000000000	0.723844397954109
2.75000000000000	0.716549557546739
2.77500000000000	0.716670732453183
2.80000000000000	0.710984184862900
2.82500000000000	0.711942577755331
2.85000000000000	0.709465901084838
2.87500000000000	0.713244982659433
2.90000000000000	0.711146927781738
2.92500000000000	0.714214118605405
2.95000000000000	0.716355200158125
2.97500000000000	0.721037046191956
3	0.724604319438584
3.02500000000000	0.732475368164953
3.05000000000000	0.738599239463585
3.07500000000000	0.752588142375279
3.10000000000000	0.757387077519350
3.12500000000000	0.766807103288297
3.15000000000000	0.773066237547744
3.17500000000000	0.782992066468213
3.20000000000000	0.788918707926125
3.22500000000000	0.800148962934941
3.25000000000000	0.805836781686385
3.27500000000000	0.814139343957182
3.30000000000000	0.821281256372591
3.32500000000000	0.831387907651872
3.35000000000000	0.839118173769724
3.37500000000000	0.854884929396990
3.40000000000000	0.863338535400742
3.42500000000000	0.871196812244479
3.45000000000000	0.877333192399825
3.47500000000000	0.885901690705999
3.50000000000000	0.882328469329683
3.52500000000000	0.891726265573045
3.55000000000000	0.897887408176095
3.57500000000000	0.903465207013741
3.60000000000000	0.908243007905164
3.62500000000000	0.914515338144496
3.65000000000000	0.919647334783596
3.67500000000000	0.923694663704917
3.70000000000000	0.925186709687527
3.72500000000000	0.928385938455970
3.75000000000000	0.928605948600854
3.77500000000000	0.930755822190356
3.80000000000000	0.932970053537915
3.82500000000000	0.938592968844589
3.85000000000000	0.937641545033733
3.87500000000000	0.934568526744345
3.90000000000000	0.931298357952950
3.92500000000000	0.929432679437214
3.95000000000000	0.926831022895086
3.97500000000000	0.921823665282356
4	0.915340142229526
4.02500000000000	0.909846526325295
4.05000000000000	0.904353229248219
4.07500000000000	0.900235315062415
4.10000000000000	0.893754260969211
4.12500000000000	0.884690704393989
4.15000000000000	0.876025736425750
4.17500000000000	0.868677269786469
4.20000000000000	0.886369392530297
4.22500000000000	0.876220902797027
4.25000000000000	0.865047668591106
4.27500000000000	0.855454661827568
4.30000000000000	0.845667343718722
4.32500000000000	0.834729152932641
4.35000000000000	0.823254840617131
4.37500000000000	0.812393289428161
4.40000000000000	0.800462210514263
4.42500000000000	0.791567825539605
4.45000000000000	0.779689176455491
4.47500000000000	0.768394209055419
4.50000000000000	0.758946216369940
4.52500000000000	0.755621852966017
4.55000000000000	0.746095346930165
4.57500000000000	0.737146819070975
4.60000000000000	0.730259202071245
4.62500000000000	0.722440332225207
4.65000000000000	0.714880094580985
4.67500000000000	0.707820044243117
4.70000000000000	0.702851297022415
4.72500000000000	0.704335736244201
4.75000000000000	0.702200164120846
4.77500000000000	0.698127497559867
4.80000000000000	0.695686743219230
4.82500000000000	0.686194686981151
4.85000000000000	0.687855617524312
4.87500000000000	0.688687804894296
4.90000000000000	0.689407959614887
4.92500000000000	0.691768523710440
4.95000000000000	0.696849116327845
4.97500000000000	0.702153878493859
5	0.706789902869141
5.02500000000000	0.712844653035691
5.05000000000000	0.719183230246342
5.07500000000000	0.727055800372595
5.10000000000000	0.736192847452360
5.12500000000000	0.749927182820065
5.15000000000000	0.760545593681205
5.17500000000000	0.768607339002704
5.20000000000000	0.779280710470795
5.22500000000000	0.789658488331458
5.25000000000000	0.802193532998076
5.27500000000000	0.816180626005498
5.30000000000000	0.828745320194930
5.32500000000000	0.838573033714439
5.35000000000000	0.850383307467748
5.37500000000000	0.860252084844530
5.40000000000000	0.871767957464429
5.42500000000000	0.883279447006598
5.45000000000000	0.894991277054697
5.47500000000000	0.906387539941620
5.50000000000000	0.918433570074301
5.52500000000000	0.928090672255668
5.55000000000000	0.935683697464607
5.57500000000000	0.943490860866333
5.60000000000000	0.951388327898756
5.62500000000000	0.958105137418505
5.65000000000000	0.965878428958932
5.67500000000000	0.999312219907236
5.70000000000000	1.00508783353039
5.72500000000000	1.00884834572740
5.75000000000000	1.01027595620663
5.77500000000000	1.01144364203501
5.80000000000000	1.01081684432361
5.82500000000000	1.00979643645380
5.85000000000000	1.00931454649414
5.87500000000000	1.00689891381857
5.90000000000000	1.00498892783705
5.92500000000000	0.999214507813141
5.95000000000000	0.994390684849159
5.97500000000000	0.985854162503525
6	0.978322704680011
6.02500000000000	0.969130252686575
6.05000000000000	0.960025413478647
6.07500000000000	0.948660957396404
6.10000000000000	0.939013348096403
6.12500000000000	0.924715378466791
6.15000000000000	0.912390226088822
6.17500000000000	0.896989841072233
6.20000000000000	0.883389199686067
6.22500000000000	0.868841908630381
6.25000000000000	0.860693497905547
6.27500000000000	0.845972704801679
6.30000000000000	0.829224074435321
6.32500000000000	0.812404456755494
6.35000000000000	0.796678087189606
6.37500000000000	0.779575343946961
6.40000000000000	0.763306565547373
6.42500000000000	0.746628555191186
6.45000000000000	0.731913126055618
6.47500000000000	0.717732963401227
6.50000000000000	0.710131508328514
6.52500000000000	0.695996213804959
6.55000000000000	0.683957260090963
6.57500000000000	0.671482789397728
6.60000000000000	0.653017798062347
6.62500000000000	0.643819070227587
6.65000000000000	0.636211533695024
6.67500000000000	0.627181806246021
6.70000000000000	0.621108134770850
6.72500000000000	0.617023715231980
6.75000000000000	0.615214662003891
6.77500000000000	0.611707791080254
6.80000000000000	0.611152795549879
6.82500000000000	0.610562209914858
6.85000000000000	0.613105791269670
6.87500000000000	0.615637663761410
6.90000000000000	0.621635776952141
6.92500000000000	0.631944853306240
6.95000000000000	0.639934976899534
6.97500000000000	0.646986148680657
7	0.656951697050905
7.02500000000000	0.668006965452908
7.05000000000000	0.680644451344709
7.07500000000000	0.694311860021954
7.10000000000000	0.709994448784197
7.12500000000000	0.725918078030305
7.15000000000000	0.745577543807142
7.17500000000000	0.762829465434760
7.20000000000000	0.780474764213814
7.22500000000000	0.796442870719287
7.25000000000000	0.814268406662335
7.27500000000000	0.832286546214465
7.30000000000000	0.850721002025407
7.32500000000000	0.867607385121842
7.35000000000000	0.885369622637058
7.37500000000000	0.903059225912827
7.40000000000000	0.920511899020890
7.42500000000000	0.937367519906820
7.45000000000000	0.954274588645948
7.47500000000000	0.970002341500023
7.50000000000000	0.984881563717928
7.52500000000000	0.998680086502618
7.55000000000000	1.01155924091561
7.57500000000000	1.02409056867704
7.60000000000000	1.03510004782190
7.62500000000000	1.04451157231405
7.65000000000000	1.05273010452242
7.67500000000000	1.05949276655933
7.70000000000000	1.06602638712248
7.72500000000000	1.06997478514245
7.75000000000000	1.07253691920429
7.77500000000000	1.07367041513950
7.80000000000000	1.07338668601301
7.82500000000000	1.07156578939082
7.85000000000000	1.06619422296492
7.87500000000000	1.06073648935930
7.90000000000000	1.05426634592904
7.92500000000000	1.04634319068491
7.95000000000000	1.03682680765495
7.97500000000000	1.02587222195831
8	1.01378252820981
8.02500000000000	1.00108494221354
8.05000000000000	0.986690046757057
8.07500000000000	0.998298373571889
8.10000000000000	0.981291179105272
8.12500000000000	0.962615259161688
8.15000000000000	0.941008358071697
8.17500000000000	0.919779072317248
8.20000000000000	0.896467400001156
8.22500000000000	0.874061453229330
8.25000000000000	0.851433539008131
8.27500000000000	0.829083414082560
8.30000000000000	0.804055947773791
8.32500000000000	0.778624981726364
8.35000000000000	0.754722041849409
8.37500000000000	0.730797058555023
8.40000000000000	0.706122523360961
8.42500000000000	0.682261747011953
8.45000000000000	0.660900852831663
8.47500000000000	0.638514922747565
8.50000000000000	0.618813235516203
8.52500000000000	0.604756101207590
8.55000000000000	0.586468837879608
8.57500000000000	0.569678688876505
8.60000000000000	0.555184350812213
8.62500000000000	0.545086886481098
8.65000000000000	0.533205295675223
8.67500000000000	0.522958289893083
8.70000000000000	0.515729328320711
8.72500000000000	0.510737378735263
8.75000000000000	0.513046852015050
8.77500000000000	0.512977056480778
8.80000000000000	0.512637658757761
8.82500000000000	0.515755367825994
8.85000000000000	0.520191793850590
8.87500000000000	0.527458005162150
8.90000000000000	0.537228771672378
8.92500000000000	0.549602504814892
8.95000000000000	0.563806037263957
8.97500000000000	0.579688644980581
9	0.597516462460163
9.02500000000000	0.616971875330052
9.05000000000000	0.638194116551605
9.07500000000000	0.660821038055836
9.10000000000000	0.684933309282462
9.12500000000000	0.710147066647350
9.15000000000000	0.736501501226430
9.17500000000000	0.763598641070704
9.20000000000000	0.791447171322273
9.22500000000000	0.819643446225487
9.25000000000000	0.848177520417065
9.27500000000000	0.876650318721425
9.30000000000000	0.905045924430684
9.32500000000000	0.932980400492700
9.35000000000000	0.960443781210842
9.37500000000000	0.987076332795012
9.40000000000000	1.01288363115077
9.42500000000000	1.03753622264612
9.45000000000000	1.06106138186139
9.47500000000000	1.08316224553818
9.50000000000000	1.10312673453509
9.52500000000000	1.12187309145365
9.55000000000000	1.13929801176835
9.57500000000000	1.15494841237267
9.60000000000000	1.16895728045872
9.62500000000000	1.18101378695099
9.65000000000000	1.19129085544494
9.67500000000000	1.19951691147784
9.70000000000000	1.20587263188778
9.72500000000000	1.21010325369720
9.75000000000000	1.21329442773490
9.77500000000000	1.21374603912318
9.80000000000000	1.21188780026126
9.82500000000000	1.20780168102413
9.85000000000000	1.20161048178769
9.87500000000000	1.19316378557304
9.90000000000000	1.18262552524172
9.92500000000000	1.16980342290063
9.95000000000000	1.15490277329323
9.97500000000000	1.13773360608503
10	1.11853877764731
10.0250000000000	1.09715046555291
10.0500000000000	1.07385275111646
10.0750000000000	1.04755054918162
10.1000000000000	1.02011943588226
10.1250000000000	0.991211613264047
10.1500000000000	0.961604125260379
10.1750000000000	0.930178386543926
10.2000000000000	0.885855043392001
10.2250000000000	0.853245133105435
10.2500000000000	0.818815465628913
10.2750000000000	0.782196217705389
10.3000000000000	0.746744025144774
10.3250000000000	0.711808777548560
10.3500000000000	0.678552465798963
10.3750000000000	0.643814309169896
10.4000000000000	0.609592342733245
10.4250000000000	0.576401154824758
10.4500000000000	0.549911304239480
10.4750000000000	0.518978744745158
10.5000000000000	0.490591591224693
10.5250000000000	0.469200797113982
10.5500000000000	0.444964872662708
10.5750000000000	0.423652016109041
10.6000000000000	0.405204076175121
10.6250000000000	0.386616274106909
10.6500000000000	0.389417177251661
10.6750000000000	0.376712894108592
10.7000000000000	0.366526162507568
10.7250000000000	0.360413857961110
10.7500000000000	0.358230112677909
10.7750000000000	0.355134294692433
10.8000000000000	0.358532662445777
10.8250000000000	0.362948041374786
10.8500000000000	0.371927306256845
10.8750000000000	0.384240376239747
10.9000000000000	0.401781641220910
10.9250000000000	0.420997071380345
10.9500000000000	0.446294507881381
10.9750000000000	0.470883557371784
11	0.498451210613014
11.0250000000000	0.527810010145122
11.0500000000000	0.559724903875086
11.0750000000000	0.594428722439114
11.1000000000000	0.632705817992462
11.1250000000000	0.673787052545610
11.1500000000000	0.714253680167763
11.1750000000000	0.731817687302649
11.2000000000000	0.772457497931667
11.2250000000000	0.813807015652009
11.2500000000000	0.855258106937771
11.2750000000000	0.895558331160635
11.3000000000000	0.935677601828015
11.3250000000000	0.975178350825558
11.3500000000000	1.01371754723897
11.3750000000000	1.05074800551109
11.4000000000000	1.08585462357362
11.4250000000000	1.12125497421965
11.4500000000000	1.15308221962006
11.4750000000000	1.18241524964604
11.5000000000000	1.20828610407409
11.5250000000000	1.23298969043527
11.5500000000000	1.25537381395412
11.5750000000000	1.27526934566718
11.6000000000000	1.29198683538558
11.6250000000000	1.30676302032956
11.6500000000000	1.31877675043678
11.6750000000000	1.32879056147980
11.7000000000000	1.33667162824208
11.7250000000000	1.34342759392971
11.7500000000000	1.34700591081515
11.7750000000000	1.34915105265406
11.8000000000000	1.34801166994223
11.8250000000000	1.34973831368815
11.8500000000000	1.34250512103916
11.8750000000000	1.33274485397689
11.9000000000000	1.31928558974004
11.9250000000000	1.30353749256633
11.9500000000000	1.28528725060617
11.9750000000000	1.26408693029824
12	1.24003943673855
12.0250000000000	1.21285288122423
12.0500000000000	1.18278291250299
12.0750000000000	1.14969174769318
12.1000000000000	1.11380034649572
12.1250000000000	1.07511883397572
12.1500000000000	1.03393758282160
12.1750000000000	0.990383990202312
12.2000000000000	0.944845335284890
12.2250000000000	0.897386427464295
12.2500000000000	0.848691327874248
12.2750000000000	0.802183154252276
12.3000000000000	0.753550034791575
12.3250000000000	0.702231209475008
12.3500000000000	0.651369120846349
12.3750000000000	0.602579445056056
12.4000000000000	0.554041924848672
12.4250000000000	0.507458695342798
12.4500000000000	0.480446395523073
12.4750000000000	0.436684127431489
12.5000000000000	0.391621712224463
12.5250000000000	0.352163199951828
12.5500000000000	0.314585062473851
12.5750000000000	0.283268423802247
12.6000000000000	0.259955278253398
12.6250000000000	0.237428439871832
12.6500000000000	0.207187861653790
12.6750000000000	0.187003778457056
12.7000000000000	0.174670493768139
12.7250000000000	0.160108178986869
12.7500000000000	0.151171959988565
12.7750000000000	0.155425575390981
12.8000000000000	0.155793167235225
12.8250000000000	0.159701925646130
12.8500000000000	0.159595278662605
12.8750000000000	0.170943905464577
12.9000000000000	0.186384035601783
12.9250000000000	0.210463752692055
12.9500000000000	0.233462472836353
12.9750000000000	0.261965483642855
13	0.303250303390400
13.0250000000000	0.340022417654402
13.0500000000000	0.378900079551324
13.0750000000000	0.424084006926699
13.1000000000000	0.471937320045118
13.1250000000000	0.522601192098908
13.1500000000000	0.579393411596315
13.1750000000000	0.632926988437414
13.2000000000000	0.690946193073862
13.2250000000000	0.749000447709918
13.2500000000000	0.807678315399989
13.2750000000000	0.868337557988903
13.3000000000000	0.929658613853213
13.3250000000000	0.989070322969137
13.3500000000000	1.04360021097779
13.3750000000000	1.09583446235069
13.4000000000000	1.14478280082523
13.4250000000000	1.19121662629243
13.4500000000000	1.23533252019538
13.4750000000000	1.27599943732530
13.5000000000000	1.31513053714102
13.5250000000000	1.34978877707857
13.5500000000000	1.38148535948236
13.5750000000000	1.40922514816991
13.6000000000000	1.43400439637948
13.6250000000000	1.45475676217802
13.6500000000000	1.47270323563046
13.6750000000000	1.48995309686787
13.7000000000000	1.50379267453224
13.7250000000000	1.51572332048361
13.7500000000000	1.49133861736748
13.7750000000000	1.49713392882851
13.8000000000000	1.49977994509306
13.8250000000000	1.50046351929709
13.8500000000000	1.50106216142064
13.8750000000000	1.49706010565300
13.9000000000000	1.49112512385993
13.9250000000000	1.48129980773420
13.9500000000000	1.46831751567625
13.9750000000000	1.45392873393870
14	1.43715450868459
14.0250000000000	1.42313178630922
14.0500000000000	1.39742517437282
14.0750000000000	1.36670370679287
14.1000000000000	1.33277199015663
14.1250000000000	1.29494283142394
14.1500000000000	1.25325687655434
14.1750000000000	1.20930083830583
14.2000000000000	1.16038230779235
14.2250000000000	1.10720027722388
14.2500000000000	1.05070399869455
14.2750000000000	0.991068526494451
14.3000000000000	0.929170905789094
14.3250000000000	0.863289431701111
14.3500000000000	0.797748863906691
14.3750000000000	0.731792851514678
14.4000000000000	0.670798617631075
14.4250000000000	0.605914420581729
14.4500000000000	0.542088367320623
14.4750000000000	0.482154888546962
14.5000000000000	0.439732528213816
14.5250000000000	0.380347175259114
14.5500000000000	0.322345790325967
14.5750000000000	0.268060599876989
14.6000000000000	0.229710734982522
14.6250000000000	0.187125196033750
14.6500000000000	0.143815512232405
14.6750000000000	0.111570125093077
14.7000000000000	0.0862740197929744
14.7250000000000	0.0526548661394111
14.7500000000000	0.0271933999647191
14.7750000000000	0.0185620890107671
14.8000000000000	0.00381563394469994
14.8250000000000	-0.00929670568581476
14.8500000000000	-0.0250674060950364
14.8750000000000	-0.0294972623777805
14.9000000000000	-0.0285832783651124
14.9250000000000	-0.0234378124809833
14.9500000000000	-0.0145695968629223
14.9750000000000	0.00212928622179379
15	0.0282901665041965
15.0250000000000	0.0379771684327915
15.0500000000000	0.0720843189777242
15.0750000000000	0.117312303529957
15.1000000000000	0.151897589556377
15.1250000000000	0.192783075990763
15.1500000000000	0.240582990303041
15.1750000000000	0.304736400782591
15.2000000000000	0.362679436496411
15.2250000000000	0.426141507447520
15.2500000000000	0.496063244230963
15.2750000000000	0.564386084605209
15.3000000000000	0.637418206075511
15.3250000000000	0.713692531369555
15.3500000000000	0.790641495293524
15.3750000000000	0.862478852200847
15.4000000000000	0.933519502774710
15.4250000000000	1.00449776781449
15.4500000000000	1.07082758713653
15.4750000000000	1.13478226195279
15.5000000000000	1.19318837333894
15.5250000000000	1.24684901189686
15.5500000000000	1.29655360981982
15.5750000000000	1.34190142520597
15.6000000000000	1.38324355946298
15.6250000000000	1.42241594262447
15.6500000000000	1.45769783633321
15.6750000000000	1.48832164687122
15.7000000000000	1.48147694517079
15.7250000000000	1.50441809865953
15.7500000000000	1.52358878483861
15.7750000000000	1.54070246933854
15.8000000000000	1.55737545589622
15.8250000000000	1.57015427970992
15.8500000000000	1.58090328140687
15.8750000000000	1.58862116097688
15.9000000000000	1.59372507655141
15.9250000000000	1.59855299748672
15.9500000000000	1.60160772114191
15.9750000000000	1.61355823262254
16	1.61043757348487
16.0250000000000	1.60552040498591
16.0500000000000	1.59602687062557
16.0750000000000	1.57752715297975
16.1000000000000	1.56463891338904
16.1250000000000	1.55038772582856
16.1500000000000	1.54151516567329
16.1750000000000	1.52070208736800
16.2000000000000	1.49458732078809
16.2250000000000	1.46681079885134
16.2500000000000	1.45793571679153
16.2750000000000	1.41878464294744
16.3000000000000	1.37422156470469
16.3250000000000	1.32619929713885
16.3500000000000	1.27527924048867
16.3750000000000	1.21284750092211
16.4000000000000	1.15094942284377
16.4250000000000	1.08530187751612
16.4500000000000	1.01636516251315
16.4750000000000	0.945001541979842
16.5000000000000	0.871803155211122
16.5250000000000	0.802986946930495
16.5500000000000	0.726907295345647
16.5750000000000	0.651850632175360
16.6000000000000	0.571407692890686
16.6250000000000	0.500089976594292
16.6500000000000	0.434995386063340
16.6750000000000	0.366394093739629
16.7000000000000	0.314479422762532
16.7250000000000	0.255129980484938
16.7500000000000	0.212303865302697
16.7750000000000	0.154577741693478
16.8000000000000	0.115753354428275
16.8250000000000	0.0699914323385247
16.8500000000000	0.0348508292064793
16.8750000000000	0.00496540984318995
16.9000000000000	-0.0329336662525542
16.9250000000000	-0.0582370455815589
16.9500000000000	-0.0673936973627748
16.9750000000000	-0.0869980383238509
17	-0.0997512756812202
17.0250000000000	-0.118110446159994
17.0500000000000	-0.125104837081246
17.0750000000000	-0.128272841259098
17.1000000000000	-0.127047232290926
17.1250000000000	-0.120836626912625
17.1500000000000	-0.110266846408972
17.1750000000000	-0.0930233918929052
17.2000000000000	-0.0639198709213726
17.2250000000000	-0.0394330931350113
17.2500000000000	-0.0200771805621944
17.2750000000000	0.0153011869672681
17.3000000000000	0.0589911241521235
17.3250000000000	0.107794705195486
17.3500000000000	0.165331062058114
17.3750000000000	0.217159242771460
17.4000000000000	0.281529446438802
17.4250000000000	0.357055410901302
17.4500000000000	0.428366585580729
17.4750000000000	0.487313979257131
17.5000000000000	0.563816502388385
17.5250000000000	0.640575647231224
17.5500000000000	0.716093709684482
17.5750000000000	0.792644796968762
17.6000000000000	0.868924867161369
17.6250000000000	0.941778423197100
17.6500000000000	1.01100766006853
17.6750000000000	1.07792518906291
17.7000000000000	1.14018763194676
17.7250000000000	1.19914723779455
17.7500000000000	1.25400883014484
17.7750000000000	1.30471986061129
17.8000000000000	1.35266182686686
17.8250000000000	1.39534770075702
17.8500000000000	1.42850331919358
17.8750000000000	1.46287679377024
17.9000000000000	1.48439257998432
17.9250000000000	1.51016558117855
17.9500000000000	1.53307252084969
17.9750000000000	1.55252575722092
18	1.56961842606914
18.0250000000000	1.58539738531442
18.0500000000000	1.59963607792733
18.0750000000000	1.61879588033284
18.1000000000000	1.62740057871647
18.1250000000000	1.63318182930567
18.1500000000000	1.63707846417558
18.1750000000000	1.64117459162178
18.2000000000000	1.67510815475486
18.2250000000000	1.67426427473552
18.2500000000000	1.67116094769839
18.2750000000000	1.66540444690071
18.3000000000000	1.65928171845295
18.3250000000000	1.64943185172230
18.3500000000000	1.64067387231179
18.3750000000000	1.63740768579177
18.4000000000000	1.61984352087250
18.4250000000000	1.60184297127327
18.4500000000000	1.57082839070712
18.4750000000000	1.54330384804432
18.5000000000000	1.51632058744043
18.5250000000000	1.47719008445823
18.5500000000000	1.43923790376146
18.5750000000000	1.39604490268594
18.6000000000000	1.35032784378352
18.6250000000000	1.29997255807067
18.6500000000000	1.24383058448165
18.6750000000000	1.18238791880766
18.7000000000000	1.11648336634736
18.7250000000000	1.04775852454075
18.7500000000000	0.975998918845080
18.7750000000000	0.902163398177372
18.8000000000000	0.826674357768636
18.8250000000000	0.751019702085660
18.8500000000000	0.673384686434645
18.8750000000000	0.596659501235856
18.9000000000000	0.520043580147387
18.9250000000000	0.446034925363842
18.9500000000000	0.378106822619108
18.9750000000000	0.318068566983943
19	0.253199769347207
19.0250000000000	0.196604867051457
19.0500000000000	0.145505301311623
19.0750000000000	0.104081422527615
19.1000000000000	0.0519845659644391
19.1250000000000	0.0247393186830277
19.1500000000000	-0.0159872727386241
19.1750000000000	-0.0456013942839028
19.2000000000000	-0.0736222668234160
19.2250000000000	-0.0945955298914816
19.2500000000000	-0.115041141452188
19.2750000000000	-0.136464515676640
19.3000000000000	-0.143704213377552
19.3250000000000	-0.151643832379913
19.3500000000000	-0.155716644992884
19.3750000000000	-0.155793872739573
19.4000000000000	-0.150952558423092
19.4250000000000	-0.142556360144688
19.4500000000000	-0.130242514635905
19.4750000000000	-0.114521961860837
19.5000000000000	-0.0931740586755532
19.5250000000000	-0.0692215490085652
19.5500000000000	-0.0330479190023665
19.5750000000000	-0.00478915930625381
19.6000000000000	0.0290351872221764
19.6250000000000	0.0843364260304594
19.6500000000000	0.126276379529731
19.6750000000000	0.184684146034880
19.7000000000000	0.236451120167830
19.7250000000000	0.300019409115671
19.7500000000000	0.360488288888780
19.7750000000000	0.431078358897976
19.8000000000000	0.502995613684254
19.8250000000000	0.577023997325269
19.8500000000000	0.653296383609398
19.8750000000000	0.729922500933036
19.9000000000000	0.815391716130005
19.9250000000000	0.890111465123229
19.9500000000000	0.963231877915242
19.9750000000000	1.03342878576901
20	1.10084512920237
20.0250000000000	1.16584065311638
20.0500000000000	1.22626416104839
20.0750000000000	1.28220902671094
20.1000000000000	1.33565026962040
20.1250000000000	1.38334513770759
20.1500000000000	1.42630961230874
20.1750000000000	1.46488573067455
20.2000000000000	1.49465235115532
20.2250000000000	1.52525484604311
20.2500000000000	1.55241301371885
20.2750000000000	1.57624333884238
20.3000000000000	1.59601038322360
20.3250000000000	1.61351427914296
20.3500000000000	1.62830972178124
20.3750000000000	1.64263431959292
20.4000000000000	1.65371269818396
20.4250000000000	1.66366203457428
20.4500000000000	1.68032802514382
20.4750000000000	1.68466642744317
20.5000000000000	1.68654527721196
20.5250000000000	1.68897488310164
20.5500000000000	1.68030808022524
20.5750000000000	1.67859038438401
20.6000000000000	1.67392336616935
20.6250000000000	1.67082746657698
20.6500000000000	1.65303736971189
20.6750000000000	1.64341101766983
20.7000000000000	1.63408539207717
20.7250000000000	1.62207947579267
20.7500000000000	1.60608296702083
20.7750000000000	1.59017030123626
20.8000000000000	1.53721701130926
20.8250000000000	1.51242154938641
20.8500000000000	1.48680073975345
20.8750000000000	1.45558521587557
20.9000000000000	1.41996738028323
20.9250000000000	1.38069686250814
20.9500000000000	1.33808704007285
20.9750000000000	1.29542657751870
21	1.23989008530649
21.0250000000000	1.18029494146033
21.0500000000000	1.11677214893013
21.0750000000000	1.04917623185646
21.1000000000000	0.980314893446162
21.1250000000000	0.905309803913127
21.1500000000000	0.829308961171831
21.1750000000000	0.752349990504276
21.2000000000000	0.675323183111119
21.2250000000000	0.602545739805361
21.2500000000000	0.527865974112763
21.2750000000000	0.456840032832412
21.3000000000000	0.402873789763770
21.3250000000000	0.329621071499578
21.3500000000000	0.262652168018817
21.3750000000000	0.212422746896229
21.4000000000000	0.151116152695181
21.4250000000000	0.0989503875412422
21.4500000000000	0.0652212589716684
21.4750000000000	0.0192180837144737
21.5000000000000	-0.00636108700610094
21.5250000000000	-0.0461145268829277
21.5500000000000	-0.0695704660829456
21.5750000000000	-0.100611223183732
21.6000000000000	-0.119923332356301
21.6250000000000	-0.126667098691068
21.6500000000000	-0.138842977224440
21.6750000000000	-0.148912545704346
21.7000000000000	-0.154774819710043
21.7250000000000	-0.156723318573896
21.7500000000000	-0.150089651950191
21.7750000000000	-0.143850620066006
21.8000000000000	-0.134314118877713
21.8250000000000	-0.121455586587970
21.8500000000000	-0.110154833330606
21.8750000000000	-0.0912205114343129
21.9000000000000	-0.0632035508430706
21.9250000000000	-0.0423777519373166
21.9500000000000	-0.00338183610107279
21.9750000000000	0.0387544175608344
22	0.0708325422209897
22.0250000000000	0.123605315972166
22.0500000000000	0.171901251224001
22.0750000000000	0.223103523712724
22.1000000000000	0.287431672959513
22.1250000000000	0.360268201590738
22.1500000000000	0.428479262539962
22.1750000000000	0.498176910367623
22.2000000000000	0.571787284073016
22.2250000000000	0.648861766244646
22.2500000000000	0.730149080261899
22.2750000000000	0.807534996001301
22.3000000000000	0.884465772090328
22.3250000000000	0.958581661694519
22.3500000000000	1.03080902659495
22.3750000000000	1.09986430800209
22.4000000000000	1.16597077070867
22.4250000000000	1.22748839503821
22.4500000000000	1.28447668809406
22.4750000000000	1.33680678171481
22.5000000000000	1.38464762295710
22.5250000000000	1.42787623887414
22.5500000000000	1.46851409943693
22.5750000000000	1.50385844117078
22.6000000000000	1.53499621593463
22.6250000000000	1.56221007161004
22.6500000000000	1.58609430404533
22.6750000000000	1.59737998635049
22.7000000000000	1.61526261509102
22.7250000000000	1.63054164707900
22.7500000000000	1.64252393084047
22.7750000000000	1.65282501378993
22.8000000000000	1.66091520980669
22.8250000000000	1.66901127517955
22.8500000000000	1.67574153952328
22.8750000000000	1.66729036423147
22.9000000000000	1.66903867342273
22.9250000000000	1.66834575689008
22.9500000000000	1.66827224161062
22.9750000000000	1.66634768193438
23	1.66282235489703
23.0250000000000	1.65629603576662
23.0500000000000	1.65053352347886
23.0750000000000	1.60959687275898
23.1000000000000	1.59800017797052
23.1250000000000	1.58646748935340
23.1500000000000	1.57220288639647
23.1750000000000	1.55339650007679
23.2000000000000	1.54443399976534
23.2250000000000	1.52108457993417
23.2500000000000	1.49256348226920
23.2750000000000	1.45775803402186
23.3000000000000	1.41487870545342
23.3250000000000	1.37395243536057
23.3500000000000	1.33014116536044
23.3750000000000	1.28321113519030
23.4000000000000	1.23402690624732
23.4250000000000	1.17517648982562
23.4500000000000	1.11094995740847
23.4750000000000	1.04321696269821
23.5000000000000	0.972530852396349
23.5250000000000	0.899025775334025
23.5500000000000	0.823793352409911
23.5750000000000	0.748304881391083
23.6000000000000	0.672816850796426
23.6250000000000	0.594809472788976
23.6500000000000	0.519049178817405
23.6750000000000	0.448892555749389
23.7000000000000	0.384597505447245
23.7250000000000	0.315994731078116
23.7500000000000	0.265757325949867
23.7750000000000	0.200193738536722
23.8000000000000	0.153301394625475
23.8250000000000	0.100081794792409
23.8500000000000	0.0584639528284230
23.8750000000000	0.0217519503929301
23.9000000000000	-0.0198000860445134
23.9250000000000	-0.0389433002239078
23.9500000000000	-0.0652451645247758
23.9750000000000	-0.0974864891839162
24	-0.112103004146185
24.0250000000000	-0.135847121385666
24.0500000000000	-0.146128933850914
24.0750000000000	-0.155566304293553
24.1000000000000	-0.150699735197360
24.1250000000000	-0.153178614746463
24.1500000000000	-0.152396432328135
24.1750000000000	-0.147897790390552
24.2000000000000	-0.139524635256526
24.2250000000000	-0.127880111560537
24.2500000000000	-0.113137712310575
24.2750000000000	-0.0920065633393769
24.3000000000000	-0.0783855193586510
24.3250000000000	-0.0450168958675207
24.3500000000000	-0.0174949267338882
24.3750000000000	0.0266587749432465
24.4000000000000	0.0554917432469565
24.4250000000000	0.107748392614574
24.4500000000000	0.154812214241665
24.4750000000000	0.208831538154884
24.5000000000000	0.264689817474370
24.5250000000000	0.335472231670261
24.5500000000000	0.400240357010669
24.5750000000000	0.470982897156029
24.6000000000000	0.544414436037691
24.6250000000000	0.622882312735917
24.6500000000000	0.696958497695289
24.6750000000000	0.774350509842526
24.7000000000000	0.850307972716037
24.7250000000000	0.924893070372377
24.7500000000000	0.997754236885569
24.7750000000000	1.06767179758167
24.8000000000000	1.13417500163183
24.8250000000000	1.19851899526075
24.8500000000000	1.25731196047466
24.8750000000000	1.31120921383675
24.9000000000000	1.36051111305300
24.9250000000000	1.40522350280808
24.9500000000000	1.44557034432776
24.9750000000000	1.48167628129764
25	1.51383177165902
25.0250000000000	1.54223596102295
25.0500000000000	1.56905788790359
25.0750000000000	1.59123080320170
25.1000000000000	1.61025868564295
25.1250000000000	1.61631772338195
25.1500000000000	1.62904718355095
25.1750000000000	1.63987004887285
25.2000000000000	1.64780515214047
25.2250000000000	1.65452219011824
25.2500000000000	1.65992711884174
25.2750000000000	1.66515179205371
25.3000000000000	1.66808917503884
25.3250000000000	1.66951058618722
25.3500000000000	1.66867899641613
25.3750000000000	1.66745877623576
25.4000000000000	1.63191003771472
25.4250000000000	1.62774024444538
25.4500000000000	1.62105268875830
25.4750000000000	1.61486450945441
25.5000000000000	1.60650818416200
25.5250000000000	1.59431126203131
25.5500000000000	1.59335414844327
25.5750000000000	1.57838874894095
25.6000000000000	1.55923306187566
25.6250000000000	1.53488063864532
25.6500000000000	1.50206349773102
25.6750000000000	1.47401820129616
25.7000000000000	1.45003240900101
25.7250000000000	1.41435151974475
25.7500000000000	1.37306180818828
25.7750000000000	1.32912677902709
25.8000000000000	1.28015154940291
25.8250000000000	1.24406378712774
25.8500000000000	1.18292326127887
25.8750000000000	1.11759312784223
25.9000000000000	1.04781280490238
25.9250000000000	0.975155036153542
25.9500000000000	0.900231599252202
25.9750000000000	0.824312951704550
26	0.737266167212599
26.0250000000000	0.660687096068991
26.0500000000000	0.583266138717323
26.0750000000000	0.510983525264255
26.1000000000000	0.434758083962548
26.1250000000000	0.367558816059110
26.1500000000000	0.306715604185235
26.1750000000000	0.257160913377048
26.2000000000000	0.192103598654941
26.2250000000000	0.146065288820288
26.2500000000000	0.0886735153833997
26.2750000000000	0.0498409375685425
26.3000000000000	0.0150831919970331
26.3250000000000	-0.0247374857004169
26.3500000000000	-0.0577798986618195
26.3750000000000	-0.0708453431993722
26.4000000000000	-0.0919184761281155
26.4250000000000	-0.119120064816921
26.4500000000000	-0.129255569995320
26.4750000000000	-0.141016654672413
26.5000000000000	-0.156159665618881
26.5250000000000	-0.159556924204187
26.5500000000000	-0.161726567149390
26.5750000000000	-0.160402642733570
26.6000000000000	-0.155343567778713
26.6250000000000	-0.146522128335148
26.6500000000000	-0.134447256106565
26.6750000000000	-0.119954150022118
26.7000000000000	-0.101190700717631
26.7250000000000	-0.0713544285644600
26.7500000000000	-0.0482488473963305
26.7750000000000	-0.00880197135329496
26.8000000000000	0.0249720726904600
26.8250000000000	0.0588662474077539
26.8500000000000	0.0998409967134535
26.8750000000000	0.143427925760300
26.9000000000000	0.202691037512351
26.9250000000000	0.267686933652851
26.9500000000000	0.329096070456346
26.9750000000000	0.394861511099971
27	0.467797331953143
27.0250000000000	0.539210642979294
27.0500000000000	0.613917091955818
27.0750000000000	0.692044369239719
27.1000000000000	0.772316618214927
27.1250000000000	0.852211748517600
27.1500000000000	0.927156666059201
27.1750000000000	0.999645513235939
27.2000000000000	1.06950732415846
27.2250000000000	1.13550435399199
27.2500000000000	1.19674176485226
27.2750000000000	1.25391174161055
27.3000000000000	1.30704669570443
27.3250000000000	1.35541298497077
27.3500000000000	1.39949330032511
27.3750000000000	1.43895423758814
27.4000000000000	1.47441303583034
27.4250000000000	1.50570189472478
27.4500000000000	1.53348180989426
27.4750000000000	1.55765016831466
27.5000000000000	1.57885733844443
27.5250000000000	1.59712355524279
27.5500000000000	1.61290024761400
27.5750000000000	1.62599888476975
27.6000000000000	1.63850466870470
27.6250000000000	1.64808584209228
27.6500000000000	1.65549295351972
27.6750000000000	1.66123162587710
27.7000000000000	1.66469201654563
27.7250000000000	1.66629470552310
27.7500000000000	1.66854252394136
27.7750000000000	1.63598087179171
27.8000000000000	1.63489838748867
27.8250000000000	1.63140471553280
27.8500000000000	1.62843959098945
27.8750000000000	1.62352330265254
27.9000000000000	1.61613484943068
27.9250000000000	1.60768703628428
27.9500000000000	1.60897021495962
27.9750000000000	1.59578016312566
28	1.58214579256370
28.0250000000000	1.55106519440338
28.0500000000000	1.53083009294441
28.0750000000000	1.50936152153665
28.1000000000000	1.48996357462381
28.1250000000000	1.45845538296577
28.1500000000000	1.42496911529924
28.1750000000000	1.40917878046312
28.2000000000000	1.36400486287216
28.2250000000000	1.31347111880495
28.2500000000000	1.25940020985898
28.2750000000000	1.20249752683438
28.3000000000000	1.13939492941524
28.3250000000000	1.06644654385655
28.3500000000000	0.995004094055097
28.3750000000000	0.926286905500515
28.4000000000000	0.850333193837145
28.4250000000000	0.771036140295352
28.4500000000000	0.691986762931022
28.4750000000000	0.606518085383573
28.5000000000000	0.531918015668893
28.5250000000000	0.459681366129090
28.5500000000000	0.385113296857473
28.5750000000000	0.327341363753161
28.6000000000000	0.262458719161470
28.6250000000000	0.214580838108547
28.6500000000000	0.152188605296810
28.6750000000000	0.112082360768605
28.7000000000000	0.0533091530557874
28.7250000000000	0.0208954688534221
28.7500000000000	-0.0114522823231852
28.7750000000000	-0.0483314834890366
28.8000000000000	-0.0779511425092938
28.8250000000000	-0.0881898976071707
28.8500000000000	-0.105588115440544
28.8750000000000	-0.129719342844703
28.9000000000000	-0.142559407309251
28.9250000000000	-0.145128585246011
28.9500000000000	-0.151317610691679
28.9750000000000	-0.154273138861532
29	-0.160342792144616
29.0250000000000	-0.155156968324619
29.0500000000000	-0.147370025977743
29.0750000000000	-0.136975499211964
29.1000000000000	-0.122985388029770
29.1250000000000	-0.0998781166825705
29.1500000000000	-0.0797473229132944
29.1750000000000	-0.0585283764528794
29.2000000000000	-0.0206108770486386
29.2250000000000	0.0111241086116933
29.2500000000000	0.0422837227752830
29.2750000000000	0.0929834198359849
29.3000000000000	0.134808273345428
29.3250000000000	0.182213136246218
29.3500000000000	0.245943135011149
29.3750000000000	0.304222690441591
29.4000000000000	0.366951967841881
29.4250000000000	0.435880200989197
29.4500000000000	0.507478849533304
29.4750000000000	0.586045739178482
29.5000000000000	0.666251296828455
29.5250000000000	0.743308695166232
29.5500000000000	0.819366992933806
29.5750000000000	0.895212271302299
29.6000000000000	0.969168856202073
29.6250000000000	1.04012338162553
29.6500000000000	1.10963903522414
29.6750000000000	1.17390845502226
29.7000000000000	1.23362926214495
29.7250000000000	1.28864022132597
29.7500000000000	1.33905614722494
29.7750000000000	1.38483500814333
29.8000000000000	1.42614695781919
29.8250000000000	1.46313453147057
29.8500000000000	1.49605051673968
29.8750000000000	1.52514179956809
29.9000000000000	1.55069465406830
29.9250000000000	1.57298743605810
29.9500000000000	1.59231297098890
29.9750000000000	1.60900465002237
30	1.62323567646275
30.0250000000000	1.63509598238100
30.0500000000000	1.64412075782293
30.0750000000000	1.65172777990930
30.1000000000000	1.65726640383477
30.1250000000000	1.66292042095364
30.1500000000000	1.66673849261010
30.1750000000000	1.63603333085247
30.2000000000000	1.63652708722820
30.2250000000000	1.63472086647891
30.2500000000000	1.63367874846566
30.2750000000000	1.63081540637468
30.3000000000000	1.62563142267639
30.3250000000000	1.61958107801557
30.3500000000000	1.62364596002768
30.3750000000000	1.61444752665985
30.4000000000000	1.60198459407753
30.4250000000000	1.57508565329725
30.4500000000000	1.55942755141071
30.4750000000000	1.54103620457397
30.5000000000000	1.52819610020397
30.5250000000000	1.50280568582550
30.5500000000000	1.47568337985375
30.5750000000000	1.46828137505951
30.6000000000000	1.43032056816124
30.6250000000000	1.38799456860572
30.6500000000000	1.34283770652505
30.6750000000000	1.28620636227787
30.7000000000000	1.22949010492973
30.7250000000000	1.16723049031693
30.7500000000000	1.10107902624590
30.7750000000000	1.03138445048084
30.8000000000000	0.958547982345675
30.8250000000000	0.883606910922831
30.8500000000000	0.806862026054121
30.8750000000000	0.730495151624988
30.9000000000000	0.656440589610527
30.9250000000000	0.579147966841411
30.9500000000000	0.496245164435342
30.9750000000000	0.426181678949269
31	0.353015971475094
31.0250000000000	0.297325727892998
31.0500000000000	0.234676088088812
31.0750000000000	0.182711894465402
31.1000000000000	0.127060175100267
31.1250000000000	0.0816481741564934
31.1500000000000	0.0350023334314384
31.1750000000000	0.00151608446580353
31.2000000000000	-0.0323828727094746
31.2250000000000	-0.0609317026102324
31.2500000000000	-0.0731010702611984
31.2750000000000	-0.0965870832444977
31.3000000000000	-0.112758615795924
31.3250000000000	-0.134636539418252
31.3500000000000	-0.146967545353983
31.3750000000000	-0.153740663941496
31.4000000000000	-0.151676614689603
31.4250000000000	-0.152970783200004
31.4500000000000	-0.151542079961474
31.4750000000000	-0.146064796226979
31.5000000000000	-0.137495567485468
31.5250000000000	-0.125693919534982
31.5500000000000	-0.110669533451268
31.5750000000000	-0.0915750852697581
31.6000000000000	-0.0726782403181040
31.6250000000000	-0.0373602943010493
31.6500000000000	-0.00804418952988882
31.6750000000000	0.0164326667183143
31.7000000000000	0.0605077190522025
31.7250000000000	0.102625495197843
31.7500000000000	0.149365152785270
31.7750000000000	0.201467543151376
31.8000000000000	0.267178521987635
31.8250000000000	0.327130952460062
31.8500000000000	0.394444112348510
31.8750000000000	0.465867518599856
31.9000000000000	0.544739045460958
31.9250000000000	0.619571475357800
31.9500000000000	0.696653779688122
31.9750000000000	0.775922388627757
32	0.854987665722005
32.0250000000000	0.930059568198196
32.0500000000000	1.00272069862320
32.0750000000000	1.07229545959150
32.1000000000000	1.13825756538272
32.1250000000000	1.20013805408656
32.1500000000000	1.25766661785984
32.1750000000000	1.30974555880503
32.2000000000000	1.35775598143306
32.2250000000000	1.40150574965732
32.2500000000000	1.44089453069994
32.2750000000000	1.47610704415691
32.3000000000000	1.50736605647557
32.3250000000000	1.53492094058761
32.3500000000000	1.55907472088595
32.3750000000000	1.58007706191416
32.4000000000000	1.59823060180442
32.4250000000000	1.61312759883807
32.4500000000000	1.62599431053226
32.4750000000000	1.63688629597089
32.5000000000000	1.64726253509989
32.5250000000000	1.65531258599681
32.5500000000000	1.66143679651713
32.5750000000000	1.63262482626632
32.6000000000000	1.63501916403836
32.6250000000000	1.63532403989160
32.6500000000000	1.63630281769312
32.6750000000000	1.63557877018069
32.7000000000000	1.63325591461572
32.7250000000000	1.62812298471619
32.7500000000000	1.62385198629117
32.7750000000000	1.62916339058418
32.8000000000000	1.61971441792525
32.8250000000000	1.60641662588309
32.8500000000000	1.58456244140178
32.8750000000000	1.56912819535577
32.9000000000000	1.56158342664624
32.9250000000000	1.54271128661073
32.9500000000000	1.51899620426712
32.9750000000000	1.49442304130055
33	1.49058310479826
33.0250000000000	1.45447622496503
33.0500000000000	1.41746272724282
33.0750000000000	1.36919102332216
33.1000000000000	1.32051768940512
33.1250000000000	1.26569741199503
33.1500000000000	1.20878694066428
33.1750000000000	1.14640809997447
33.2000000000000	1.07948342876314
33.2250000000000	1.01159031642794
33.2500000000000	0.935622665383291
33.2750000000000	0.859774841557133
33.3000000000000	0.780604900567642
33.3250000000000	0.702582472121168
33.3500000000000	0.631167872227727
33.3750000000000	0.554191080289622
33.4000000000000	0.472394692726248
33.4250000000000	0.399957001181006
33.4500000000000	0.329829565907388
33.4750000000000	0.275547568853070
33.5000000000000	0.212441364783545
33.5250000000000	0.162852388479585
33.5500000000000	0.119602881035513
33.5750000000000	0.0643925964273630
33.6000000000000	0.0215153631700711
33.6250000000000	-0.0105357628336649
33.6500000000000	-0.0432114494585542
33.6750000000000	-0.0701109377220841
33.7000000000000	-0.0969496686889882
33.7250000000000	-0.102038998910925
33.7500000000000	-0.116518612894419
33.7750000000000	-0.130588346719346
33.8000000000000	-0.148364731055154
33.8250000000000	-0.155041683419041
33.8500000000000	-0.157891155024824
33.8750000000000	-0.151467982571915
33.9000000000000	-0.148877090434711
33.9250000000000	-0.142403366364011
33.9500000000000	-0.132886680557768
33.9750000000000	-0.120049984002549
34	-0.102363460665737
34.0250000000000	-0.0876664710377039
34.0500000000000	-0.0648692360334149
34.0750000000000	-0.0280340369381434
34.1000000000000	0.00254015044699358
34.1250000000000	0.0309886509951158
34.1500000000000	0.0808241917066526
34.1750000000000	0.111267003963044
34.2000000000000	0.162181052617173
34.2250000000000	0.228004689333363
34.2500000000000	0.284078422700582
34.2750000000000	0.348437246179514
34.3000000000000	0.415750640937087
34.3250000000000	0.493524689890739
34.3500000000000	0.567754380016550
34.3750000000000	0.645987115958550
34.4000000000000	0.725912461292782
34.4250000000000	0.803044956688672
34.4500000000000	0.878295458328366
34.4750000000000	0.952210826437716
34.5000000000000	1.02335727511185
34.5250000000000	1.09159761087892
34.5500000000000	1.15617304488594
34.5750000000000	1.21664506510767
34.6000000000000	1.27268583524253
34.6250000000000	1.32417832575602
34.6500000000000	1.37107091905352
34.6750000000000	1.41347024083783
34.7000000000000	1.45150489046014
34.7250000000000	1.48541925486974
34.7500000000000	1.51699127171197
34.7750000000000	1.54385188589230
34.8000000000000	1.56699598369458
34.8250000000000	1.58708462356921
34.8500000000000	1.60430598816420
34.8750000000000	1.61968923330535
34.9000000000000	1.63257206051880
34.9250000000000	1.64309197355142
34.9500000000000	1.61815343070265
34.9750000000000	1.62460246782928
35	1.62867412953598
35.0250000000000	1.63175129743122
35.0500000000000	1.63544411799690
35.0750000000000	1.63685515141847
35.1000000000000	1.63685024726522
35.1250000000000	1.63465230061373
35.1500000000000	1.63162450383914
35.1750000000000	1.63933389121555
35.2000000000000	1.63384188600969
35.2250000000000	1.62556209920400
35.2500000000000	1.61362320673640
35.2750000000000	1.59315352623008
35.3000000000000	1.58004648237896
35.3250000000000	1.57395061218284
35.3500000000000	1.55680743665298
35.3750000000000	1.53704582314438
35.4000000000000	1.54038726468400
35.4250000000000	1.51221866991854
35.4500000000000	1.48021858645782
35.4750000000000	1.44101513860516
35.5000000000000	1.40087902998560
35.5250000000000	1.35441077860566
35.5500000000000	1.30574404943162
35.5750000000000	1.25380427504202
35.6000000000000	1.20227134841492
35.6250000000000	1.13706969631252
35.6500000000000	1.06794149152170
35.6750000000000	0.995345047995131
35.7000000000000	0.919954308820471
35.7250000000000	0.839637082816668
35.7500000000000	0.763022875928123
35.7750000000000	0.683218360300936
35.8000000000000	0.604716181916172
35.8250000000000	0.534257405644541
35.8500000000000	0.451804857443512
35.8750000000000	0.380250995728035
35.9000000000000	0.312546477587137
35.9250000000000	0.258780582916365
35.9500000000000	0.209118443013210
35.9750000000000	0.147620142949155
36	0.106196770713065
36.0250000000000	0.0532374203122025
36.0500000000000	0.0177409300929059
36.0750000000000	-0.0142861533412814
36.1000000000000	-0.0512002530292081
36.1250000000000	-0.0771650334769328
36.1500000000000	-0.102875923405751
36.1750000000000	-0.106860855885881
36.2000000000000	-0.120284553526390
36.2250000000000	-0.132660441727032
36.2500000000000	-0.148725386094873
36.2750000000000	-0.154614278701718
36.3000000000000	-0.157355948472336
36.3250000000000	-0.156697052934333
36.3500000000000	-0.151887436581351
36.3750000000000	-0.138729566001876
36.4000000000000	-0.133267768521467
36.4250000000000	-0.119702297977572
36.4500000000000	-0.102528274197887
36.4750000000000	-0.0823446389878515
36.5000000000000	-0.0481409593966471
36.5250000000000	-0.0205877677851653
36.5500000000000	0.00174473638580896
36.5750000000000	0.0436960342574938
36.6000000000000	0.0854851794150714
36.6250000000000	0.131549881299769
36.6500000000000	0.179718581210727
36.6750000000000	0.243314366743797
36.7000000000000	0.300504657911716
36.7250000000000	0.366418361028884
36.7500000000000	0.440821313481965
36.7750000000000	0.513309908431913
36.8000000000000	0.592859551712271
36.8250000000000	0.668859862538740
36.8500000000000	0.745319242442821
36.8750000000000	0.823484770647687
36.9000000000000	0.899482311880926
36.9250000000000	0.973199136696127
36.9500000000000	1.04593884092891
36.9750000000000	1.11377235550079
37	1.17754285102896
37.0250000000000	1.23683862697403
37.0500000000000	1.29165851650631
37.0750000000000	1.34182056508768
37.1000000000000	1.38742725569405
37.1250000000000	1.42851997356934
37.1500000000000	1.46533735256196
37.1750000000000	1.49805224236784
37.2000000000000	1.52698405814328
37.2250000000000	1.55235547331570
37.2500000000000	1.54074186337968
37.2750000000000	1.55955675548070
37.3000000000000	1.57601291838568
37.3250000000000	1.59004786971329
37.3500000000000	1.60194219171230
37.3750000000000	1.61076059824565
37.4000000000000	1.61834650959674
37.4250000000000	1.62442281551098
37.4500000000000	1.63068876770518
37.4750000000000	1.63447537826980
37.5000000000000	1.63674292580852
37.5250000000000	1.63678364068351
37.5500000000000	1.63502851825990
37.5750000000000	1.63422875747416
37.6000000000000	1.64312850649622
37.6250000000000	1.63743037919125
37.6500000000000	1.63222439383364
37.6750000000000	1.61014929927515
37.7000000000000	1.60063567365415
37.7250000000000	1.59077138863298
37.7500000000000	1.58586301829038
37.7750000000000	1.56928468483668
37.8000000000000	1.55208078726491
37.8250000000000	1.55906799621671
37.8500000000000	1.53258576964781
37.8750000000000	1.50572478202146
37.9000000000000	1.46895761460181
37.9250000000000	1.43071058275462
37.9500000000000	1.39022491140582
37.9750000000000	1.34644020370037
38	1.30431577214135
38.0250000000000	1.24725131415004
38.0500000000000	1.18473717026077
38.0750000000000	1.11894362929521
38.1000000000000	1.04926816374873
38.1250000000000	0.975843405691603
38.1500000000000	0.899992334572013
38.1750000000000	0.821433534404836
38.2000000000000	0.742532125216299
38.2250000000000	0.664622038280862
38.2500000000000	0.585015958548101
38.2750000000000	0.514637469254828
38.3000000000000	0.440794773830561
38.3250000000000	0.362255474277321
38.3500000000000	0.295935678591515
38.3750000000000	0.243658648901906
38.4000000000000	0.194813953151378
38.4250000000000	0.134651080734760
38.4500000000000	0.0921932154155081
38.4750000000000	0.0460088518313327
38.5000000000000	0.00926892986122142
38.5250000000000	-0.0223626440335685
38.5500000000000	-0.0582970610052501
38.5750000000000	-0.0831911128420709
38.6000000000000	-0.108680518773444
38.6250000000000	-0.111290083400824
38.6500000000000	-0.125586942433047
38.6750000000000	-0.133619060641684
38.7000000000000	-0.142487203396069
38.7250000000000	-0.154608321789637
38.7500000000000	-0.156028518458615
38.7750000000000	-0.155304812212419
38.8000000000000	-0.150434675077915
38.8250000000000	-0.142595415595924
38.8500000000000	-0.131300450891331
38.8750000000000	-0.116738792455165
38.9000000000000	-0.0968521258316537
38.9250000000000	-0.0666213777402468
38.9500000000000	-0.0419735208925868
38.9750000000000	-0.0238802619427654
39	0.0131738589011470
39.0250000000000	0.0602940594892088
39.0500000000000	0.0996701139082336
39.0750000000000	0.143705481792363
39.1000000000000	0.201624683139002
39.1250000000000	0.254515188846912
39.1500000000000	0.316906707273490
39.1750000000000	0.388055434407581
39.2000000000000	0.458219500015630
39.2250000000000	0.536234517029155
39.2500000000000	0.610805234417219
39.2750000000000	0.688595073677611
39.3000000000000	0.768058408038819
39.3250000000000	0.844963380467345
39.3500000000000	0.894125888774629
39.3750000000000	0.965410111128952
39.4000000000000	1.03435261405966
39.4250000000000	1.09976623805616
39.4500000000000	1.16150018310512
39.4750000000000	1.21883498329193
39.5000000000000	1.27192800968947
39.5250000000000	1.31937724595186
39.5500000000000	1.36306783548961
39.5750000000000	1.40258051225013
39.6000000000000	1.43811473943304
39.6250000000000	1.46964255696807
39.6500000000000	1.49762068326294
39.6750000000000	1.52208925389076
39.7000000000000	1.54354324334992
39.7250000000000	1.56202249461619
39.7500000000000	1.57797655633016
39.7750000000000	1.59146769950604
39.8000000000000	1.60282150060773
39.8250000000000	1.61379760301923
39.8500000000000	1.62197038677190
39.8750000000000	1.62793087931762
39.9000000000000	1.63265143366876
39.9250000000000	1.63494701005055
39.9500000000000	1.63555421182630
39.9750000000000	1.63693103165045
40	1.64829995091782
